C0	 {{32,6,4,45,40,2,9}}
0,1: (36, 187)
0,2: (49, 246)
0,3: (90, 433)
0,4: (186, 630)
0,5: (226, 733)
0,6: (274, 838)
1,2: (13, 59)
1,3: (54, 246)
1,4: (150, 443)
1,5: (190, 546)
1,6: (238, 651)
2,3: (41, 187)
2,4: (137, 384)
2,5: (177, 487)
2,6: (225, 592)
3,4: (96, 197)
3,5: (136, 300)
3,6: (184, 405)
4,5: (40, 103)
4,6: (88, 208)
5,6: (48, 105)
tid: [59, 12, 38, 98, 24, 13, 3, 5, 0, 43, 70, 60, 7, 96, 65, 19, 45, 81, 56, 76, 4, 90, 82, 63, 34, 57, 20, 6, 2, 48, 54, 50, 62, 89, 73, 36, 15, 49, 71, 18, 85, 27, 10, 99, 58, 32, 26, 37, 14, 86
C1	 {{42,39,20,7,34,21,38,16,11}}
0,1: (11, 170)
0,2: (14, 337)
0,3: (45, 445)
0,4: (49, 641)
0,5: (63, 702)
0,6: (78, 845)
0,7: (174, 1107)
0,8: (181, 1150)
1,2: (3, 167)
1,3: (34, 275)
1,4: (38, 471)
1,5: (52, 532)
1,6: (67, 675)
1,7: (163, 937)
1,8: (170, 980)
2,3: (31, 108)
2,4: (35, 304)
2,5: (49, 365)
2,6: (64, 508)
2,7: (160, 770)
2,8: (167, 813)
3,4: (4, 196)
3,5: (18, 257)
3,6: (33, 400)
3,7: (129, 662)
3,8: (136, 705)
4,5: (14, 61)
4,6: (29, 204)
4,7: (125, 466)
4,8: (132, 509)
5,6: (15, 143)
5,7: (111, 405)
5,8: (118, 448)
6,7: (96, 262)
6,8: (103, 305)
7,8: (7, 43)
tid: [38, 52, 4, 28, 73, 54, 68, 50, 37, 42, 24, 51, 48, 58, 43, 83, 86, 22, 34, 61, 2, 9, 10, 32, 78, 46, 25, 36, 8, 77, 64, 11, 21, 97, 69, 57, 85, 30, 89, 41, 26, 14, 94, 95, 31, 79, 91, 82, 13, 55
C2	 {{23,27,26,20,1,47,44,17}}
0,1: (14, 67)
0,2: (31, 162)
0,3: (33, 210)
0,4: (113, 436)
0,5: (167, 587)
0,6: (251, 713)
0,7: (321, 911)
1,2: (17, 95)
1,3: (19, 143)
1,4: (99, 369)
1,5: (153, 520)
1,6: (237, 646)
1,7: (307, 844)
2,3: (2, 48)
2,4: (82, 274)
2,5: (136, 425)
2,6: (220, 551)
2,7: (290, 749)
3,4: (80, 226)
3,5: (134, 377)
3,6: (218, 503)
3,7: (288, 701)
4,5: (54, 151)
4,6: (138, 277)
4,7: (208, 475)
5,6: (84, 126)
5,7: (154, 324)
6,7: (70, 198)
tid: [92, 1, 57, 88, 11, 8, 71, 56, 31, 74, 55, 96, 54, 72, 10, 81, 41, 89, 20, 82, 47, 3, 40, 30, 12, 84, 61, 29, 13, 64, 87, 78, 6, 69, 22, 70, 77, 36, 94, 2, 35, 65, 63, 76, 95, 73, 75, 44, 42, 97, 83, 32, 33
C3	 {{27,22,44,22,46,30,27}}
0,1: (81, 217)
0,2: (165, 372)
0,3: (224, 472)
0,4: (266, 643)
0,5: (353, 928)
0,6: (447, 1113)
1,2: (84, 155)
1,3: (143, 255)
1,4: (185, 426)
1,5: (272, 711)
1,6: (366, 896)
2,3: (59, 100)
2,4: (101, 271)
2,5: (188, 556)
2,6: (282, 741)
3,4: (42, 171)
3,5: (129, 456)
3,6: (223, 641)
4,5: (87, 285)
4,6: (181, 470)
5,6: (94, 185)
tid: [14, 85, 96, 20, 98, 4, 0, 31, 27, 28, 88, 74, 75, 95, 33, 52, 26, 29, 7, 23, 62, 72, 1, 91, 99, 5, 54, 93, 16, 35, 41, 73, 42, 49, 56, 66, 55, 65, 53, 11, 38, 48, 30, 24, 89, 6, 18, 90, 61, 12, 37, 69, 46, 36, 84, 92, 87
C4	 {{39,10,37,7,25,6,39,6,33,5}}
0,1: (58, 217)
0,2: (118, 373)
0,3: (215, 508)
0,4: (300, 737)
0,5: (338, 807)
0,6: (383, 923)
0,7: (417, 1081)
0,8: (497, 1299)
0,9: (530, 1407)
1,2: (60, 156)
1,3: (157, 291)
1,4: (242, 520)
1,5: (280, 590)
1,6: (325, 706)
1,7: (359, 864)
1,8: (439, 1082)
1,9: (472, 1190)
2,3: (97, 135)
2,4: (182, 364)
2,5: (220, 434)
2,6: (265, 550)
2,7: (299, 708)
2,8: (379, 926)
2,9: (412, 1034)
3,4: (85, 229)
3,5: (123, 299)
3,6: (168, 415)
3,7: (202, 573)
3,8: (282, 791)
3,9: (315, 899)
4,5: (38, 70)
4,6: (83, 186)
4,7: (117, 344)
4,8: (197, 562)
4,9: (230, 670)
5,6: (45, 116)
5,7: (79, 274)
5,8: (159, 492)
5,9: (192, 600)
6,7: (34, 158)
6,8: (114, 376)
6,9: (147, 484)
7,8: (80, 218)
7,9: (113, 326)
8,9: (33, 108)
tid: [91, 73, 61, 38, 43, 32, 92, 34, 79, 46, 60, 76, 83, 71, 51, 57, 31, 39, 7, 19, 20, 50, 62, 40, 94, 13, 24, 68, 96, 49, 0, 53, 44, 47, 65, 54, 89, 8, 56, 10, 25, 86, 12, 37, 67, 85, 27, 48, 3, 21, 5, 17
C5	 {{17,12,19,12,17,4,17,15}}
0,1: (67, 225)
0,2: (132, 414)
0,3: (216, 502)
0,4: (244, 553)
0,5: (339, 770)
0,6: (426, 864)
0,7: (498, 986)
1,2: (65, 189)
1,3: (149, 277)
1,4: (177, 328)
1,5: (272, 545)
1,6: (359, 639)
1,7: (431, 761)
2,3: (84, 88)
2,4: (112, 139)
2,5: (207, 356)
2,6: (294, 450)
2,7: (366, 572)
3,4: (28, 51)
3,5: (123, 268)
3,6: (210, 362)
3,7: (282, 484)
4,5: (95, 217)
4,6: (182, 311)
4,7: (254, 433)
5,6: (87, 94)
5,7: (159, 216)
6,7: (72, 122)
tid: [92, 51, 44, 24, 66, 38, 36, 43, 34, 46, 7, 0, 55, 20, 14, 90, 53, 58, 11, 81, 8, 6, 79, 13, 19, 76, 26, 21, 59, 87, 29, 74, 16, 12, 75, 68, 10, 83, 37, 33, 31, 61, 77, 27, 67, 57, 1, 42, 50, 40, 4, 69, 54, 97
C6	 {{4,43,43,48,6,0,13}}
0,1: (89, 239)
0,2: (121, 446)
0,3: (157, 528)
0,4: (187, 723)
0,5: (243, 821)
0,6: (274, 985)
1,2: (32, 207)
1,3: (68, 289)
1,4: (98, 484)
1,5: (154, 582)
1,6: (185, 746)
2,3: (36, 82)
2,4: (66, 277)
2,5: (122, 375)
2,6: (153, 539)
3,4: (30, 195)
3,5: (86, 293)
3,6: (117, 457)
4,5: (56, 98)
4,6: (87, 262)
5,6: (31, 164)
tid: [69, 80, 3, 30, 16, 8, 79, 77, 53, 57, 26, 4, 11, 92, 71, 1, 88, 75, 97, 89, 24, 78, 21, 91, 22, 42, 62, 36, 63, 50, 40, 87, 6, 66, 99, 65, 44, 46, 59, 51, 10, 31, 83, 82, 68, 70, 20, 47, 61, 13, 39, 64
C7	 {{39,13,7,1,15,47,24,45,13}}
0,1: (26, 219)
0,2: (64, 305)
0,3: (103, 514)
0,4: (191, 761)
0,5: (246, 957)
0,6: (339, 1051)
0,7: (430, 1283)
0,8: (478, 1375)
1,2: (38, 86)
1,3: (77, 295)
1,4: (165, 542)
1,5: (220, 738)
1,6: (313, 832)
1,7: (404, 1064)
1,8: (452, 1156)
2,3: (39, 209)
2,4: (127, 456)
2,5: (182, 652)
2,6: (275, 746)
2,7: (366, 978)
2,8: (414, 1070)
3,4: (88, 247)
3,5: (143, 443)
3,6: (236, 537)
3,7: (327, 769)
3,8: (375, 861)
4,5: (55, 196)
4,6: (148, 290)
4,7: (239, 522)
4,8: (287, 614)
5,6: (93, 94)
5,7: (184, 326)
5,8: (232, 418)
6,7: (91, 232)
6,8: (139, 324)
7,8: (48, 92)
tid: [89, 90, 98, 33, 86, 12, 65, 81, 57, 18, 63, 70, 84, 94, 36, 27, 23, 24, 91, 38, 77, 71, 74, 6, 9, 76, 32, 42, 44, 46, 69, 1, 72, 45, 59, 99, 31, 62, 92, 68, 35, 8, 96, 64, 19, 82, 41, 14, 93, 61, 60, 48
C8	 {{40,2,43,26,23,43,7,43}}
0,1: (16, 65)
0,2: (84, 312)
0,3: (90, 471)
0,4: (134, 706)
0,5: (161, 814)
0,6: (238, 915)
0,7: (300, 1001)
1,2: (68, 247)
1,3: (74, 406)
1,4: (118, 641)
1,5: (145, 749)
1,6: (222, 850)
1,7: (284, 936)
2,3: (6, 159)
2,4: (50, 394)
2,5: (77, 502)
2,6: (154, 603)
2,7: (216, 689)
3,4: (44, 235)
3,5: (71, 343)
3,6: (148, 444)
3,7: (210, 530)
4,5: (27, 108)
4,6: (104, 209)
4,7: (166, 295)
5,6: (77, 101)
5,7: (139, 187)
6,7: (62, 86)
tid: [88, 30, 52, 64, 16, 89, 19, 87, 99, 59, 68, 3, 0, 60, 21, 28, 47, 46, 97, 76, 14, 57, 62, 17, 12, 25, 98, 63, 54, 18, 70, 33, 82, 48, 67, 49, 74, 72, 45, 27, 78, 23, 37, 4, 40, 35, 31, 2, 42, 38, 20, 32, 36, 6, 44, 7, 79, 83, 71
C9	 {{1,49,6,3,34,41,19}}
0,1: (92, 190)
0,2: (162, 315)
0,3: (254, 496)
0,4: (269, 670)
0,5: (297, 840)
0,6: (314, 966)
1,2: (70, 125)
1,3: (162, 306)
1,4: (177, 480)
1,5: (205, 650)
1,6: (222, 776)
2,3: (92, 181)
2,4: (107, 355)
2,5: (135, 525)
2,6: (152, 651)
3,4: (15, 174)
3,5: (43, 344)
3,6: (60, 470)
4,5: (28, 170)
4,6: (45, 296)
5,6: (17, 126)
tid: [17, 72, 14, 81, 86, 39, 67, 11, 0, 52, 13, 63, 68, 22, 33, 90, 87, 40, 62, 75, 26, 46, 55, 99, 50, 60, 59, 43, 64, 44, 1, 34, 6, 84, 69, 30, 2, 37, 66, 24, 57, 41, 51, 36, 82, 35, 32, 47, 9, 42, 8, 98, 58, 70, 94, 71, 23, 56, 29, 45, 7, 19, 91, 53
C10	 {{11,11,25,40,17,47,35,40}}
0,1: (83, 158)
0,2: (167, 360)
0,3: (251, 578)
0,4: (335, 764)
0,5: (373, 832)
0,6: (466, 1118)
0,7: (488, 1257)
1,2: (84, 202)
1,3: (168, 420)
1,4: (252, 606)
1,5: (290, 674)
1,6: (383, 960)
1,7: (405, 1099)
2,3: (84, 218)
2,4: (168, 404)
2,5: (206, 472)
2,6: (299, 758)
2,7: (321, 897)
3,4: (84, 186)
3,5: (122, 254)
3,6: (215, 540)
3,7: (237, 679)
4,5: (38, 68)
4,6: (131, 354)
4,7: (153, 493)
5,6: (93, 286)
5,7: (115, 425)
6,7: (22, 139)
tid: [24, 1, 7, 71, 73, 6, 60, 52, 16, 0, 61, 74, 98, 48, 49, 41, 27, 91, 21, 19, 85, 39, 13, 81, 76, 94, 11, 46, 88, 10, 12, 84, 5, 58, 25, 9, 62, 47, 20, 53, 34, 57, 97, 2, 31, 56, 36, 79, 59, 17, 65, 99, 90, 83, 51
C11	 {{38,35,27,14,8,33,12,30}}
0,1: (79, 114)
0,2: (150, 259)
0,3: (187, 414)
0,4: (203, 471)
0,5: (277, 719)
0,6: (298, 865)
0,7: (339, 1033)
1,2: (71, 145)
1,3: (108, 300)
1,4: (124, 357)
1,5: (198, 605)
1,6: (219, 751)
1,7: (260, 919)
2,3: (37, 155)
2,4: (53, 212)
2,5: (127, 460)
2,6: (148, 606)
2,7: (189, 774)
3,4: (16, 57)
3,5: (90, 305)
3,6: (111, 451)
3,7: (152, 619)
4,5: (74, 248)
4,6: (95, 394)
4,7: (136, 562)
5,6: (21, 146)
5,7: (62, 314)
6,7: (41, 168)
tid: [78, 25, 91, 5, 83, 80, 54, 77, 51, 64, 59, 62, 90, 36, 95, 57, 72, 47, 17, 88, 98, 92, 27, 96, 42, 4, 26, 73, 44, 74, 99, 94, 19, 20, 38, 97, 33, 56, 28, 14, 34, 70, 53, 49, 29, 81, 60, 52, 43, 89
C12	 {{37,31,26,22,13,47,19}}
0,1: (67, 154)
0,2: (141, 247)
0,3: (195, 473)
0,4: (200, 652)
0,5: (202, 814)
0,6: (207, 1017)
1,2: (74, 93)
1,3: (128, 319)
1,4: (133, 498)
1,5: (135, 660)
1,6: (140, 863)
2,3: (54, 226)
2,4: (59, 405)
2,5: (61, 567)
2,6: (66, 770)
3,4: (5, 179)
3,5: (7, 341)
3,6: (12, 544)
4,5: (2, 162)
4,6: (7, 365)
5,6: (5, 203)
tid: [1, 82, 57, 13, 17, 66, 72, 15, 30, 46, 53, 91, 40, 78, 5, 3, 73, 35, 75, 87, 77, 38, 32, 18, 31, 83, 42, 29, 12, 39, 9, 16, 36, 55, 27, 49, 61, 4, 93, 76, 81, 88, 22, 56, 20, 23, 7, 98, 24, 96, 51, 2, 74, 28, 86, 63
C13	 {{12,22,5,3,41,49,29,15}}
0,1: (21, 190)
0,2: (89, 377)
0,3: (90, 451)
0,4: (115, 537)
0,5: (195, 620)
0,6: (233, 726)
0,7: (245, 920)
1,2: (68, 187)
1,3: (69, 261)
1,4: (94, 347)
1,5: (174, 430)
1,6: (212, 536)
1,7: (224, 730)
2,3: (1, 74)
2,4: (26, 160)
2,5: (106, 243)
2,6: (144, 349)
2,7: (156, 543)
3,4: (25, 86)
3,5: (105, 169)
3,6: (143, 275)
3,7: (155, 469)
4,5: (80, 83)
4,6: (118, 189)
4,7: (130, 383)
5,6: (38, 106)
5,7: (50, 300)
6,7: (12, 194)
tid: [0, 38, 48, 35, 14, 98, 65, 53, 88, 22, 13, 79, 83, 6, 23, 76, 29, 63, 50, 73, 96, 71, 19, 17, 12, 92, 37, 72, 2, 78, 25, 47, 15, 58, 55, 45, 93, 62, 51, 42, 91, 66, 8, 69, 44, 54, 43, 18, 24, 16
C14	 {{45,31,24,47,33,37,31,25,40}}
0,1: (91, 217)
0,2: (160, 479)
0,3: (231, 657)
0,4: (256, 760)
0,5: (323, 879)
0,6: (335, 941)
0,7: (403, 1034)
0,8: (445, 1256)
1,2: (69, 262)
1,3: (140, 440)
1,4: (165, 543)
1,5: (232, 662)
1,6: (244, 724)
1,7: (312, 817)
1,8: (354, 1039)
2,3: (71, 178)
2,4: (96, 281)
2,5: (163, 400)
2,6: (175, 462)
2,7: (243, 555)
2,8: (285, 777)
3,4: (25, 103)
3,5: (92, 222)
3,6: (104, 284)
3,7: (172, 377)
3,8: (214, 599)
4,5: (67, 119)
4,6: (79, 181)
4,7: (147, 274)
4,8: (189, 496)
5,6: (12, 62)
5,7: (80, 155)
5,8: (122, 377)
6,7: (68, 93)
6,8: (110, 315)
7,8: (42, 222)
tid: [17, 81, 8, 85, 31, 24, 45, 82, 53, 97, 49, 69, 29, 72, 98, 86, 44, 77, 84, 56, 75, 48, 59, 57, 39, 12, 78, 94, 47, 19, 38, 92, 73, 16, 28, 11, 87, 50, 93, 9, 62, 67, 22, 95, 60, 18, 25, 37, 58, 55
C15	 {{8,22,30,22,13,38}}
0,1: (-77, 193)
0,2: (-45, 338)
0,3: (-121, 245)
0,4: (90, 274)
0,5: (165, 436)
1,2: (-54, 231)
1,3: (-130, 138)
1,4: (81, 167)
1,5: (156, 329)
2,3: (-275, 106)
2,4: (-64, 135)
2,5: (98, 210)
3,4: (29, 211)
3,5: (104, 373)
4,5: (75, 162)
tid: [1, 37, 13, 50, 11, 51, 19, 22, 69, 80, 15, 32, 36, 39, 56, 27, 76, 26, 63, 77, 82, 71, 8, 17, 9, 96, 41, 53, 34, 83, 0, 38, 79, 92, 46, 6, 84, 64, 68, 35, 66, 44, 16, 67, 52, 75, 47, 86, 87, 29, 10, 20
C16	 {{35,26,1,34,4,17,48,10}}
0,1: (11, 99)
0,2: (106, 386)
0,3: (151, 499)
0,4: (196, 663)
0,5: (232, 723)
0,6: (330, 948)
0,7: (421, 1120)
1,2: (95, 287)
1,3: (140, 400)
1,4: (185, 564)
1,5: (221, 624)
1,6: (319, 849)
1,7: (410, 1021)
2,3: (45, 113)
2,4: (90, 277)
2,5: (126, 337)
2,6: (224, 562)
2,7: (315, 734)
3,4: (45, 164)
3,5: (81, 224)
3,6: (179, 449)
3,7: (270, 621)
4,5: (36, 60)
4,6: (134, 285)
4,7: (225, 457)
5,6: (98, 225)
5,7: (189, 397)
6,7: (91, 172)
tid: [74, 2, 68, 96, 64, 5, 13, 98, 27, 70, 17, 10, 53, 59, 28, 61, 11, 21, 66, 82, 60, 62, 52, 43, 87, 29, 69, 92, 95, 86, 51, 65, 94, 72, 93, 91, 48, 41, 71, 79, 81, 14, 76, 38, 47, 89, 26, 7, 12, 63, 39, 20, 97, 85, 32, 99, 56, 84, 30, 88, 78, 15, 67, 19, 31, 44, 0, 58
C17	 {{3,2,11,21,3,10,13}}
0,1: (96, 193)
0,2: (113, 367)
0,3: (198, 593)
0,4: (248, 683)
0,5: (330, 836)
0,6: (333, 949)
1,2: (17, 174)
1,3: (102, 400)
1,4: (152, 490)
1,5: (234, 643)
1,6: (237, 756)
2,3: (85, 226)
2,4: (135, 316)
2,5: (217, 469)
2,6: (220, 582)
3,4: (50, 90)
3,5: (132, 243)
3,6: (135, 356)
4,5: (82, 153)
4,6: (85, 266)
5,6: (3, 113)
tid: [55, 93, 15, 17, 40, 27, 5, 91, 66, 76, 99, 58, 98, 9, 20, 30, 13, 56, 64, 70, 16, 71, 68, 42, 45, 21, 65, 75, 35, 10, 84, 7, 43, 22, 25, 77, 0, 87, 1, 86, 73, 62, 89, 8, 39, 23, 96, 46, 37, 19
C18	 {{15,27,42,12,19,15,7,48,40}}
0,1: (52, 64)
0,2: (107, 216)
0,3: (192, 455)
0,4: (234, 696)
0,5: (285, 869)
0,6: (362, 1046)
0,7: (397, 1228)
0,8: (469, 1483)
1,2: (55, 152)
1,3: (140, 391)
1,4: (182, 632)
1,5: (233, 805)
1,6: (310, 982)
1,7: (345, 1164)
1,8: (417, 1419)
2,3: (85, 239)
2,4: (127, 480)
2,5: (178, 653)
2,6: (255, 830)
2,7: (290, 1012)
2,8: (362, 1267)
3,4: (42, 241)
3,5: (93, 414)
3,6: (170, 591)
3,7: (205, 773)
3,8: (277, 1028)
4,5: (51, 173)
4,6: (128, 350)
4,7: (163, 532)
4,8: (235, 787)
5,6: (77, 177)
5,7: (112, 359)
5,8: (184, 614)
6,7: (35, 182)
6,8: (107, 437)
7,8: (72, 255)
tid: [32, 4, 6, 89, 13, 68, 42, 79, 74, 86, 34, 62, 54, 48, 31, 51, 55, 36, 24, 0, 93, 82, 38, 71, 67, 75, 97, 33, 1, 37, 66, 58, 96, 14, 61, 18, 81, 39, 27, 3, 47, 30, 94, 28, 2, 8, 20, 98, 46, 99, 53, 49, 7, 23, 43, 21, 95, 44, 90, 11, 77, 29, 19, 78, 5, 35, 17, 41, 57, 65, 45, 12, 80, 92, 60, 16, 84, 72, 26, 40
C19	 {{33,30,42,39,46,17,47,20}}
0,1: (84, 269)
0,2: (124, 326)
0,3: (126, 474)
0,4: (192, 599)
0,5: (210, 781)
0,6: (228, 897)
0,7: (312, 1043)
1,2: (40, 57)
1,3: (42, 205)
1,4: (108, 330)
1,5: (126, 512)
1,6: (144, 628)
1,7: (228, 774)
2,3: (2, 148)
2,4: (68, 273)
2,5: (86, 455)
2,6: (104, 571)
2,7: (188, 717)
3,4: (66, 125)
3,5: (84, 307)
3,6: (102, 423)
3,7: (186, 569)
4,5: (18, 182)
4,6: (36, 298)
4,7: (120, 444)
5,6: (18, 116)
5,7: (102, 262)
6,7: (84, 146)
tid: [42, 31, 51, 94, 99, 69, 66, 89, 64, 10, 91, 15, 57, 87, 58, 45, 67, 80, 19, 34, 74, 7, 81, 48, 83, 82, 61, 0, 88, 16, 39, 44, 2, 68, 76, 59, 60, 3, 73, 97, 71, 98, 35, 38, 47, 4, 28, 50, 23, 95, 33, 75, 41, 12, 30, 96, 18, 17, 29
C20	 {{39,7,41,29,2,30,26,39}}
0,1: (23, 186)
0,2: (117, 327)
0,3: (193, 440)
0,4: (242, 621)
0,5: (293, 821)
0,6: (385, 941)
0,7: (418, 1123)
1,2: (94, 141)
1,3: (170, 254)
1,4: (219, 435)
1,5: (270, 635)
1,6: (362, 755)
1,7: (395, 937)
2,3: (76, 113)
2,4: (125, 294)
2,5: (176, 494)
2,6: (268, 614)
2,7: (301, 796)
3,4: (49, 181)
3,5: (100, 381)
3,6: (192, 501)
3,7: (225, 683)
4,5: (51, 200)
4,6: (143, 320)
4,7: (176, 502)
5,6: (92, 120)
5,7: (125, 302)
6,7: (33, 182)
tid: [80, 37, 53, 59, 18, 28, 42, 38, 64, 56, 58, 8, 44, 27, 98, 68, 47, 9, 10, 88, 31, 78, 96, 60, 76, 2, 19, 99, 63, 81, 5, 11, 57, 24, 66, 26, 93, 43, 25, 51, 65, 22, 1, 83, 73, 84, 55, 72, 94, 39
C21	 {{46,44,24,19,26,12,15}}
0,1: (87, 215)
0,2: (110, 331)
0,3: (117, 444)
0,4: (135, 618)
0,5: (138, 709)
0,6: (200, 786)
1,2: (23, 116)
1,3: (30, 229)
1,4: (48, 403)
1,5: (51, 494)
1,6: (113, 571)
2,3: (7, 113)
2,4: (25, 287)
2,5: (28, 378)
2,6: (90, 455)
3,4: (18, 174)
3,5: (21, 265)
3,6: (83, 342)
4,5: (3, 91)
4,6: (65, 168)
5,6: (62, 77)
tid: [22, 35, 3, 19, 52, 17, 26, 32, 91, 50, 20, 59, 7, 33, 43, 39, 15, 80, 47, 41, 10, 34, 12, 93, 23, 53, 92, 45, 21, 4, 76, 51, 5, 70, 68, 69, 42, 94, 64, 84, 95, 28, 63, 71, 18, 55, 83, 13, 49, 78, 81, 11, 46, 6, 65, 87, 86, 29
C22	 {{4,41,4,46,44,28,12,43}}
0,1: (28, 225)
0,2: (48, 427)
0,3: (99, 482)
0,4: (129, 535)
0,5: (157, 619)
0,6: (207, 742)
0,7: (265, 818)
1,2: (20, 202)
1,3: (71, 257)
1,4: (101, 310)
1,5: (129, 394)
1,6: (179, 517)
1,7: (237, 593)
2,3: (51, 55)
2,4: (81, 108)
2,5: (109, 192)
2,6: (159, 315)
2,7: (217, 391)
3,4: (30, 53)
3,5: (58, 137)
3,6: (108, 260)
3,7: (166, 336)
4,5: (28, 84)
4,6: (78, 207)
4,7: (136, 283)
5,6: (50, 123)
5,7: (108, 199)
6,7: (58, 76)
tid: [86, 9, 53, 64, 12, 93, 68, 80, 98, 6, 51, 79, 65, 50, 1, 42, 45, 13, 22, 36, 92, 97, 15, 57, 16, 76, 26, 2, 56, 25, 0, 91, 10, 19, 60, 99, 18, 81, 74, 62, 95, 32, 21, 96, 27, 61, 87, 35, 30, 4, 3, 44, 54
C23	 {{22,36,3,39,16,27,30,19}}
0,1: (84, 136)
0,2: (110, 179)
0,3: (185, 302)
0,4: (223, 525)
0,5: (315, 709)
0,6: (410, 990)
0,7: (456, 1128)
1,2: (26, 43)
1,3: (101, 166)
1,4: (139, 389)
1,5: (231, 573)
1,6: (326, 854)
1,7: (372, 992)
2,3: (75, 123)
2,4: (113, 346)
2,5: (205, 530)
2,6: (300, 811)
2,7: (346, 949)
3,4: (38, 223)
3,5: (130, 407)
3,6: (225, 688)
3,7: (271, 826)
4,5: (92, 184)
4,6: (187, 465)
4,7: (233, 603)
5,6: (95, 281)
5,7: (141, 419)
6,7: (46, 138)
tid: [18, 8, 31, 65, 11, 40, 86, 78, 50, 51, 93, 35, 99, 84, 5, 96, 28, 13, 73, 6, 85, 79, 16, 0, 94, 37, 44, 70, 63, 34, 80, 23, 91, 82, 97, 49, 3, 83, 45, 75, 2, 39, 52, 10, 4, 30, 36, 60, 41, 53
C24	 {{13,11,49,5,34,4,42,36}}
0,1: (63, 80)
0,2: (68, 176)
0,3: (136, 292)
0,4: (219, 440)
0,5: (235, 652)
0,6: (328, 791)
0,7: (353, 820)
1,2: (5, 96)
1,3: (73, 212)
1,4: (156, 360)
1,5: (172, 572)
1,6: (265, 711)
1,7: (290, 740)
2,3: (68, 116)
2,4: (151, 264)
2,5: (167, 476)
2,6: (260, 615)
2,7: (285, 644)
3,4: (83, 148)
3,5: (99, 360)
3,6: (192, 499)
3,7: (217, 528)
4,5: (16, 212)
4,6: (109, 351)
4,7: (134, 380)
5,6: (93, 139)
5,7: (118, 168)
6,7: (25, 29)
tid: [42, 11, 85, 77, 71, 36, 19, 41, 17, 94, 91, 48, 13, 50, 63, 84, 93, 31, 73, 5, 68, 25, 64, 89, 86, 9, 58, 92, 45, 26, 52, 35, 37, 33, 55, 10, 51, 43, 18, 69, 30, 21, 2, 97, 3, 81, 14, 88, 6, 34, 27
C25	 {{15,17,24,44,43,29}}
0,1: (57, 212)
0,2: (-114, 148)
0,3: (39, 143)
0,4: (116, 241)
0,5: (-91, 257)
1,2: (-201, 91)
1,3: (-69, 86)
1,4: (29, 184)
1,5: (-178, 200)
2,3: (-5, 153)
2,4: (93, 230)
2,5: (23, 109)
3,4: (77, 98)
3,5: (-130, 114)
4,5: (-207, 16)
tid: [88, 18, 79, 56, 81, 28, 71, 9, 98, 12, 25, 11, 34, 13, 97, 24, 4, 55, 0, 53, 32, 3, 16, 44, 8, 29, 89, 39, 43, 15, 72, 91, 40, 21, 61, 6, 95, 35, 86, 38, 23, 76, 5, 26, 33, 27, 67, 45, 48, 68, 22, 31, 87
C26	 {{11,30,18,10,33,49,21}}
0,1: (21, 21)
0,2: (105, 235)
0,3: (106, 238)
0,4: (159, 352)
0,5: (189, 395)
0,6: (281, 658)
1,2: (84, 214)
1,3: (85, 217)
1,4: (138, 331)
1,5: (168, 374)
1,6: (260, 637)
2,3: (1, 3)
2,4: (54, 117)
2,5: (84, 160)
2,6: (176, 423)
3,4: (53, 114)
3,5: (83, 157)
3,6: (175, 420)
4,5: (30, 43)
4,6: (122, 306)
5,6: (92, 263)
tid: [77, 90, 18, 27, 63, 95, 47, 55, 84, 37, 53, 48, 29, 51, 2, 14, 74, 73, 9, 91, 21, 68, 88, 59, 82, 20, 30, 12, 13, 26, 35, 98, 65, 70, 33, 36, 34, 38, 62, 24, 50, 1, 92, 83, 99, 79, 49, 80, 46, 43, 75, 89, 25, 6, 40, 87
C27	 {{42,14,36,48,27,41,21}}
0,1: (84, 127)
0,2: (157, 280)
0,3: (168, 408)
0,4: (182, 451)
0,5: (197, 602)
0,6: (206, 758)
1,2: (73, 153)
1,3: (84, 281)
1,4: (98, 324)
1,5: (113, 475)
1,6: (122, 631)
2,3: (11, 128)
2,4: (25, 171)
2,5: (40, 322)
2,6: (49, 478)
3,4: (14, 43)
3,5: (29, 194)
3,6: (38, 350)
4,5: (15, 151)
4,6: (24, 307)
5,6: (9, 156)
tid: [2, 90, 77, 24, 18, 45, 28, 10, 53, 74, 81, 71, 3, 48, 27, 86, 37, 15, 32, 96, 93, 61, 66, 25, 43, 1, 84, 85, 8, 7, 33, 52, 76, 82, 17, 12, 55, 23, 22, 35, 57, 16, 44, 68, 20, 79, 47, 19, 83, 75, 63, 72, 50, 60, 99, 69, 97, 67, 89
C28	 {{12,39,43,13,14,21,8,19,11}}
0,1: (72, 236)
0,2: (146, 377)
0,3: (148, 475)
0,4: (192, 696)
0,5: (231, 781)
0,6: (289, 847)
0,7: (304, 874)
0,8: (330, 1021)
1,2: (74, 141)
1,3: (76, 239)
1,4: (120, 460)
1,5: (159, 545)
1,6: (217, 611)
1,7: (232, 638)
1,8: (258, 785)
2,3: (2, 98)
2,4: (46, 319)
2,5: (85, 404)
2,6: (143, 470)
2,7: (158, 497)
2,8: (184, 644)
3,4: (44, 221)
3,5: (83, 306)
3,6: (141, 372)
3,7: (156, 399)
3,8: (182, 546)
4,5: (39, 85)
4,6: (97, 151)
4,7: (112, 178)
4,8: (138, 325)
5,6: (58, 66)
5,7: (73, 93)
5,8: (99, 240)
6,7: (15, 27)
6,8: (41, 174)
7,8: (26, 147)
tid: [81, 69, 13, 71, 78, 4, 92, 17, 40, 77, 24, 59, 39, 45, 3, 60, 9, 21, 38, 35, 74, 66, 11, 19, 0, 67, 47, 93, 61, 33, 57, 79, 65, 7, 64, 58, 32, 26, 73, 18, 91, 80, 84, 56, 44, 48, 96, 68, 16, 89, 87
C29	 {{18,44,32,0,44,26,26,45,23}}
0,1: (55, 121)
0,2: (102, 244)
0,3: (136, 458)
0,4: (193, 596)
0,5: (205, 777)
0,6: (298, 913)
0,7: (380, 1087)
0,8: (385, 1120)
1,2: (47, 123)
1,3: (81, 337)
1,4: (138, 475)
1,5: (150, 656)
1,6: (243, 792)
1,7: (325, 966)
1,8: (330, 999)
2,3: (34, 214)
2,4: (91, 352)
2,5: (103, 533)
2,6: (196, 669)
2,7: (278, 843)
2,8: (283, 876)
3,4: (57, 138)
3,5: (69, 319)
3,6: (162, 455)
3,7: (244, 629)
3,8: (249, 662)
4,5: (12, 181)
4,6: (105, 317)
4,7: (187, 491)
4,8: (192, 524)
5,6: (93, 136)
5,7: (175, 310)
5,8: (180, 343)
6,7: (82, 174)
6,8: (87, 207)
7,8: (5, 33)
tid: [98, 51, 57, 99, 77, 43, 5, 55, 0, 61, 24, 13, 46, 96, 90, 75, 73, 82, 23, 66, 78, 1, 26, 9, 34, 86, 74, 56, 79, 29, 8, 89, 44, 38, 50, 3, 11, 88, 28, 69, 27, 67, 2, 72, 81, 97, 80, 33, 58, 17, 42
