33, 30, 42, 39, 46, 17, 47, 20
3, 2, 11, 21, 3, 10, 13
12, 22, 5, 3, 41, 49, 29, 15
18, 44, 32, 0, 44, 26, 26, 45, 23
46, 44, 24, 19, 26, 12, 15
37, 31, 26, 22, 13, 47, 19
11, 30, 18, 10, 33, 49, 21
42, 14, 36, 48, 27, 41, 21
15, 24, 44, 29, 17, 43
11, 11, 25, 40, 17, 47, 35, 40
42, 39, 20, 7, 34, 21, 38, 16, 11
39, 7, 41, 29, 2, 30, 26, 39
17, 12, 19, 12, 17, 4, 17, 15
12, 22, 5, 3, 41, 49, 29, 15
38, 35, 27, 14, 8, 33, 12, 30
46, 44, 24, 19, 26, 12, 15
45, 31, 24, 47, 33, 37, 31, 25, 40
13, 11, 49, 5, 34, 4, 42, 36
32, 6, 4, 45, 40, 2, 9
11, 11, 25, 40, 17, 47, 35, 40
42, 14, 36, 48, 27, 41, 21
11, 30, 18, 10, 33, 49, 21
4, 43, 43, 48, 6, 0, 13
22, 36, 3, 39, 16, 27, 30, 19
39, 7, 41, 29, 2, 30, 26, 39
38, 35, 27, 14, 8, 33, 12, 30
42, 39, 20, 7, 34, 21, 38, 16, 11
13, 11, 49, 5, 34, 4, 42, 36
45, 31, 24, 47, 33, 37, 31, 25, 40
38, 35, 27, 14, 8, 33, 12, 30
4, 41, 4, 46, 44, 28, 12, 43
13, 11, 49, 5, 34, 4, 42, 36
46, 44, 24, 19, 26, 12, 15
39, 13, 7, 1, 15, 47, 24, 45, 13
22, 36, 3, 39, 16, 27, 30, 19
12, 39, 43, 13, 14, 21, 8, 19, 11
4, 41, 4, 46, 44, 28, 12, 43
22, 36, 3, 39, 16, 27, 30, 19
27, 22, 44, 22, 46, 30, 27
39, 10, 37, 7, 25, 6, 39, 6, 33, 5
12, 39, 43, 13, 14, 21, 8, 19, 11
22, 36, 3, 39, 16, 27, 30, 19
46, 44, 24, 19, 26, 12, 15
18, 44, 32, 0, 44, 26, 26, 45, 23
18, 44, 32, 0, 44, 26, 26, 45, 23
15, 27, 42, 12, 19, 15, 7, 48, 40
15, 27, 42, 12, 19, 15, 7, 48, 40
4, 43, 43, 48, 6, 0, 13
39, 13, 7, 1, 15, 47, 24, 45, 13
11, 11, 25, 40, 17, 47, 35, 40
12, 22, 5, 3, 41, 49, 29, 15
38, 35, 27, 14, 8, 33, 12, 30
40, 2, 43, 26, 23, 43, 7, 43
38, 35, 27, 14, 8, 33, 12, 30
38, 35, 27, 14, 8, 33, 12, 30
39, 7, 41, 29, 2, 30, 26, 39
3, 2, 11, 21, 3, 10, 13
42, 14, 36, 48, 27, 41, 21
33, 30, 42, 39, 46, 17, 47, 20
35, 26, 1, 34, 4, 17, 48, 10
22, 36, 3, 39, 16, 27, 30, 19
37, 31, 26, 22, 13, 47, 19
15, 27, 42, 12, 19, 15, 7, 48, 40
12, 22, 5, 3, 41, 49, 29, 15
23, 27, 26, 20, 1, 47, 44, 17
4, 41, 4, 46, 44, 28, 12, 43
17, 12, 19, 12, 17, 4, 17, 15
12, 39, 43, 13, 14, 21, 8, 19, 11
4, 43, 43, 48, 6, 0, 13
23, 27, 26, 20, 1, 47, 44, 17
38, 35, 27, 14, 8, 33, 12, 30
39, 13, 7, 1, 15, 47, 24, 45, 13
39, 13, 7, 1, 15, 47, 24, 45, 13
12, 22, 5, 3, 41, 49, 29, 15
37, 31, 26, 22, 13, 47, 19
22, 36, 3, 39, 16, 27, 30, 19
29, 15, 24, 44, 43, 17
15, 27, 42, 12, 19, 15, 7, 48, 40
46, 44, 24, 19, 26, 12, 15
12, 22, 5, 3, 41, 49, 29, 15
30, 22, 22, 8, 13, 38
37, 31, 26, 22, 13, 47, 19
37, 31, 26, 22, 13, 47, 19
4, 43, 43, 48, 6, 0, 13
11, 30, 18, 10, 33, 49, 21
35, 26, 1, 34, 4, 17, 48, 10
15, 27, 42, 12, 19, 15, 7, 48, 40
37, 31, 26, 22, 13, 47, 19
37, 31, 26, 22, 13, 47, 19
32, 6, 4, 45, 40, 2, 9
18, 44, 32, 0, 44, 26, 26, 45, 23
4, 41, 4, 46, 44, 28, 12, 43
15, 27, 42, 12, 19, 15, 7, 48, 40
46, 44, 24, 19, 26, 12, 15
39, 13, 7, 1, 15, 47, 24, 45, 13
33, 30, 42, 39, 46, 17, 47, 20
39, 13, 7, 1, 15, 47, 24, 45, 13
35, 26, 1, 34, 4, 17, 48, 10
11, 11, 25, 40, 17, 47, 35, 40
1, 49, 6, 3, 34, 41, 19
