17, 12, 19, 12, 17, 4, 17, 15
23, 27, 26, 20, 1, 47, 44, 17
32, 6, 4, 45, 40, 2, 9
23, 27, 26, 20, 1, 47, 44, 17
39, 7, 41, 29, 2, 30, 26, 39
27, 22, 44, 22, 46, 30, 27
39, 10, 37, 7, 25, 6, 39, 6, 33, 5
22, 13, 30, 22, 38, 8
22, 22, 13, 30, 8, 38
12, 22, 5, 3, 41, 49, 29, 15
8, 22, 22, 13, 30, 38
39, 7, 41, 29, 2, 30, 26, 39
11, 11, 25, 40, 17, 47, 35, 40
11, 11, 25, 40, 17, 47, 35, 40
8, 22, 22, 30, 13, 38
22, 30, 8, 22, 13, 38
32, 6, 4, 45, 40, 2, 9
39, 7, 41, 29, 2, 30, 26, 39
17, 12, 19, 12, 17, 4, 17, 15
23, 27, 26, 20, 1, 47, 44, 17
39, 10, 37, 7, 25, 6, 39, 6, 33, 5
27, 22, 44, 22, 46, 30, 27
23, 27, 26, 20, 1, 47, 44, 17
39, 7, 41, 29, 2, 30, 26, 39
39, 10, 37, 7, 25, 6, 39, 6, 33, 5
39, 7, 41, 29, 2, 30, 26, 39
12, 22, 5, 3, 41, 49, 29, 15
39, 7, 41, 29, 2, 30, 26, 39
17, 12, 19, 12, 17, 4, 17, 15
12, 22, 5, 3, 41, 49, 29, 15
27, 22, 44, 22, 46, 30, 27
11, 11, 25, 40, 17, 47, 35, 40
39, 7, 41, 29, 2, 30, 26, 39
39, 10, 37, 7, 25, 6, 39, 6, 33, 5
11, 11, 25, 40, 17, 47, 35, 40
22, 22, 8, 13, 30, 38
39, 7, 41, 29, 2, 30, 26, 39
11, 11, 25, 40, 17, 47, 35, 40
22, 13, 8, 38, 30, 22
8, 22, 22, 13, 30, 38
11, 11, 25, 40, 17, 47, 35, 40
39, 7, 41, 29, 2, 30, 26, 39
12, 22, 5, 3, 41, 49, 29, 15
8, 22, 13, 22, 30, 38
22, 13, 30, 8, 38, 22
22, 30, 22, 13, 8, 38
23, 27, 26, 20, 1, 47, 44, 17
8, 30, 22, 22, 13, 38
8, 22, 22, 30, 13, 38
39, 10, 37, 7, 25, 6, 39, 6, 33, 5
12, 22, 5, 3, 41, 49, 29, 15
11, 11, 25, 40, 17, 47, 35, 40
39, 7, 41, 29, 2, 30, 26, 39
39, 10, 37, 7, 25, 6, 39, 6, 33, 5
27, 22, 44, 22, 46, 30, 27
11, 11, 25, 40, 17, 47, 35, 40
12, 22, 5, 3, 41, 49, 29, 15
32, 6, 4, 45, 40, 2, 9
32, 6, 4, 45, 40, 2, 9
30, 22, 22, 13, 8, 38
32, 6, 4, 45, 40, 2, 9
17, 12, 19, 12, 17, 4, 17, 15
27, 22, 44, 22, 46, 30, 27
22, 8, 13, 30, 22, 38
32, 6, 4, 45, 40, 2, 9
12, 22, 5, 3, 41, 49, 29, 15
12, 22, 5, 3, 41, 49, 29, 15
39, 10, 37, 7, 25, 6, 39, 6, 33, 5
39, 7, 41, 29, 2, 30, 26, 39
17, 12, 19, 12, 17, 4, 17, 15
39, 7, 41, 29, 2, 30, 26, 39
8, 22, 22, 13, 30, 38
23, 27, 26, 20, 1, 47, 44, 17
12, 22, 5, 3, 41, 49, 29, 15
17, 12, 19, 12, 17, 4, 17, 15
32, 6, 4, 45, 40, 2, 9
27, 22, 44, 22, 46, 30, 27
27, 22, 44, 22, 46, 30, 27
22, 13, 30, 38, 22, 8
39, 10, 37, 7, 25, 6, 39, 6, 33, 5
17, 12, 19, 12, 17, 4, 17, 15
23, 27, 26, 20, 1, 47, 44, 17
32, 6, 4, 45, 40, 2, 9
22, 8, 30, 22, 13, 38
23, 27, 26, 20, 1, 47, 44, 17
39, 7, 41, 29, 2, 30, 26, 39
39, 7, 41, 29, 2, 30, 26, 39
27, 22, 44, 22, 46, 30, 27
39, 10, 37, 7, 25, 6, 39, 6, 33, 5
39, 7, 41, 29, 2, 30, 26, 39
39, 7, 41, 29, 2, 30, 26, 39
32, 6, 4, 45, 40, 2, 9
12, 22, 5, 3, 41, 49, 29, 15
27, 22, 44, 22, 46, 30, 27
11, 11, 25, 40, 17, 47, 35, 40
12, 22, 5, 3, 41, 49, 29, 15
32, 6, 4, 45, 40, 2, 9
27, 22, 44, 22, 46, 30, 27
32, 6, 4, 45, 40, 2, 9
30, 22, 22, 8, 13, 38
23, 27, 26, 20, 1, 47, 44, 17
17, 12, 19, 12, 17, 4, 17, 15
32, 6, 4, 45, 40, 2, 9
32, 6, 4, 45, 40, 2, 9
32, 6, 4, 45, 40, 2, 9
39, 10, 37, 7, 25, 6, 39, 6, 33, 5
27, 22, 44, 22, 46, 30, 27
8, 22, 22, 13, 30, 38
22, 22, 8, 13, 30, 38
17, 12, 19, 12, 17, 4, 17, 15
8, 22, 22, 30, 13, 38
39, 7, 41, 29, 2, 30, 26, 39
8, 22, 13, 22, 38, 30
12, 22, 5, 3, 41, 49, 29, 15
17, 12, 19, 12, 17, 4, 17, 15
22, 13, 30, 22, 8, 38
27, 22, 44, 22, 46, 30, 27
27, 22, 44, 22, 46, 30, 27
39, 10, 37, 7, 25, 6, 39, 6, 33, 5
17, 12, 19, 12, 17, 4, 17, 15
32, 6, 4, 45, 40, 2, 9
11, 11, 25, 40, 17, 47, 35, 40
8, 22, 30, 22, 13, 38
12, 22, 5, 3, 41, 49, 29, 15
32, 6, 4, 45, 40, 2, 9
39, 7, 41, 29, 2, 30, 26, 39
12, 22, 5, 3, 41, 49, 29, 15
11, 11, 25, 40, 17, 47, 35, 40
32, 6, 4, 45, 40, 2, 9
39, 10, 37, 7, 25, 6, 39, 6, 33, 5
23, 27, 26, 20, 1, 47, 44, 17
39, 7, 41, 29, 2, 30, 26, 39
39, 7, 41, 29, 2, 30, 26, 39
27, 22, 44, 22, 46, 30, 27
17, 12, 19, 12, 17, 4, 17, 15
39, 10, 37, 7, 25, 6, 39, 6, 33, 5
39, 7, 41, 29, 2, 30, 26, 39
39, 10, 37, 7, 25, 6, 39, 6, 33, 5
32, 6, 4, 45, 40, 2, 9
39, 10, 37, 7, 25, 6, 39, 6, 33, 5
17, 12, 19, 12, 17, 4, 17, 15
32, 6, 4, 45, 40, 2, 9
27, 22, 44, 22, 46, 30, 27
32, 6, 4, 45, 40, 2, 9
17, 12, 19, 12, 17, 4, 17, 15
11, 11, 25, 40, 17, 47, 35, 40
23, 27, 26, 20, 1, 47, 44, 17
23, 27, 26, 20, 1, 47, 44, 17
27, 22, 44, 22, 46, 30, 27
17, 12, 19, 12, 17, 4, 17, 15
39, 10, 37, 7, 25, 6, 39, 6, 33, 5
39, 7, 41, 29, 2, 30, 26, 39
8, 22, 22, 30, 13, 38
11, 11, 25, 40, 17, 47, 35, 40
11, 11, 25, 40, 17, 47, 35, 40
23, 27, 26, 20, 1, 47, 44, 17
23, 27, 26, 20, 1, 47, 44, 17
27, 22, 44, 22, 46, 30, 27
32, 6, 4, 45, 40, 2, 9
27, 22, 44, 22, 46, 30, 27
39, 7, 41, 29, 2, 30, 26, 39
17, 12, 19, 12, 17, 4, 17, 15
23, 27, 26, 20, 1, 47, 44, 17
39, 10, 37, 7, 25, 6, 39, 6, 33, 5
22, 8, 22, 30, 13, 38
39, 10, 37, 7, 25, 6, 39, 6, 33, 5
22, 8, 13, 22, 30, 38
11, 11, 25, 40, 17, 47, 35, 40
32, 6, 4, 45, 40, 2, 9
32, 6, 4, 45, 40, 2, 9
11, 11, 25, 40, 17, 47, 35, 40
8, 22, 30, 22, 13, 38
27, 22, 44, 22, 46, 30, 27
39, 7, 41, 29, 2, 30, 26, 39
12, 22, 5, 3, 41, 49, 29, 15
8, 22, 22, 30, 13, 38
39, 10, 37, 7, 25, 6, 39, 6, 33, 5
39, 10, 37, 7, 25, 6, 39, 6, 33, 5
11, 11, 25, 40, 17, 47, 35, 40
8, 22, 30, 22, 13, 38
39, 7, 41, 29, 2, 30, 26, 39
39, 7, 41, 29, 2, 30, 26, 39
8, 22, 30, 22, 13, 38
22, 22, 8, 30, 13, 38
12, 22, 5, 3, 41, 49, 29, 15
27, 22, 44, 22, 46, 30, 27
11, 11, 25, 40, 17, 47, 35, 40
39, 10, 37, 7, 25, 6, 39, 6, 33, 5
32, 6, 4, 45, 40, 2, 9
32, 6, 4, 45, 40, 2, 9
23, 27, 26, 20, 1, 47, 44, 17
39, 7, 41, 29, 2, 30, 26, 39
12, 22, 5, 3, 41, 49, 29, 15
22, 8, 30, 22, 13, 38
27, 22, 44, 22, 46, 30, 27
39, 10, 37, 7, 25, 6, 39, 6, 33, 5
17, 12, 19, 12, 17, 4, 17, 15
12, 22, 5, 3, 41, 49, 29, 15
11, 11, 25, 40, 17, 47, 35, 40
39, 10, 37, 7, 25, 6, 39, 6, 33, 5
39, 7, 41, 29, 2, 30, 26, 39
11, 11, 25, 40, 17, 47, 35, 40
17, 12, 19, 12, 17, 4, 17, 15
22, 8, 30, 22, 13, 38
12, 22, 5, 3, 41, 49, 29, 15
27, 22, 44, 22, 46, 30, 27
39, 7, 41, 29, 2, 30, 26, 39
23, 27, 26, 20, 1, 47, 44, 17
27, 22, 44, 22, 46, 30, 27
12, 22, 5, 3, 41, 49, 29, 15
23, 27, 26, 20, 1, 47, 44, 17
23, 27, 26, 20, 1, 47, 44, 17
39, 10, 37, 7, 25, 6, 39, 6, 33, 5
39, 10, 37, 7, 25, 6, 39, 6, 33, 5
39, 10, 37, 7, 25, 6, 39, 6, 33, 5
32, 6, 4, 45, 40, 2, 9
39, 10, 37, 7, 25, 6, 39, 6, 33, 5
22, 13, 38, 22, 30, 8
39, 7, 41, 29, 2, 30, 26, 39
39, 10, 37, 7, 25, 6, 39, 6, 33, 5
17, 12, 19, 12, 17, 4, 17, 15
27, 22, 44, 22, 46, 30, 27
23, 27, 26, 20, 1, 47, 44, 17
23, 27, 26, 20, 1, 47, 44, 17
23, 27, 26, 20, 1, 47, 44, 17
39, 10, 37, 7, 25, 6, 39, 6, 33, 5
39, 7, 41, 29, 2, 30, 26, 39
17, 12, 19, 12, 17, 4, 17, 15
23, 27, 26, 20, 1, 47, 44, 17
8, 22, 22, 30, 13, 38
12, 22, 5, 3, 41, 49, 29, 15
17, 12, 19, 12, 17, 4, 17, 15
12, 22, 5, 3, 41, 49, 29, 15
17, 12, 19, 12, 17, 4, 17, 15
39, 7, 41, 29, 2, 30, 26, 39
17, 12, 19, 12, 17, 4, 17, 15
12, 22, 5, 3, 41, 49, 29, 15
39, 10, 37, 7, 25, 6, 39, 6, 33, 5
17, 12, 19, 12, 17, 4, 17, 15
22, 8, 22, 13, 30, 38
27, 22, 44, 22, 46, 30, 27
27, 22, 44, 22, 46, 30, 27
17, 12, 19, 12, 17, 4, 17, 15
27, 22, 44, 22, 46, 30, 27
23, 27, 26, 20, 1, 47, 44, 17
22, 8, 13, 22, 38, 30
27, 22, 44, 22, 46, 30, 27
12, 22, 5, 3, 41, 49, 29, 15
39, 7, 41, 29, 2, 30, 26, 39
39, 7, 41, 29, 2, 30, 26, 39
39, 10, 37, 7, 25, 6, 39, 6, 33, 5
23, 27, 26, 20, 1, 47, 44, 17
32, 6, 4, 45, 40, 2, 9
11, 11, 25, 40, 17, 47, 35, 40
32, 6, 4, 45, 40, 2, 9
17, 12, 19, 12, 17, 4, 17, 15
23, 27, 26, 20, 1, 47, 44, 17
12, 22, 5, 3, 41, 49, 29, 15
39, 10, 37, 7, 25, 6, 39, 6, 33, 5
32, 6, 4, 45, 40, 2, 9
39, 10, 37, 7, 25, 6, 39, 6, 33, 5
12, 22, 5, 3, 41, 49, 29, 15
32, 6, 4, 45, 40, 2, 9
39, 7, 41, 29, 2, 30, 26, 39
27, 22, 44, 22, 46, 30, 27
32, 6, 4, 45, 40, 2, 9
23, 27, 26, 20, 1, 47, 44, 17
23, 27, 26, 20, 1, 47, 44, 17
39, 10, 37, 7, 25, 6, 39, 6, 33, 5
12, 22, 5, 3, 41, 49, 29, 15
27, 22, 44, 22, 46, 30, 27
39, 7, 41, 29, 2, 30, 26, 39
12, 22, 5, 3, 41, 49, 29, 15
32, 6, 4, 45, 40, 2, 9
39, 7, 41, 29, 2, 30, 26, 39
39, 10, 37, 7, 25, 6, 39, 6, 33, 5
39, 10, 37, 7, 25, 6, 39, 6, 33, 5
11, 11, 25, 40, 17, 47, 35, 40
11, 11, 25, 40, 17, 47, 35, 40
22, 8, 30, 22, 13, 38
11, 11, 25, 40, 17, 47, 35, 40
11, 11, 25, 40, 17, 47, 35, 40
11, 11, 25, 40, 17, 47, 35, 40
8, 22, 22, 13, 30, 38
32, 6, 4, 45, 40, 2, 9
27, 22, 44, 22, 46, 30, 27
11, 11, 25, 40, 17, 47, 35, 40
17, 12, 19, 12, 17, 4, 17, 15
39, 10, 37, 7, 25, 6, 39, 6, 33, 5
11, 11, 25, 40, 17, 47, 35, 40
39, 7, 41, 29, 2, 30, 26, 39
12, 22, 5, 3, 41, 49, 29, 15
23, 27, 26, 20, 1, 47, 44, 17
39, 7, 41, 29, 2, 30, 26, 39
39, 7, 41, 29, 2, 30, 26, 39
17, 12, 19, 12, 17, 4, 17, 15
17, 12, 19, 12, 17, 4, 17, 15
39, 10, 37, 7, 25, 6, 39, 6, 33, 5
17, 12, 19, 12, 17, 4, 17, 15
