(172, 39), (296, 10), (442, 37), (573, 7), (769, 25), (833, 6), (888, 39), (1018, 6), (1172, 33), (1211, 5)
(98, 11), (241, 11), (349, 25), (491, 40), (666, 17), (727, 47), (1009, 35), (1038, 40)
(175, 27), (331, 22), (438, 44), (524, 22), (571, 46), (790, 30), (960, 27)
(353, 32), (450, 6), (468, 4), (614, 45), (770, 40), (855, 2), (915, 9)
(58, 17), (193, 12), (323, 19), (407, 12), (456, 17), (603, 4), (690, 17), (785, 15)
(431, 39), (625, 10), (748, 37), (848, 7), (1054, 25), (1092, 6), (1137, 39), (1221, 6), (1376, 33), (1473, 5)
(132, 11), (272, 11), (419, 25), (575, 40), (735, 17), (779, 47), (975, 35), (1070, 40)
(69, 12), (110, 22), (231, 5), (285, 3), (370, 41), (452, 49), (547, 29), (601, 15)
(45, 8), (100, 22), (280, 30), (281, 22), (365, 13), (504, 38)
(384, 32), (453, 6), (501, 4), (616, 45), (745, 40), (793, 2), (883, 9)
(48, 11), (143, 11), (277, 25), (457, 40), (555, 17), (619, 47), (830, 35), (906, 40)
(399, 8), (406, 22), (541, 30), (543, 22), (543, 13), (647, 38)
(269, 27), (388, 22), (476, 44), (536, 22), (669, 46), (928, 30), (1088, 27)
(278, 22), (361, 13), (397, 8), (441, 30), (449, 38), (471, 22)
(11, 12), (82, 22), (211, 5), (266, 3), (349, 41), (430, 49), (522, 29), (646, 15)
(231, 32), (318, 6), (342, 4), (443, 45), (558, 40), (618, 2), (720, 9)
(185, 27), (392, 22), (507, 44), (586, 22), (729, 46), (980, 30), (1107, 27)
(311, 39), (434, 10), (589, 37), (686, 7), (882, 25), (930, 6), (1023, 39), (1095, 6), (1218, 33), (1304, 5)
(311, 23), (347, 27), (369, 26), (385, 20), (586, 1), (701, 47), (785, 44), (860, 17)
(395, 32), (467, 6), (486, 4), (543, 45), (661, 40), (743, 2), (823, 9)
(265, 32), (383, 6), (440, 4), (518, 45), (706, 40), (796, 2), (899, 9)
(214, 17), (426, 12), (584, 19), (671, 12), (712, 17), (862, 4), (954, 17), (1068, 15)
(182, 22), (233, 22), (284, 8), (380, 13), (433, 30), (485, 38)
(10, 32), (69, 6), (84, 4), (132, 45), (286, 40), (382, 2), (441, 9)
(100, 8), (171, 22), (279, 30), (302, 22), (415, 13), (531, 38)
(490, 23), (516, 27), (537, 26), (548, 20), (706, 1), (834, 47), (949, 44), (1046, 17)
(231, 27), (397, 22), (524, 44), (586, 22), (712, 46), (916, 30), (1017, 27)
(34, 32), (73, 6), (92, 4), (230, 45), (367, 40), (413, 2), (487, 9)
(141, 27), (280, 22), (379, 44), (462, 22), (547, 46), (651, 30), (749, 27)
(430, 12), (592, 22), (676, 5), (726, 3), (789, 41), (869, 49), (952, 29), (1118, 15)
(437, 8), (565, 22), (678, 22), (756, 30), (767, 13), (912, 38)
(392, 17), (510, 12), (584, 19), (669, 12), (719, 17), (845, 4), (932, 17), (1045, 15)
(176, 27), (325, 22), (422, 44), (516, 22), (606, 46), (824, 30), (972, 27)
(45, 39), (258, 10), (349, 37), (456, 7), (675, 25), (727, 6), (813, 39), (970, 6), (1168, 33), (1253, 5)
(77, 22), (260, 13), (273, 8), (328, 30), (339, 22), (342, 38)
(283, 8), (301, 22), (386, 22), (430, 13), (460, 30), (529, 38)
(328, 17), (433, 12), (585, 19), (672, 12), (705, 17), (817, 4), (908, 17), (1002, 15)
(250, 27), (359, 22), (500, 44), (594, 22), (685, 46), (902, 30), (1075, 27)
(328, 11), (437, 11), (529, 25), (686, 40), (864, 17), (915, 47), (1114, 35), (1170, 40)
(345, 17), (468, 12), (647, 19), (734, 12), (772, 17), (933, 4), (1022, 17), (1132, 15)
(147, 11), (304, 11), (437, 25), (545, 40), (674, 17), (737, 47), (1014, 35), (1072, 40)
(364, 11), (473, 11), (628, 25), (754, 40), (914, 17), (964, 47), (1206, 35), (1329, 40)
(380, 39), (551, 7), (657, 41), (733, 29), (803, 2), (995, 30), (1102, 26), (1158, 39)
(394, 23), (455, 27), (472, 26), (482, 20), (691, 1), (788, 47), (875, 44), (1051, 17)
(102, 11), (245, 11), (383, 25), (531, 40), (710, 17), (749, 47), (925, 35), (1057, 40)
(263, 12), (347, 22), (511, 5), (570, 3), (639, 41), (721, 49), (768, 29), (922, 15)
(218, 11), (321, 11), (518, 25), (697, 40), (835, 17), (901, 47), (1004, 35), (1045, 40)
(94, 32), (207, 6), (261, 4), (308, 45), (425, 40), (523, 2), (627, 9)
(430, 11), (520, 11), (670, 25), (838, 40), (981, 17), (1032, 47), (1209, 35), (1346, 40)
(424, 12), (533, 22), (605, 5), (654, 3), (694, 41), (774, 49), (812, 29), (990, 15)
(267, 17), (412, 12), (600, 19), (686, 12), (720, 17), (905, 4), (996, 17), (1083, 15)
(217, 8), (331, 22), (344, 22), (372, 30), (487, 13), (632, 38)
(247, 39), (405, 7), (507, 41), (584, 29), (704, 2), (858, 30), (971, 26), (1034, 39)
(404, 8), (521, 30), (546, 22), (556, 22), (756, 13), (877, 38)
(111, 17), (236, 12), (424, 19), (510, 12), (538, 17), (733, 4), (821, 17), (914, 15)
(164, 23), (193, 27), (260, 26), (296, 20), (432, 1), (562, 47), (673, 44), (762, 17)
(433, 39), (550, 10), (658, 37), (766, 7), (883, 25), (946, 6), (1047, 39), (1138, 6), (1234, 33), (1340, 5)
(315, 39), (443, 10), (565, 37), (687, 7), (815, 25), (870, 6), (950, 39), (1025, 6), (1196, 33), (1261, 5)
(226, 11), (312, 11), (427, 25), (593, 40), (696, 17), (752, 47), (885, 35), (1012, 40)
(478, 32), (536, 6), (585, 4), (688, 45), (824, 40), (906, 2), (1005, 9)
(11, 8), (82, 22), (157, 13), (196, 22), (242, 38), (357, 30)
(162, 27), (286, 22), (399, 44), (462, 22), (599, 46), (800, 30), (944, 27)
(374, 22), (394, 22), (459, 8), (532, 13), (588, 30), (647, 38)
(1, 39), (68, 7), (200, 41), (297, 29), (440, 2), (598, 30), (710, 26), (857, 39)
(473, 23), (522, 27), (601, 26), (604, 20), (783, 1), (900, 47), (1009, 44), (1183, 17)
(29, 11), (183, 11), (383, 25), (474, 40), (652, 17), (691, 47), (923, 35), (947, 40)
(110, 8), (164, 22), (227, 13), (246, 22), (313, 38), (412, 30)
(151, 17), (275, 12), (439, 19), (525, 12), (566, 17), (679, 4), (769, 17), (872, 15)
(304, 39), (428, 10), (569, 37), (676, 7), (788, 25), (844, 6), (934, 39), (997, 6), (1120, 33), (1156, 5)
(42, 39), (240, 10), (311, 37), (435, 7), (617, 25), (658, 6), (725, 39), (779, 6), (990, 33), (1044, 5)
(225, 23), (284, 27), (319, 26), (322, 20), (497, 1), (624, 47), (718, 44), (794, 17)
(299, 27), (471, 22), (561, 44), (659, 22), (761, 46), (885, 30), (1024, 27)
(456, 39), (507, 7), (602, 41), (701, 29), (755, 2), (811, 30), (915, 26), (1039, 39)
(17, 32), (97, 6), (135, 4), (321, 45), (494, 40), (553, 2), (629, 9)
(262, 32), (415, 6), (454, 4), (603, 45), (716, 40), (781, 2), (842, 9)
(426, 12), (542, 22), (680, 5), (697, 3), (757, 41), (838, 49), (895, 29), (1035, 15)
(53, 11), (194, 11), (347, 25), (554, 40), (667, 17), (715, 47), (984, 35), (1115, 40)
(388, 39), (509, 7), (613, 41), (699, 29), (803, 2), (941, 30), (1059, 26), (1165, 39)
(460, 27), (585, 22), (730, 44), (797, 22), (897, 46), (1037, 30), (1212, 27)
(380, 11), (474, 11), (638, 25), (728, 40), (906, 17), (966, 47), (1104, 35), (1205, 40)
(180, 27), (276, 22), (402, 44), (490, 22), (543, 46), (690, 30), (843, 27)
(460, 32), (553, 6), (578, 4), (633, 45), (752, 40), (812, 2), (909, 9)
(262, 32), (425, 6), (445, 4), (575, 45), (746, 40), (801, 2), (856, 9)
(24, 8), (30, 22), (137, 22), (175, 13), (233, 30), (304, 38)
(118, 12), (275, 22), (360, 5), (390, 3), (417, 41), (499, 49), (562, 29), (654, 15)
(361, 32), (537, 6), (589, 4), (715, 45), (868, 40), (936, 2), (1029, 9)
(316, 17), (419, 12), (595, 19), (681, 12), (731, 17), (846, 4), (934, 17), (1037, 15)
(343, 39), (402, 7), (537, 41), (633, 29), (731, 2), (808, 30), (926, 26), (997, 39)
(276, 11), (430, 11), (536, 25), (649, 40), (811, 17), (873, 47), (1122, 35), (1182, 40)
(396, 11), (531, 11), (674, 25), (780, 40), (874, 17), (924, 47), (1198, 35), (1222, 40)
(421, 32), (505, 6), (560, 4), (691, 45), (855, 40), (897, 2), (968, 9)
(374, 32), (532, 6), (564, 4), (629, 45), (745, 40), (830, 2), (927, 9)
(28, 12), (97, 22), (175, 5), (193, 3), (254, 41), (334, 49), (437, 29), (535, 15)
(196, 11), (346, 11), (511, 25), (706, 40), (848, 17), (910, 47), (1077, 35), (1185, 40)
(88, 11), (204, 11), (390, 25), (590, 40), (685, 17), (728, 47), (847, 35), (957, 40)
(384, 12), (408, 22), (572, 5), (622, 3), (704, 41), (785, 49), (878, 29), (915, 15)
(239, 27), (324, 22), (412, 44), (479, 22), (544, 46), (708, 30), (833, 27)
(293, 27), (407, 22), (538, 44), (598, 22), (732, 46), (874, 30), (1006, 27)
(494, 12), (525, 22), (646, 5), (656, 3), (735, 41), (816, 49), (884, 29), (1073, 15)
(278, 39), (331, 7), (471, 41), (574, 29), (713, 2), (892, 30), (985, 26), (1088, 39)
(357, 11), (503, 11), (587, 25), (790, 40), (874, 17), (941, 47), (1191, 35), (1261, 40)
(28, 23), (90, 27), (148, 26), (168, 20), (360, 1), (477, 47), (561, 44), (681, 17)
(204, 12), (390, 22), (555, 5), (609, 3), (646, 41), (727, 49), (779, 29), (894, 15)
(78, 27), (235, 22), (320, 44), (390, 22), (537, 46), (809, 30), (953, 27)
(140, 23), (178, 27), (245, 26), (270, 20), (490, 1), (626, 47), (727, 44), (835, 17)
(139, 22), (293, 13), (317, 30), (368, 22), (432, 38), (434, 8)
(341, 12), (516, 22), (672, 5), (715, 3), (769, 41), (851, 49), (929, 29), (1103, 15)
(20, 22), (24, 22), (44, 8), (142, 30), (175, 13), (264, 38)
(387, 27), (550, 22), (650, 44), (728, 22), (827, 46), (1030, 30), (1169, 27)
(201, 17), (399, 12), (528, 19), (613, 12), (643, 17), (744, 4), (831, 17), (943, 15)
(202, 39), (244, 7), (342, 41), (421, 29), (549, 2), (742, 30), (834, 26), (1015, 39)
(347, 23), (394, 27), (478, 26), (497, 20), (720, 1), (793, 47), (886, 44), (1023, 17)
(415, 27), (596, 22), (724, 44), (794, 22), (879, 46), (1139, 30), (1274, 27)
(476, 23), (508, 27), (601, 26), (622, 20), (704, 1), (796, 47), (920, 44), (1067, 17)
(353, 32), (446, 6), (488, 4), (545, 45), (738, 40), (816, 2), (892, 9)
(154, 32), (263, 6), (290, 4), (420, 45), (518, 40), (561, 2), (657, 9)
(74, 17), (228, 12), (373, 19), (460, 12), (509, 17), (620, 4), (711, 17), (788, 15)
(133, 12), (164, 22), (332, 5), (405, 3), (474, 41), (556, 49), (640, 29), (814, 15)
(263, 27), (455, 22), (559, 44), (655, 22), (767, 46), (974, 30), (1132, 27)
(237, 39), (378, 7), (480, 41), (578, 29), (747, 2), (841, 30), (935, 26), (1109, 39)
(3, 39), (88, 10), (174, 37), (290, 7), (514, 25), (579, 6), (630, 39), (669, 6), (786, 33), (878, 5)
(111, 39), (144, 7), (274, 41), (355, 29), (497, 2), (564, 30), (669, 26), (777, 39)
(160, 39), (318, 10), (465, 37), (575, 7), (667, 25), (717, 6), (817, 39), (945, 6), (1096, 33), (1138, 5)
(313, 39), (513, 10), (640, 37), (753, 7), (855, 25), (910, 6), (960, 39), (1083, 6), (1280, 33), (1327, 5)
(181, 39), (397, 10), (470, 37), (600, 7), (703, 25), (768, 6), (853, 39), (947, 6), (1045, 33), (1094, 5)
(185, 11), (284, 11), (385, 25), (491, 40), (585, 17), (642, 47), (786, 35), (841, 40)
(358, 39), (464, 7), (560, 41), (642, 29), (780, 2), (851, 30), (951, 26), (1096, 39)
(34, 27), (161, 22), (270, 44), (338, 22), (403, 46), (552, 30), (701, 27)
(432, 12), (467, 22), (567, 5), (625, 3), (661, 41), (742, 49), (793, 29), (948, 15)
(402, 11), (495, 11), (661, 25), (806, 40), (955, 17), (1002, 47), (1095, 35), (1133, 40)
(98, 27), (198, 22), (313, 44), (408, 22), (466, 46), (656, 30), (809, 27)
(481, 11), (605, 11), (788, 25), (891, 40), (1023, 17), (1089, 47), (1238, 35), (1320, 40)
(359, 12), (548, 22), (698, 5), (707, 3), (735, 41), (815, 49), (908, 29), (1050, 15)
(16, 39), (170, 10), (317, 37), (436, 7), (527, 25), (586, 6), (635, 39), (767, 6), (911, 33), (974, 5)
(366, 39), (437, 10), (527, 37), (639, 7), (768, 25), (817, 6), (886, 39), (978, 6), (1080, 33), (1159, 5)
(395, 8), (400, 22), (582, 30), (611, 22), (675, 13), (807, 38)
(312, 17), (510, 12), (607, 19), (694, 12), (730, 17), (903, 4), (995, 17), (1086, 15)
(83, 27), (273, 22), (370, 44), (458, 22), (513, 46), (691, 30), (871, 27)
(495, 8), (640, 22), (817, 22), (837, 30), (855, 13), (988, 38)
(311, 32), (483, 6), (510, 4), (673, 45), (863, 40), (927, 2), (977, 9)
(2, 12), (56, 22), (240, 5), (265, 3), (341, 41), (422, 49), (476, 29), (604, 15)
(323, 27), (422, 22), (523, 44), (601, 22), (724, 46), (814, 30), (993, 27)
(190, 27), (282, 22), (385, 44), (476, 22), (565, 46), (737, 30), (860, 27)
(391, 39), (524, 10), (646, 37), (744, 7), (865, 25), (910, 6), (1007, 39), (1145, 6), (1359, 33), (1398, 5)
(107, 39), (265, 7), (367, 41), (477, 29), (629, 2), (789, 30), (889, 26), (954, 39)
(297, 32), (401, 6), (437, 4), (486, 45), (681, 40), (722, 2), (772, 9)
(330, 27), (517, 22), (620, 44), (711, 22), (881, 46), (1044, 30), (1197, 27)
(158, 27), (300, 22), (390, 44), (451, 22), (606, 46), (857, 30), (971, 27)
(451, 23), (495, 27), (516, 26), (562, 20), (688, 1), (792, 47), (876, 44), (956, 17)
(115, 39), (256, 10), (376, 37), (499, 7), (586, 25), (642, 6), (743, 39), (867, 6), (1043, 33), (1099, 5)
(179, 32), (250, 6), (291, 4), (432, 45), (554, 40), (656, 2), (752, 9)
(73, 11), (229, 11), (400, 25), (549, 40), (695, 17), (748, 47), (931, 35), (1045, 40)
(283, 12), (465, 22), (606, 5), (614, 3), (644, 41), (726, 49), (817, 29), (915, 15)
(0, 39), (26, 7), (136, 41), (247, 29), (415, 2), (575, 30), (669, 26), (789, 39)
(351, 12), (420, 22), (574, 5), (641, 3), (709, 41), (789, 49), (884, 29), (973, 15)
(62, 27), (184, 22), (274, 44), (337, 22), (482, 46), (646, 30), (765, 27)
(240, 17), (386, 12), (508, 19), (593, 12), (630, 17), (834, 4), (923, 17), (1026, 15)
(458, 32), (582, 6), (626, 4), (669, 45), (846, 40), (909, 2), (981, 9)
(39, 39), (203, 7), (312, 41), (404, 29), (543, 2), (717, 30), (836, 26), (870, 39)
(31, 17), (182, 12), (266, 19), (352, 12), (383, 17), (489, 4), (582, 17), (667, 15)
(188, 32), (264, 6), (278, 4), (425, 45), (530, 40), (619, 2), (694, 9)
(86, 39), (248, 10), (393, 37), (490, 7), (593, 25), (644, 6), (689, 39), (759, 6), (842, 33), (938, 5)
(420, 39), (512, 10), (645, 37), (752, 7), (897, 25), (965, 6), (1029, 39), (1084, 6), (1186, 33), (1234, 5)
(437, 12), (623, 22), (742, 5), (778, 3), (820, 41), (902, 49), (985, 29), (1126, 15)
(353, 27), (500, 22), (645, 44), (732, 22), (825, 46), (955, 30), (1118, 27)
(443, 22), (452, 8), (589, 22), (608, 30), (682, 13), (825, 38)
(449, 23), (480, 27), (506, 26), (540, 20), (680, 1), (745, 47), (835, 44), (962, 17)
(377, 12), (456, 22), (606, 5), (663, 3), (725, 41), (807, 49), (884, 29), (995, 15)
(265, 39), (330, 10), (395, 37), (519, 7), (618, 25), (662, 6), (764, 39), (803, 6), (994, 33), (1037, 5)
(49, 27), (243, 22), (327, 44), (393, 22), (556, 46), (716, 30), (847, 27)
(277, 12), (307, 22), (449, 5), (451, 3), (524, 41), (605, 49), (675, 29), (823, 15)
(401, 39), (518, 10), (586, 37), (687, 7), (911, 25), (949, 6), (1047, 39), (1187, 6), (1337, 33), (1412, 5)
(382, 39), (442, 10), (523, 37), (637, 7), (791, 25), (847, 6), (916, 39), (1065, 6), (1247, 33), (1294, 5)
(435, 27), (556, 22), (666, 44), (739, 22), (825, 46), (1026, 30), (1185, 27)
(7, 39), (113, 7), (224, 41), (335, 29), (492, 2), (639, 30), (740, 26), (851, 39)
(441, 17), (607, 12), (761, 19), (848, 12), (882, 17), (1040, 4), (1133, 17), (1228, 15)
(493, 39), (613, 7), (721, 41), (829, 29), (956, 2), (1011, 30), (1105, 26), (1262, 39)
(392, 11), (524, 11), (617, 25), (833, 40), (1000, 17), (1053, 47), (1231, 35), (1275, 40)
(180, 8), (201, 22), (427, 30), (525, 22), (693, 13), (787, 38)
(330, 8), (449, 22), (665, 30), (698, 22), (868, 13), (1015, 38)
(252, 39), (343, 7), (445, 41), (525, 29), (608, 2), (787, 30), (879, 26), (939, 39)
(499, 39), (652, 10), (758, 37), (890, 7), (1047, 25), (1096, 6), (1184, 39), (1257, 6), (1457, 33), (1490, 5)
(80, 32), (258, 6), (295, 4), (377, 45), (568, 40), (657, 2), (761, 9)
(102, 23), (140, 27), (179, 26), (189, 20), (308, 1), (452, 47), (538, 44), (617, 17)
(390, 17), (572, 12), (673, 19), (758, 12), (798, 17), (951, 4), (1044, 17), (1129, 15)
(156, 11), (269, 11), (432, 25), (550, 40), (734, 17), (776, 47), (903, 35), (1038, 40)
(169, 12), (286, 22), (364, 5), (412, 3), (470, 41), (550, 49), (623, 29), (714, 15)
(30, 23), (53, 27), (98, 26), (124, 20), (293, 1), (440, 47), (530, 44), (702, 17)
(124, 39), (273, 10), (417, 37), (529, 7), (749, 25), (792, 6), (889, 39), (975, 6), (1180, 33), (1259, 5)
(213, 11), (345, 11), (510, 25), (708, 40), (874, 17), (939, 47), (1116, 35), (1183, 40)
(35, 12), (74, 22), (160, 5), (174, 3), (205, 41), (285, 49), (385, 29), (494, 15)
(237, 27), (408, 22), (508, 44), (570, 22), (617, 46), (822, 30), (934, 27)
(162, 32), (333, 6), (354, 4), (492, 45), (682, 40), (750, 2), (832, 9)
(211, 23), (259, 27), (349, 26), (376, 20), (527, 1), (595, 47), (713, 44), (826, 17)
(120, 12), (164, 22), (239, 5), (304, 3), (329, 41), (409, 49), (493, 29), (680, 15)
(430, 39), (509, 7), (608, 41), (692, 29), (856, 2), (990, 30), (1106, 26), (1153, 39)
(446, 11), (580, 11), (772, 25), (890, 40), (995, 17), (1056, 47), (1295, 35), (1336, 40)
(58, 27), (240, 22), (355, 44), (440, 22), (518, 46), (648, 30), (786, 27)
(136, 39), (210, 7), (347, 41), (454, 29), (600, 2), (711, 30), (830, 26), (947, 39)
(95, 17), (273, 12), (419, 19), (505, 12), (540, 17), (696, 4), (788, 17), (889, 15)
