C0	 {{29,41,24,22,29,43,17,41,20}}
0,1: (67, 216)
0,2: (165, 370)
0,3: (214, 608)
0,4: (241, 789)
0,5: (329, 978)
0,6: (414, 1103)
0,7: (456, 1282)
0,8: (528, 1465)
1,2: (98, 154)
1,3: (147, 392)
1,4: (174, 573)
1,5: (262, 762)
1,6: (347, 887)
1,7: (389, 1066)
1,8: (461, 1249)
2,3: (49, 238)
2,4: (76, 419)
2,5: (164, 608)
2,6: (249, 733)
2,7: (291, 912)
2,8: (363, 1095)
3,4: (27, 181)
3,5: (115, 370)
3,6: (200, 495)
3,7: (242, 674)
3,8: (314, 857)
4,5: (88, 189)
4,6: (173, 314)
4,7: (215, 493)
4,8: (287, 676)
5,6: (85, 125)
5,7: (127, 304)
5,8: (199, 487)
6,7: (42, 179)
6,8: (114, 362)
7,8: (72, 183)
tid: [26, 7, 28, 40, 44, 25, 74, 95, 33, 9, 34, 55, 2, 20, 64, 58, 49, 81, 4, 1, 84, 94, 10, 19, 68, 16, 31, 41, 69, 97, 35, 37, 30, 48, 85, 92, 57, 43, 75, 82, 39, 12, 71, 93, 77, 3, 24, 23, 86, 38, 8, 15
C1	 {{7,36,20,43,12,1,36,6}}
0,1: (59, 87)
0,2: (132, 347)
0,3: (149, 559)
0,4: (178, 695)
0,5: (216, 867)
0,6: (255, 1037)
0,7: (349, 1181)
1,2: (73, 260)
1,3: (90, 472)
1,4: (119, 608)
1,5: (157, 780)
1,6: (196, 950)
1,7: (290, 1094)
2,3: (17, 212)
2,4: (46, 348)
2,5: (84, 520)
2,6: (123, 690)
2,7: (217, 834)
3,4: (29, 136)
3,5: (67, 308)
3,6: (106, 478)
3,7: (200, 622)
4,5: (38, 172)
4,6: (77, 342)
4,7: (171, 486)
5,6: (39, 170)
5,7: (133, 314)
6,7: (94, 144)
tid: [17, 85, 89, 2, 19, 59, 50, 63, 68, 23, 72, 87, 95, 44, 22, 84, 82, 9, 29, 36, 48, 52, 49, 0, 83, 46, 15, 5, 43, 61, 39, 58, 71, 81, 7, 70, 31, 96, 65, 21, 6, 97, 99, 57, 79, 35, 53, 98, 60, 56, 64, 54
C2	 {{27,29,36,37,3,20,0,49}}
0,1: (21, 134)
0,2: (100, 318)
0,3: (118, 478)
0,4: (160, 705)
0,5: (199, 844)
0,6: (245, 912)
0,7: (302, 1012)
1,2: (79, 184)
1,3: (97, 344)
1,4: (139, 571)
1,5: (178, 710)
1,6: (224, 778)
1,7: (281, 878)
2,3: (18, 160)
2,4: (60, 387)
2,5: (99, 526)
2,6: (145, 594)
2,7: (202, 694)
3,4: (42, 227)
3,5: (81, 366)
3,6: (127, 434)
3,7: (184, 534)
4,5: (39, 139)
4,6: (85, 207)
4,7: (142, 307)
5,6: (46, 68)
5,7: (103, 168)
6,7: (57, 100)
tid: [32, 45, 66, 34, 64, 92, 65, 26, 16, 40, 19, 39, 83, 30, 93, 95, 12, 63, 86, 37, 77, 99, 79, 56, 57, 21, 27, 22, 35, 70, 68, 84, 36, 50, 69, 7, 87, 60, 11, 15, 47, 25, 98, 8, 97, 81, 90, 0, 38, 96
C3	 {{46,30,0,43,11,21,33,41}}
0,1: (39, 131)
0,2: (95, 347)
0,3: (123, 492)
0,4: (218, 739)
0,5: (290, 1007)
0,6: (344, 1101)
0,7: (396, 1317)
1,2: (56, 216)
1,3: (84, 361)
1,4: (179, 608)
1,5: (251, 876)
1,6: (305, 970)
1,7: (357, 1186)
2,3: (28, 145)
2,4: (123, 392)
2,5: (195, 660)
2,6: (249, 754)
2,7: (301, 970)
3,4: (95, 247)
3,5: (167, 515)
3,6: (221, 609)
3,7: (273, 825)
4,5: (72, 268)
4,6: (126, 362)
4,7: (178, 578)
5,6: (54, 94)
5,7: (106, 310)
6,7: (52, 216)
tid: [56, 3, 91, 63, 35, 34, 36, 90, 53, 82, 43, 92, 45, 96, 22, 13, 65, 61, 33, 99, 51, 24, 0, 64, 42, 94, 55, 75, 76, 40, 83, 72, 21, 50, 41, 57, 18, 31, 78, 1, 95, 4, 84, 86, 37, 80, 12, 66, 85, 97, 20, 49, 25, 10, 52
C4	 {{29,41,16,10,23,48,3}}
0,1: (29, 140)
0,2: (103, 237)
0,3: (119, 387)
0,4: (146, 473)
0,5: (160, 687)
0,6: (164, 807)
1,2: (74, 97)
1,3: (90, 247)
1,4: (117, 333)
1,5: (131, 547)
1,6: (135, 667)
2,3: (16, 150)
2,4: (43, 236)
2,5: (57, 450)
2,6: (61, 570)
3,4: (27, 86)
3,5: (41, 300)
3,6: (45, 420)
4,5: (14, 214)
4,6: (18, 334)
5,6: (4, 120)
tid: [17, 19, 34, 68, 25, 82, 26, 63, 50, 22, 65, 44, 78, 93, 36, 49, 61, 87, 98, 90, 46, 41, 76, 86, 88, 21, 72, 70, 62, 80, 73, 60, 94, 53, 37, 35, 13, 91, 10, 97, 75, 71, 58, 28, 56, 48, 89, 23, 95, 99, 39, 83
C5	 {{47,11,30,10,39,35,37,30,18}}
0,1: (8, 27)
0,2: (45, 256)
0,3: (69, 365)
0,4: (160, 531)
0,5: (190, 717)
0,6: (249, 867)
0,7: (270, 1053)
0,8: (275, 1170)
1,2: (37, 229)
1,3: (61, 338)
1,4: (152, 504)
1,5: (182, 690)
1,6: (241, 840)
1,7: (262, 1026)
1,8: (267, 1143)
2,3: (24, 109)
2,4: (115, 275)
2,5: (145, 461)
2,6: (204, 611)
2,7: (225, 797)
2,8: (230, 914)
3,4: (91, 166)
3,5: (121, 352)
3,6: (180, 502)
3,7: (201, 688)
3,8: (206, 805)
4,5: (30, 186)
4,6: (89, 336)
4,7: (110, 522)
4,8: (115, 639)
5,6: (59, 150)
5,7: (80, 336)
5,8: (85, 453)
6,7: (21, 186)
6,8: (26, 303)
7,8: (5, 117)
tid: [64, 55, 11, 80, 40, 77, 8, 48, 60, 59, 81, 84, 5, 89, 99, 49, 37, 79, 19, 36, 58, 75, 52, 78, 63, 76, 87, 57, 24, 23, 69, 53, 50, 34, 14, 62, 17, 92, 31, 30, 82, 21, 32, 12, 16, 38, 9, 29, 47, 51, 65, 98, 27, 7, 67, 88
C6	 {{46,31,22,11,28,17,48}}
0,1: (39, 118)
0,2: (67, 233)
0,3: (107, 449)
0,4: (156, 661)
0,5: (251, 903)
0,6: (326, 1065)
1,2: (28, 115)
1,3: (68, 331)
1,4: (117, 543)
1,5: (212, 785)
1,6: (287, 947)
2,3: (40, 216)
2,4: (89, 428)
2,5: (184, 670)
2,6: (259, 832)
3,4: (49, 212)
3,5: (144, 454)
3,6: (219, 616)
4,5: (95, 242)
4,6: (170, 404)
5,6: (75, 162)
tid: [42, 92, 78, 84, 10, 6, 67, 60, 17, 91, 5, 50, 46, 76, 4, 32, 52, 36, 18, 82, 64, 38, 45, 74, 55, 77, 51, 8, 59, 56, 79, 61, 30, 29, 2, 9, 3, 93, 40, 87, 62, 83, 43, 98, 19, 23, 58, 66, 41, 16, 86, 97, 65, 25, 75
C7	 {{36,24,27,39,45,39,10,12}}
0,1: (87, 205)
0,2: (88, 292)
0,3: (132, 525)
0,4: (194, 660)
0,5: (288, 905)
0,6: (369, 1104)
0,7: (420, 1293)
1,2: (1, 87)
1,3: (45, 320)
1,4: (107, 455)
1,5: (201, 700)
1,6: (282, 899)
1,7: (333, 1088)
2,3: (44, 233)
2,4: (106, 368)
2,5: (200, 613)
2,6: (281, 812)
2,7: (332, 1001)
3,4: (62, 135)
3,5: (156, 380)
3,6: (237, 579)
3,7: (288, 768)
4,5: (94, 245)
4,6: (175, 444)
4,7: (226, 633)
5,6: (81, 199)
5,7: (132, 388)
6,7: (51, 189)
tid: [7, 67, 30, 40, 58, 62, 27, 54, 94, 17, 43, 82, 71, 66, 93, 24, 23, 64, 38, 46, 11, 28, 73, 21, 9, 85, 63, 14, 74, 52, 79, 25, 83, 56, 44, 65, 47, 69, 87, 84, 3, 96, 1, 59, 31, 45, 55, 50, 95, 35, 60, 4, 32, 22, 72, 19, 34
C8	 {{7,33,37,6,22,46,3}}
0,1: (39, 214)
0,2: (49, 304)
0,3: (61, 502)
0,4: (131, 679)
0,5: (194, 876)
0,6: (279, 1085)
1,2: (10, 90)
1,3: (22, 288)
1,4: (92, 465)
1,5: (155, 662)
1,6: (240, 871)
2,3: (12, 198)
2,4: (82, 375)
2,5: (145, 572)
2,6: (230, 781)
3,4: (70, 177)
3,5: (133, 374)
3,6: (218, 583)
4,5: (63, 197)
4,6: (148, 406)
5,6: (85, 209)
tid: [30, 97, 1, 77, 8, 73, 49, 50, 11, 91, 84, 18, 76, 37, 31, 38, 24, 14, 26, 96, 39, 9, 71, 28, 61, 64, 57, 99, 48, 22, 95, 16, 67, 40, 46, 43, 70, 19, 83, 15, 65, 41, 74, 60, 10, 88, 42, 89, 82, 3
C9	 {{20,5,25,6,5,30,23}}
0,1: (26, 70)
0,2: (34, 210)
0,3: (85, 318)
0,4: (171, 422)
0,5: (175, 504)
0,6: (261, 689)
1,2: (8, 140)
1,3: (59, 248)
1,4: (145, 352)
1,5: (149, 434)
1,6: (235, 619)
2,3: (51, 108)
2,4: (137, 212)
2,5: (141, 294)
2,6: (227, 479)
3,4: (86, 104)
3,5: (90, 186)
3,6: (176, 371)
4,5: (4, 82)
4,6: (90, 267)
5,6: (86, 185)
tid: [62, 48, 68, 8, 87, 0, 22, 73, 7, 45, 2, 16, 76, 54, 11, 3, 67, 85, 74, 58, 32, 31, 27, 28, 10, 13, 98, 77, 72, 84, 61, 17, 53, 29, 30, 96, 81, 56, 19, 89, 69, 23, 83, 82, 14, 79, 55, 12, 75, 20, 49, 38, 95
C10	 {{19,29,11,35,24,32,33}}
0,1: (14, 210)
0,2: (53, 418)
0,3: (137, 654)
0,4: (155, 824)
0,5: (207, 1008)
0,6: (256, 1247)
1,2: (39, 208)
1,3: (123, 444)
1,4: (141, 614)
1,5: (193, 798)
1,6: (242, 1037)
2,3: (84, 236)
2,4: (102, 406)
2,5: (154, 590)
2,6: (203, 829)
3,4: (18, 170)
3,5: (70, 354)
3,6: (119, 593)
4,5: (52, 184)
4,6: (101, 423)
5,6: (49, 239)
tid: [23, 20, 97, 44, 25, 46, 53, 67, 96, 91, 33, 70, 76, 63, 38, 3, 27, 59, 86, 52, 89, 55, 83, 42, 94, 81, 39, 22, 79, 9, 75, 92, 68, 82, 43, 8, 35, 77, 85, 10, 58, 21, 37, 64, 48, 54, 95, 74, 2, 65
C11	 {{7,19,25,48,45,22,35}}
0,1: (39, 217)
0,2: (82, 425)
0,3: (127, 479)
0,4: (146, 639)
0,5: (221, 716)
0,6: (244, 874)
1,2: (43, 208)
1,3: (88, 262)
1,4: (107, 422)
1,5: (182, 499)
1,6: (205, 657)
2,3: (45, 54)
2,4: (64, 214)
2,5: (139, 291)
2,6: (162, 449)
3,4: (19, 160)
3,5: (94, 237)
3,6: (117, 395)
4,5: (75, 77)
4,6: (98, 235)
5,6: (23, 158)
tid: [7, 88, 3, 35, 1, 70, 81, 51, 85, 92, 79, 50, 80, 62, 61, 12, 19, 9, 58, 68, 8, 40, 64, 27, 77, 39, 41, 13, 66, 14, 63, 24, 93, 38, 65, 20, 30, 76, 22, 34, 99, 36, 54, 16, 21, 89, 10, 5, 73, 52, 2, 53, 67, 45, 91, 56, 6, 26, 97, 15, 71, 69, 86, 82, 44, 48, 98, 33, 42, 0
C12	 {{18,47,34,31,15,31,20,32}}
0,1: (55, 160)
0,2: (96, 351)
0,3: (157, 489)
0,4: (225, 625)
0,5: (318, 916)
0,6: (348, 980)
0,7: (412, 1110)
1,2: (41, 191)
1,3: (102, 329)
1,4: (170, 465)
1,5: (263, 756)
1,6: (293, 820)
1,7: (357, 950)
2,3: (61, 138)
2,4: (129, 274)
2,5: (222, 565)
2,6: (252, 629)
2,7: (316, 759)
3,4: (68, 136)
3,5: (161, 427)
3,6: (191, 491)
3,7: (255, 621)
4,5: (93, 291)
4,6: (123, 355)
4,7: (187, 485)
5,6: (30, 64)
5,7: (94, 194)
6,7: (64, 130)
tid: [40, 80, 35, 47, 72, 61, 86, 28, 42, 93, 60, 1, 75, 37, 76, 84, 64, 12, 95, 78, 62, 23, 90, 44, 57, 97, 94, 87, 3, 91, 10, 17, 74, 8, 59, 66, 39, 73, 20, 14, 30, 15, 65, 7, 52, 58, 83, 9, 89, 48, 69, 25, 21, 68, 6, 81, 13
C13	 {{25,44,18,39,14,36,0,4}}
0,1: (44, 205)
0,2: (47, 247)
0,3: (104, 440)
0,4: (178, 673)
0,5: (270, 887)
0,6: (319, 992)
0,7: (363, 1062)
1,2: (3, 42)
1,3: (60, 235)
1,4: (134, 468)
1,5: (226, 682)
1,6: (275, 787)
1,7: (319, 857)
2,3: (57, 193)
2,4: (131, 426)
2,5: (223, 640)
2,6: (272, 745)
2,7: (316, 815)
3,4: (74, 233)
3,5: (166, 447)
3,6: (215, 552)
3,7: (259, 622)
4,5: (92, 214)
4,6: (141, 319)
4,7: (185, 389)
5,6: (49, 105)
5,7: (93, 175)
6,7: (44, 70)
tid: [99, 43, 48, 5, 20, 33, 61, 21, 53, 7, 97, 10, 46, 59, 92, 4, 90, 30, 25, 44, 29, 88, 67, 11, 9, 76, 15, 39, 35, 40, 2, 68, 79, 49, 57, 34, 8, 26, 17, 94, 86, 45, 23, 64, 1, 50, 85, 66, 73, 65, 6, 75, 91, 63, 87, 36, 52
C14	 {{3,25,20,4,26,14,4}}
0,1: (4, 59)
0,2: (73, 227)
0,3: (136, 436)
0,4: (157, 496)
0,5: (228, 594)
0,6: (308, 678)
1,2: (69, 168)
1,3: (132, 377)
1,4: (153, 437)
1,5: (224, 535)
1,6: (304, 619)
2,3: (63, 209)
2,4: (84, 269)
2,5: (155, 367)
2,6: (235, 451)
3,4: (21, 60)
3,5: (92, 158)
3,6: (172, 242)
4,5: (71, 98)
4,6: (151, 182)
5,6: (80, 84)
tid: [46, 70, 60, 39, 95, 23, 28, 78, 90, 74, 22, 68, 72, 5, 77, 97, 84, 93, 67, 98, 14, 20, 99, 50, 83, 9, 29, 55, 12, 64, 52, 19, 82, 71, 59, 86, 31, 41, 42, 45, 96, 49, 65, 73, 92, 43, 0, 54, 32, 36, 21, 3, 24, 18, 6, 51, 7, 80, 89, 35, 63, 13
C15	 {{47,36,20,41,35,24,7,44}}
0,1: (57, 79)
0,2: (64, 175)
0,3: (106, 303)
0,4: (167, 450)
0,5: (199, 518)
0,6: (225, 646)
0,7: (238, 776)
1,2: (7, 96)
1,3: (49, 224)
1,4: (110, 371)
1,5: (142, 439)
1,6: (168, 567)
1,7: (181, 697)
2,3: (42, 128)
2,4: (103, 275)
2,5: (135, 343)
2,6: (161, 471)
2,7: (174, 601)
3,4: (61, 147)
3,5: (93, 215)
3,6: (119, 343)
3,7: (132, 473)
4,5: (32, 68)
4,6: (58, 196)
4,7: (71, 326)
5,6: (26, 128)
5,7: (39, 258)
6,7: (13, 130)
tid: [36, 3, 33, 96, 12, 92, 90, 86, 52, 53, 70, 14, 22, 72, 82, 6, 44, 0, 67, 84, 24, 78, 47, 83, 49, 66, 59, 74, 81, 11, 7, 4, 71, 99, 16, 39, 40, 64, 19, 80, 56, 42, 34, 57, 95, 58, 1, 55, 35, 87, 79, 89, 26, 10
C16	 {{8,21,8,21,4,45,30,45}}
0,1: (52, 243)
0,2: (126, 433)
0,3: (223, 654)
0,4: (300, 811)
0,5: (330, 906)
0,6: (417, 1008)
0,7: (502, 1127)
1,2: (74, 190)
1,3: (171, 411)
1,4: (248, 568)
1,5: (278, 663)
1,6: (365, 765)
1,7: (450, 884)
2,3: (97, 221)
2,4: (174, 378)
2,5: (204, 473)
2,6: (291, 575)
2,7: (376, 694)
3,4: (77, 157)
3,5: (107, 252)
3,6: (194, 354)
3,7: (279, 473)
4,5: (30, 95)
4,6: (117, 197)
4,7: (202, 316)
5,6: (87, 102)
5,7: (172, 221)
6,7: (85, 119)
tid: [1, 17, 0, 82, 67, 73, 80, 68, 51, 29, 54, 16, 96, 6, 87, 31, 77, 36, 41, 23, 26, 32, 91, 37, 57, 55, 74, 34, 35, 88, 66, 78, 8, 50, 81, 15, 65, 83, 10, 92, 24, 89, 64, 98, 97, 58, 93, 75, 47, 70, 85, 2, 48, 90, 84
C17	 {{6,30,31,14,31,27,45}}
0,1: (25, 123)
0,2: (120, 375)
0,3: (193, 471)
0,4: (215, 647)
0,5: (307, 749)
0,6: (338, 808)
1,2: (95, 252)
1,3: (168, 348)
1,4: (190, 524)
1,5: (282, 626)
1,6: (313, 685)
2,3: (73, 96)
2,4: (95, 272)
2,5: (187, 374)
2,6: (218, 433)
3,4: (22, 176)
3,5: (114, 278)
3,6: (145, 337)
4,5: (92, 102)
4,6: (123, 161)
5,6: (31, 59)
tid: [43, 72, 48, 67, 95, 45, 66, 3, 28, 38, 32, 65, 99, 97, 86, 84, 4, 80, 61, 51, 88, 34, 62, 75, 1, 30, 26, 85, 24, 92, 87, 0, 44, 96, 57, 68, 2, 46, 19, 47, 29, 39, 25, 55, 17, 36, 9, 50, 63, 64, 71, 60
C18	 {{43,17,46,14,6,1,4}}
0,1: (66, 105)
0,2: (138, 178)
0,3: (229, 394)
0,4: (291, 554)
0,5: (374, 806)
0,6: (455, 926)
1,2: (72, 73)
1,3: (163, 289)
1,4: (225, 449)
1,5: (308, 701)
1,6: (389, 821)
2,3: (91, 216)
2,4: (153, 376)
2,5: (236, 628)
2,6: (317, 748)
3,4: (62, 160)
3,5: (145, 412)
3,6: (226, 532)
4,5: (83, 252)
4,6: (164, 372)
5,6: (81, 120)
tid: [75, 14, 10, 11, 51, 96, 83, 5, 57, 74, 53, 54, 88, 72, 79, 39, 98, 9, 23, 97, 47, 95, 27, 46, 49, 66, 2, 26, 77, 43, 94, 71, 59, 99, 18, 6, 92, 1, 21, 87, 15, 58, 41, 89, 80, 28, 42, 70, 24, 55, 19, 50
C19	 {{27,4,1,26,23,14,26,20}}
0,1: (55, 55)
0,2: (110, 215)
0,3: (194, 315)
0,4: (266, 392)
0,5: (325, 644)
0,6: (370, 865)
0,7: (445, 979)
1,2: (55, 160)
1,3: (139, 260)
1,4: (211, 337)
1,5: (270, 589)
1,6: (315, 810)
1,7: (390, 924)
2,3: (84, 100)
2,4: (156, 177)
2,5: (215, 429)
2,6: (260, 650)
2,7: (335, 764)
3,4: (72, 77)
3,5: (131, 329)
3,6: (176, 550)
3,7: (251, 664)
4,5: (59, 252)
4,6: (104, 473)
4,7: (179, 587)
5,6: (45, 221)
5,7: (120, 335)
6,7: (75, 114)
tid: [5, 58, 24, 85, 61, 21, 49, 0, 12, 50, 16, 60, 93, 6, 87, 33, 28, 1, 19, 25, 52, 84, 37, 27, 76, 57, 17, 79, 11, 32, 41, 54, 48, 67, 36, 78, 56, 98, 20, 43, 18, 38, 47, 94, 62, 3, 91, 39, 69, 80, 88, 92, 59
C20	 {{19,46,19,1,19,11,3}}
0,1: (2, 24)
0,2: (14, 130)
0,3: (112, 260)
0,4: (177, 398)
0,5: (189, 583)
0,6: (210, 782)
1,2: (12, 106)
1,3: (110, 236)
1,4: (175, 374)
1,5: (187, 559)
1,6: (208, 758)
2,3: (98, 130)
2,4: (163, 268)
2,5: (175, 453)
2,6: (196, 652)
3,4: (65, 138)
3,5: (77, 323)
3,6: (98, 522)
4,5: (12, 185)
4,6: (33, 384)
5,6: (21, 199)
tid: [74, 13, 92, 18, 24, 11, 62, 52, 29, 83, 46, 86, 4, 1, 37, 76, 19, 95, 38, 71, 69, 53, 45, 58, 87, 79, 31, 78, 6, 27, 41, 73, 7, 22, 30, 75, 64, 40, 66, 17, 89, 51, 60, 2, 54, 28, 36, 70, 94, 65, 77, 85, 67, 42, 43, 25, 32, 93, 61, 14
C21	 {{45,47,40,36,19,16,15}}
0,1: (28, 197)
0,2: (104, 320)
0,3: (166, 528)
0,4: (251, 700)
0,5: (340, 869)
0,6: (370, 1053)
1,2: (76, 123)
1,3: (138, 331)
1,4: (223, 503)
1,5: (312, 672)
1,6: (342, 856)
2,3: (62, 208)
2,4: (147, 380)
2,5: (236, 549)
2,6: (266, 733)
3,4: (85, 172)
3,5: (174, 341)
3,6: (204, 525)
4,5: (89, 169)
4,6: (119, 353)
5,6: (30, 184)
tid: [38, 58, 48, 75, 54, 68, 78, 39, 76, 9, 89, 1, 97, 41, 98, 49, 96, 50, 67, 18, 12, 77, 71, 57, 62, 15, 64, 8, 22, 83, 37, 2, 55, 35, 72, 14, 43, 36, 21, 92, 28, 66, 24, 53, 45, 46, 51, 61, 17, 82, 44, 6, 86, 63, 69, 88
C22	 {{30,21,49,5,35,46}}
0,1: (-50, 3)
0,2: (27, 71)
0,3: (-37, 180)
0,4: (53, 135)
0,5: (-31, 82)
1,2: (68, 77)
1,3: (13, 177)
1,4: (50, 185)
1,5: (19, 79)
2,3: (-64, 109)
2,4: (-18, 108)
2,5: (-58, 11)
3,4: (-127, 172)
3,5: (-158, 66)
4,5: (-166, 29)
tid: [69, 84, 91, 7, 52, 48, 8, 87, 70, 5, 1, 53, 64, 27, 42, 92, 77, 74, 63, 38, 28, 0, 88, 67, 49, 34, 57, 81, 35, 66, 24, 14, 62, 98, 75, 50, 95, 17, 36, 93, 43, 37, 46, 45, 15, 39, 83, 89, 31, 73, 44, 41, 22, 90, 2, 60, 13, 86, 26, 71, 56, 23, 96, 61
C23	 {{22,43,44,11,9,30,47}}
0,1: (58, 232)
0,2: (108, 359)
0,3: (149, 588)
0,4: (242, 695)
0,5: (291, 748)
0,6: (361, 822)
1,2: (50, 127)
1,3: (91, 356)
1,4: (184, 463)
1,5: (233, 516)
1,6: (303, 590)
2,3: (41, 229)
2,4: (134, 336)
2,5: (183, 389)
2,6: (253, 463)
3,4: (93, 107)
3,5: (142, 160)
3,6: (212, 234)
4,5: (49, 53)
4,6: (119, 127)
5,6: (70, 74)
tid: [69, 50, 32, 53, 47, 61, 41, 93, 60, 48, 30, 81, 34, 16, 66, 31, 23, 11, 22, 79, 40, 74, 0, 17, 18, 65, 12, 80, 95, 77, 68, 36, 8, 44, 9, 54, 96, 7, 88, 86, 58, 37, 46, 28, 6, 91, 92, 67, 97, 57, 73, 59, 13
C24	 {{15,33,43,6,41,33,12}}
0,1: (33, 173)
0,2: (77, 334)
0,3: (115, 562)
0,4: (118, 630)
0,5: (172, 840)
0,6: (267, 1077)
1,2: (44, 161)
1,3: (82, 389)
1,4: (85, 457)
1,5: (139, 667)
1,6: (234, 904)
2,3: (38, 228)
2,4: (41, 296)
2,5: (95, 506)
2,6: (190, 743)
3,4: (3, 68)
3,5: (57, 278)
3,6: (152, 515)
4,5: (54, 210)
4,6: (149, 447)
5,6: (95, 237)
tid: [77, 7, 18, 43, 73, 71, 61, 34, 27, 36, 2, 54, 50, 30, 0, 42, 60, 40, 5, 3, 59, 62, 39, 35, 13, 23, 76, 8, 67, 68, 56, 33, 81, 20, 44, 28, 26, 25, 47, 22, 70, 49, 14, 72, 74, 89, 21, 97, 29, 55
C25	 {{10,7,49,17,24,0,23}}
0,1: (56, 226)
0,2: (112, 449)
0,3: (183, 649)
0,4: (274, 787)
0,5: (372, 961)
0,6: (460, 1202)
1,2: (56, 223)
1,3: (127, 423)
1,4: (218, 561)
1,5: (316, 735)
1,6: (404, 976)
2,3: (71, 200)
2,4: (162, 338)
2,5: (260, 512)
2,6: (348, 753)
3,4: (91, 138)
3,5: (189, 312)
3,6: (277, 553)
4,5: (98, 174)
4,6: (186, 415)
5,6: (88, 241)
tid: [52, 8, 29, 21, 34, 70, 85, 56, 45, 36, 77, 31, 59, 91, 43, 51, 19, 41, 82, 62, 25, 74, 53, 27, 10, 98, 42, 60, 94, 83, 92, 68, 88, 28, 67, 87, 44, 33, 55, 81, 54, 9, 89, 0, 61, 48, 97, 40, 20, 30, 76, 93, 96, 86, 37, 22, 24, 75, 1, 15, 72, 64
C26	 {{3,37,43,7,4,41,28,7}}
0,1: (73, 103)
0,2: (152, 307)
0,3: (205, 474)
0,4: (252, 530)
0,5: (315, 759)
0,6: (388, 988)
0,7: (485, 1239)
1,2: (79, 204)
1,3: (132, 371)
1,4: (179, 427)
1,5: (242, 656)
1,6: (315, 885)
1,7: (412, 1136)
2,3: (53, 167)
2,4: (100, 223)
2,5: (163, 452)
2,6: (236, 681)
2,7: (333, 932)
3,4: (47, 56)
3,5: (110, 285)
3,6: (183, 514)
3,7: (280, 765)
4,5: (63, 229)
4,6: (136, 458)
4,7: (233, 709)
5,6: (73, 229)
5,7: (170, 480)
6,7: (97, 251)
tid: [67, 46, 86, 92, 2, 4, 75, 59, 70, 96, 33, 23, 3, 97, 18, 47, 7, 68, 41, 13, 50, 16, 78, 65, 56, 34, 85, 93, 69, 40, 44, 63, 91, 8, 61, 21, 74, 1, 62, 19, 36, 27, 30, 17, 29, 15, 98, 77, 25, 20, 76
C27	 {{38,14,27,2,7,5,29,19}}
0,1: (28, 117)
0,2: (101, 387)
0,3: (195, 547)
0,4: (240, 703)
0,5: (270, 849)
0,6: (272, 900)
0,7: (278, 1064)
1,2: (73, 270)
1,3: (167, 430)
1,4: (212, 586)
1,5: (242, 732)
1,6: (244, 783)
1,7: (250, 947)
2,3: (94, 160)
2,4: (139, 316)
2,5: (169, 462)
2,6: (171, 513)
2,7: (177, 677)
3,4: (45, 156)
3,5: (75, 302)
3,6: (77, 353)
3,7: (83, 517)
4,5: (30, 146)
4,6: (32, 197)
4,7: (38, 361)
5,6: (2, 51)
5,7: (8, 215)
6,7: (6, 164)
tid: [75, 84, 51, 36, 22, 0, 17, 14, 99, 29, 52, 94, 91, 50, 4, 78, 46, 39, 58, 85, 10, 59, 93, 27, 56, 72, 2, 76, 49, 32, 16, 31, 6, 18, 37, 66, 90, 44, 11, 62, 88, 23, 43, 64, 41, 97, 70, 38, 26, 95, 5, 96, 73, 68, 20, 47, 13, 34
C28	 {{24,2,13,37,25,44,33,47,24}}
0,1: (51, 114)
0,2: (108, 299)
0,3: (122, 328)
0,4: (176, 396)
0,5: (239, 481)
0,6: (316, 602)
0,7: (360, 701)
0,8: (432, 796)
1,2: (57, 185)
1,3: (71, 214)
1,4: (125, 282)
1,5: (188, 367)
1,6: (265, 488)
1,7: (309, 587)
1,8: (381, 682)
2,3: (14, 29)
2,4: (68, 97)
2,5: (131, 182)
2,6: (208, 303)
2,7: (252, 402)
2,8: (324, 497)
3,4: (54, 68)
3,5: (117, 153)
3,6: (194, 274)
3,7: (238, 373)
3,8: (310, 468)
4,5: (63, 85)
4,6: (140, 206)
4,7: (184, 305)
4,8: (256, 400)
5,6: (77, 121)
5,7: (121, 220)
5,8: (193, 315)
6,7: (44, 99)
6,8: (116, 194)
7,8: (72, 95)
tid: [73, 28, 40, 86, 13, 3, 53, 57, 12, 85, 50, 5, 20, 41, 45, 1, 87, 97, 26, 78, 66, 11, 22, 52, 79, 70, 88, 64, 8, 17, 32, 39, 31, 94, 9, 10, 36, 49, 68, 63, 37, 43, 65, 75, 92, 60, 0, 58, 99, 61
C29	 {{29,30,2,37,15,35,49}}
0,1: (88, 143)
0,2: (179, 250)
0,3: (205, 340)
0,4: (229, 406)
0,5: (237, 558)
0,6: (255, 616)
1,2: (91, 107)
1,3: (117, 197)
1,4: (141, 263)
1,5: (149, 415)
1,6: (167, 473)
2,3: (26, 90)
2,4: (50, 156)
2,5: (58, 308)
2,6: (76, 366)
3,4: (24, 66)
3,5: (32, 218)
3,6: (50, 276)
4,5: (8, 152)
4,6: (26, 210)
5,6: (18, 58)
tid: [39, 28, 56, 35, 53, 73, 16, 72, 71, 97, 98, 8, 85, 68, 64, 11, 49, 92, 38, 21, 46, 45, 54, 36, 40, 14, 66, 82, 94, 9, 31, 25, 24, 48, 52, 12, 18, 6, 89, 3, 0, 30, 57, 75, 88, 42, 51, 19, 91, 69, 58, 43, 34, 95, 37, 23
