47, 36, 20, 41, 35, 24, 7, 44
27, 4, 1, 26, 23, 14, 26, 20
19, 29, 11, 35, 24, 32, 33
6, 30, 31, 14, 31, 27, 45
25, 44, 18, 39, 14, 36, 0, 4
3, 25, 20, 4, 26, 14, 4
22, 43, 44, 11, 9, 30, 47
3, 25, 20, 4, 26, 14, 4
18, 47, 34, 31, 15, 31, 20, 32
29, 41, 24, 22, 29, 43, 17, 41, 20
47, 36, 20, 41, 35, 24, 7, 44
47, 11, 30, 10, 39, 35, 37, 30, 18
20, 5, 25, 6, 5, 30, 23
29, 41, 16, 10, 23, 48, 3
7, 19, 25, 48, 45, 22, 35
25, 44, 18, 39, 14, 36, 0, 4
47, 36, 20, 41, 35, 24, 7, 44
22, 43, 44, 11, 9, 30, 47
38, 14, 27, 2, 7, 5, 29, 19
27, 29, 36, 37, 3, 20, 0, 49
27, 4, 1, 26, 23, 14, 26, 20
29, 41, 16, 10, 23, 48, 3
7, 19, 25, 48, 45, 22, 35
36, 24, 27, 39, 45, 39, 10, 12
45, 47, 40, 36, 19, 16, 15
46, 31, 22, 11, 28, 17, 48
27, 29, 36, 37, 3, 20, 0, 49
3, 37, 43, 7, 4, 41, 28, 7
22, 43, 44, 11, 9, 30, 47
10, 7, 49, 17, 24, 0, 23
22, 43, 44, 11, 9, 30, 47
38, 14, 27, 2, 7, 5, 29, 19
20, 5, 25, 6, 5, 30, 23
15, 33, 43, 6, 41, 33, 12
36, 24, 27, 39, 45, 39, 10, 12
25, 44, 18, 39, 14, 36, 0, 4
8, 21, 8, 21, 4, 45, 30, 45
29, 30, 2, 37, 15, 35, 49
6, 30, 31, 14, 31, 27, 45
38, 14, 27, 2, 7, 5, 29, 19
7, 19, 25, 48, 45, 22, 35
29, 41, 16, 10, 23, 48, 3
10, 7, 49, 17, 24, 0, 23
7, 36, 20, 43, 12, 1, 36, 6
18, 47, 34, 31, 15, 31, 20, 32
46, 30, 0, 43, 11, 21, 33, 41
46, 31, 22, 11, 28, 17, 48
22, 43, 44, 11, 9, 30, 47
29, 41, 24, 22, 29, 43, 17, 41, 20
45, 47, 40, 36, 19, 16, 15
43, 17, 46, 14, 6, 1, 4
47, 11, 30, 10, 39, 35, 37, 30, 18
38, 14, 27, 2, 7, 5, 29, 19
24, 2, 13, 37, 25, 44, 33, 47, 24
7, 19, 25, 48, 45, 22, 35
15, 33, 43, 6, 41, 33, 12
29, 30, 2, 37, 15, 35, 49
45, 47, 40, 36, 19, 16, 15
18, 47, 34, 31, 15, 31, 20, 32
27, 4, 1, 26, 23, 14, 26, 20
18, 47, 34, 31, 15, 31, 20, 32
45, 47, 40, 36, 19, 16, 15
19, 46, 19, 1, 19, 11, 3
24, 2, 13, 37, 25, 44, 33, 47, 24
36, 24, 27, 39, 45, 39, 10, 12
46, 31, 22, 11, 28, 17, 48
18, 47, 34, 31, 15, 31, 20, 32
3, 25, 20, 4, 26, 14, 4
15, 33, 43, 6, 41, 33, 12
27, 4, 1, 26, 23, 14, 26, 20
8, 21, 8, 21, 4, 45, 30, 45
29, 41, 24, 22, 29, 43, 17, 41, 20
3, 25, 20, 4, 26, 14, 4
8, 21, 8, 21, 4, 45, 30, 45
20, 5, 25, 6, 5, 30, 23
18, 47, 34, 31, 15, 31, 20, 32
38, 14, 27, 2, 7, 5, 29, 19
43, 17, 46, 14, 6, 1, 4
24, 2, 13, 37, 25, 44, 33, 47, 24
7, 36, 20, 43, 12, 1, 36, 6
22, 43, 44, 11, 9, 30, 47
7, 36, 20, 43, 12, 1, 36, 6
29, 41, 24, 22, 29, 43, 17, 41, 20
3, 25, 20, 4, 26, 14, 4
7, 36, 20, 43, 12, 1, 36, 6
27, 4, 1, 26, 23, 14, 26, 20
27, 29, 36, 37, 3, 20, 0, 49
6, 30, 31, 14, 31, 27, 45
25, 44, 18, 39, 14, 36, 0, 4
18, 47, 34, 31, 15, 31, 20, 32
3, 25, 20, 4, 26, 14, 4
46, 30, 0, 43, 11, 21, 33, 41
47, 11, 30, 10, 39, 35, 37, 30, 18
22, 43, 44, 11, 9, 30, 47
43, 17, 46, 14, 6, 1, 4
7, 36, 20, 43, 12, 1, 36, 6
45, 47, 40, 36, 19, 16, 15
7, 19, 25, 48, 45, 22, 35
45, 47, 40, 36, 19, 16, 15
38, 14, 27, 2, 7, 5, 29, 19
