(22, 0), (54, 8), (120, 1), (133, 7), (148, 1), (184, 7), (208, 3), (256, 3)
(6, 8), (43, 0), (86, 1), (147, 7), (180, 7), (202, 1), (206, 3), (295, 3)
(37, 7), (55, 7), (72, 1), (133, 1), (162, 0), (208, 3), (250, 8), (273, 3)
(52, 1), (89, 7), (108, 8), (111, 7), (113, 1), (172, 0), (251, 3), (276, 3)
(0, 1), (7, 0), (65, 7), (95, 1), (99, 7), (148, 8), (148, 3), (230, 3)
(113, 0), (146, 7), (172, 8), (177, 7), (229, 1), (259, 1), (269, 3), (294, 3)
(69, 0), (93, 7), (100, 1), (116, 7), (136, 8), (205, 3), (242, 3), (276, 1)
(6, 1), (13, 8), (64, 7), (105, 7), (171, 0), (223, 1), (263, 3), (287, 3)
(57, 1), (71, 7), (102, 0), (107, 7), (108, 1), (193, 3), (274, 3), (296, 8)
(27, 8), (61, 0), (80, 1), (98, 7), (124, 1), (130, 7), (220, 3), (276, 3)
(31, 1), (83, 7), (84, 0), (121, 7), (170, 8), (249, 3), (297, 3), (298, 1)
(11, 7), (31, 7), (43, 1), (85, 1), (140, 0), (203, 3), (221, 8), (280, 3)
(18, 8), (22, 0), (85, 7), (108, 1), (112, 7), (147, 1), (204, 3), (261, 3)
(100, 1), (120, 7), (166, 1), (168, 7), (181, 0), (203, 8), (232, 3), (256, 3)
(42, 7), (58, 0), (63, 7), (140, 8), (199, 1), (201, 1), (243, 3), (273, 3)
(122, 1), (132, 7), (140, 0), (154, 7), (234, 3), (240, 1), (274, 3), (294, 8)
(51, 7), (66, 7), (72, 8), (90, 0), (154, 3), (218, 1), (269, 1), (274, 3)
(121, 7), (132, 1), (150, 0), (168, 7), (197, 1), (215, 8), (274, 3), (299, 3)
(60, 0), (73, 7), (79, 1), (113, 7), (216, 1), (226, 3), (254, 3), (256, 8)
(16, 7), (32, 7), (85, 0), (115, 1), (203, 3), (215, 1), (230, 8), (256, 3)
(38, 8), (51, 7), (55, 0), (90, 7), (175, 1), (193, 3), (231, 1), (231, 3)
(40, 7), (47, 0), (91, 7), (114, 1), (160, 1), (167, 3), (181, 8), (214, 3)
(20, 1), (44, 0), (109, 7), (133, 7), (179, 3), (214, 8), (215, 1), (225, 3)
(128, 0), (130, 7), (146, 7), (176, 1), (225, 3), (230, 8), (249, 3), (251, 1)
(76, 7), (86, 1), (94, 8), (118, 7), (127, 1), (205, 0), (259, 3), (296, 3)
(40, 0), (68, 8), (103, 1), (105, 1), (144, 7), (194, 7), (225, 3), (261, 3)
(3, 0), (107, 1), (149, 7), (168, 7), (192, 3), (206, 1), (228, 3), (251, 8)
(0, 0), (78, 1), (134, 7), (156, 7), (182, 3), (220, 1), (222, 8), (274, 3)
(68, 1), (93, 7), (97, 0), (132, 8), (136, 7), (254, 3), (265, 1), (299, 3)
(95, 7), (118, 7), (141, 1), (181, 0), (243, 3), (245, 1), (294, 8), (296, 3)
(110, 0), (139, 7), (167, 7), (181, 1), (267, 3), (274, 8), (293, 3), (296, 1)
(13, 7), (32, 0), (55, 7), (125, 1), (181, 3), (210, 1), (264, 8), (269, 3)
(11, 7), (20, 1), (34, 7), (37, 1), (50, 0), (138, 3), (180, 8), (244, 3)
(104, 7), (153, 7), (171, 1), (186, 0), (227, 8), (268, 3), (280, 1), (298, 3)
(18, 0), (34, 7), (46, 8), (81, 7), (144, 1), (165, 3), (231, 1), (237, 3)
(66, 0), (131, 7), (175, 8), (176, 7), (210, 3), (277, 1), (280, 3), (283, 1)
(105, 7), (135, 7), (148, 0), (206, 1), (210, 1), (240, 8), (274, 3), (297, 3)
(18, 1), (19, 1), (47, 7), (79, 7), (129, 0), (175, 8), (233, 3), (274, 3)
(10, 0), (64, 1), (94, 8), (125, 1), (126, 7), (145, 7), (188, 3), (230, 3)
(21, 0), (23, 1), (66, 7), (114, 7), (195, 3), (229, 1), (238, 3), (267, 8)
(45, 1), (53, 8), (65, 7), (81, 0), (97, 7), (106, 1), (202, 3), (262, 3)
(9, 1), (40, 7), (76, 7), (182, 1), (190, 8), (192, 0), (247, 3), (296, 3)
(39, 1), (52, 1), (91, 7), (120, 8), (128, 7), (194, 0), (255, 3), (291, 3)
(5, 7), (33, 8), (54, 7), (70, 0), (109, 1), (131, 1), (154, 3), (231, 3)
(35, 8), (109, 7), (156, 7), (175, 0), (227, 1), (268, 3), (275, 1), (298, 3)
(66, 1), (104, 7), (138, 7), (164, 1), (176, 0), (239, 3), (269, 3), (295, 8)
(24, 7), (40, 0), (43, 1), (47, 8), (58, 7), (140, 3), (219, 1), (224, 3)
(9, 7), (55, 7), (139, 1), (154, 0), (196, 1), (227, 3), (264, 3), (295, 8)
(46, 7), (68, 1), (87, 7), (122, 8), (147, 0), (190, 3), (217, 3), (283, 1)
(38, 8), (148, 7), (182, 7), (195, 1), (202, 1), (205, 0), (255, 3), (285, 3)
(67, 7), (76, 8), (102, 0), (108, 7), (127, 1), (170, 3), (233, 3), (284, 1)
(7, 7), (28, 7), (33, 1), (141, 0), (169, 1), (198, 3), (230, 3), (266, 8)
(0, 0), (7, 8), (42, 1), (129, 1), (133, 7), (162, 7), (188, 3), (226, 3)
(71, 8), (75, 0), (80, 7), (100, 7), (158, 3), (215, 1), (253, 1), (275, 3)
(28, 1), (32, 8), (120, 7), (137, 7), (148, 0), (160, 1), (259, 3), (294, 3)
(29, 7), (52, 7), (78, 1), (79, 0), (101, 1), (193, 3), (278, 3), (294, 8)
(1, 7), (22, 7), (134, 0), (176, 1), (207, 3), (266, 3), (281, 8), (285, 1)
(69, 0), (86, 7), (91, 1), (110, 8), (114, 1), (127, 7), (243, 3), (277, 3)
(12, 8), (49, 1), (56, 7), (87, 1), (99, 7), (205, 0), (254, 3), (289, 3)
(1, 1), (13, 7), (41, 7), (48, 0), (184, 3), (186, 8), (259, 3), (265, 1)
(21, 0), (30, 1), (43, 7), (86, 7), (105, 1), (170, 8), (198, 3), (237, 3)
(47, 1), (58, 1), (66, 0), (137, 7), (159, 7), (186, 8), (216, 3), (273, 3)
(40, 7), (72, 0), (87, 7), (155, 3), (217, 3), (267, 1), (272, 8), (296, 1)
(42, 1), (62, 0), (79, 1), (86, 7), (121, 7), (173, 3), (262, 3), (289, 8)
(68, 7), (82, 8), (86, 7), (159, 0), (165, 1), (209, 3), (243, 1), (269, 3)
(123, 7), (138, 7), (195, 1), (208, 0), (212, 8), (238, 1), (268, 3), (298, 3)
(19, 1), (40, 0), (78, 7), (130, 7), (181, 3), (210, 8), (229, 1), (284, 3)
(23, 7), (57, 7), (75, 8), (87, 0), (130, 3), (162, 1), (219, 3), (277, 1)
(4, 7), (20, 7), (59, 1), (100, 0), (144, 3), (210, 3), (214, 1), (294, 8)
(22, 7), (36, 0), (38, 7), (65, 1), (85, 3), (132, 8), (199, 3), (270, 1)
(20, 7), (69, 0), (69, 7), (96, 1), (174, 3), (203, 8), (204, 3), (252, 1)
(25, 0), (131, 7), (151, 8), (153, 7), (193, 1), (193, 3), (251, 1), (290, 3)
(118, 7), (135, 7), (143, 0), (189, 1), (220, 3), (270, 8), (293, 3), (298, 1)
(88, 7), (114, 7), (128, 0), (215, 1), (234, 3), (254, 1), (287, 3), (293, 8)
(68, 1), (91, 7), (118, 7), (215, 0), (235, 1), (247, 8), (262, 3), (299, 3)
(23, 0), (91, 8), (95, 7), (115, 7), (163, 3), (237, 1), (284, 3), (290, 1)
(3, 1), (23, 1), (49, 7), (74, 7), (150, 0), (159, 8), (253, 3), (293, 3)
(82, 1), (126, 7), (138, 8), (143, 0), (167, 7), (192, 3), (244, 3), (270, 1)
(4, 0), (122, 1), (132, 7), (147, 7), (166, 8), (178, 3), (237, 1), (262, 3)
(8, 7), (27, 7), (35, 1), (167, 0), (179, 1), (216, 3), (246, 3), (269, 8)
(8, 1), (48, 7), (71, 7), (122, 0), (180, 1), (226, 3), (283, 8), (287, 3)
(41, 1), (43, 7), (79, 7), (131, 1), (133, 0), (165, 8), (203, 3), (266, 3)
(17, 1), (100, 8), (131, 1), (142, 7), (145, 0), (183, 7), (215, 3), (274, 3)
(87, 1), (125, 7), (145, 7), (184, 0), (241, 3), (249, 8), (274, 1), (287, 3)
(35, 0), (126, 7), (169, 7), (184, 8), (184, 1), (224, 3), (246, 1), (252, 3)
(6, 1), (15, 7), (19, 0), (57, 7), (110, 3), (183, 3), (227, 8), (266, 1)
(43, 8), (57, 0), (62, 7), (79, 7), (98, 1), (111, 1), (248, 3), (273, 3)
(29, 1), (43, 0), (76, 8), (112, 7), (143, 7), (221, 3), (260, 3), (271, 1)
(105, 7), (119, 7), (193, 1), (194, 0), (254, 8), (254, 1), (267, 3), (291, 3)
(10, 0), (13, 1), (144, 7), (168, 7), (185, 1), (191, 3), (293, 3), (294, 8)
(8, 1), (83, 7), (97, 7), (119, 8), (139, 0), (248, 1), (271, 3), (298, 3)
(50, 8), (58, 0), (91, 1), (105, 7), (154, 1), (155, 7), (227, 3), (293, 3)
(86, 0), (120, 7), (143, 1), (167, 7), (197, 1), (243, 3), (283, 8), (292, 3)
(4, 1), (101, 0), (115, 7), (134, 7), (195, 3), (218, 8), (238, 3), (282, 1)
(53, 1), (96, 7), (126, 7), (147, 8), (218, 0), (255, 1), (270, 3), (298, 3)
(17, 1), (52, 1), (53, 7), (101, 7), (157, 8), (164, 0), (226, 3), (279, 3)
(4, 1), (20, 1), (35, 7), (57, 7), (88, 0), (107, 8), (148, 3), (257, 3)
(12, 7), (39, 7), (44, 8), (176, 0), (200, 1), (226, 3), (264, 3), (269, 1)
(129, 7), (136, 0), (148, 7), (177, 8), (230, 1), (247, 3), (280, 1), (291, 3)
(10, 8), (11, 7), (44, 7), (76, 1), (146, 0), (168, 1), (192, 3), (248, 3)
(7, 7), (26, 1), (32, 7), (75, 0), (132, 3), (182, 8), (191, 1), (210, 3)
(67, 7), (86, 0), (106, 7), (150, 8), (178, 3), (184, 1), (217, 1), (266, 3)
(142, 7), (159, 7), (170, 8), (200, 0), (232, 1), (242, 3), (265, 1), (279, 3)
(43, 0), (52, 1), (94, 7), (117, 8), (119, 7), (195, 1), (210, 3), (241, 3)
(16, 7), (53, 7), (69, 1), (75, 8), (121, 1), (197, 0), (241, 3), (271, 3)
(7, 0), (73, 7), (87, 1), (93, 7), (116, 8), (145, 1), (146, 3), (171, 3)
(41, 1), (63, 0), (71, 7), (121, 7), (140, 8), (156, 3), (189, 1), (249, 3)
(33, 7), (44, 1), (60, 7), (101, 8), (168, 0), (217, 3), (218, 1), (298, 3)
(42, 1), (46, 1), (113, 7), (136, 7), (213, 0), (262, 3), (263, 8), (292, 3)
(1, 1), (23, 1), (43, 7), (59, 7), (84, 0), (146, 3), (203, 3), (276, 8)
(48, 0), (83, 7), (115, 7), (131, 1), (196, 3), (238, 8), (240, 3), (288, 1)
(53, 1), (55, 7), (61, 0), (96, 7), (203, 1), (221, 3), (274, 8), (279, 3)
(25, 7), (28, 8), (43, 1), (56, 7), (134, 0), (184, 3), (246, 1), (251, 3)
(1, 8), (56, 7), (57, 1), (89, 7), (107, 0), (153, 3), (254, 3), (274, 1)
(35, 0), (55, 7), (100, 7), (134, 8), (210, 1), (221, 1), (227, 3), (288, 3)
(31, 1), (34, 7), (57, 7), (68, 0), (193, 1), (223, 8), (230, 3), (281, 3)
(66, 1), (105, 7), (129, 1), (138, 7), (203, 0), (224, 8), (269, 3), (296, 3)
(28, 8), (61, 7), (80, 0), (109, 7), (139, 1), (185, 1), (248, 3), (296, 3)
(26, 7), (52, 7), (68, 8), (70, 0), (172, 1), (203, 1), (221, 3), (263, 3)
(63, 8), (87, 1), (92, 0), (100, 7), (145, 7), (231, 1), (271, 3), (294, 3)
(12, 7), (59, 7), (67, 1), (86, 0), (113, 8), (213, 1), (223, 3), (267, 3)
(0, 0), (4, 7), (43, 1), (54, 7), (177, 3), (215, 8), (237, 3), (252, 1)
(79, 1), (94, 0), (124, 8), (138, 7), (170, 7), (203, 3), (235, 3), (245, 1)
(67, 0), (125, 7), (172, 7), (186, 1), (224, 1), (229, 8), (235, 3), (295, 3)
(18, 7), (49, 7), (163, 0), (178, 1), (214, 3), (259, 3), (273, 1), (296, 8)
(64, 1), (95, 0), (97, 7), (113, 7), (135, 1), (187, 8), (213, 3), (288, 3)
(80, 8), (92, 1), (111, 7), (143, 7), (205, 0), (255, 3), (299, 1), (299, 3)
(39, 7), (57, 7), (84, 0), (88, 8), (108, 1), (179, 1), (207, 3), (248, 3)
(7, 1), (33, 7), (59, 7), (124, 8), (135, 1), (198, 0), (244, 3), (298, 3)
(1, 8), (13, 1), (22, 0), (94, 7), (97, 1), (145, 7), (171, 3), (234, 3)
(20, 1), (30, 1), (43, 7), (76, 8), (80, 7), (194, 0), (253, 3), (299, 3)
(3, 7), (20, 1), (26, 7), (49, 0), (72, 1), (176, 3), (194, 8), (273, 3)
(1, 8), (6, 1), (51, 7), (68, 0), (77, 7), (235, 3), (292, 1), (294, 3)
(6, 7), (41, 7), (63, 1), (99, 0), (102, 8), (143, 1), (172, 3), (227, 3)
(38, 8), (92, 7), (129, 7), (170, 0), (218, 3), (223, 1), (258, 3), (294, 1)
(76, 0), (109, 1), (138, 7), (166, 7), (215, 8), (262, 3), (276, 1), (291, 3)
(0, 0), (58, 7), (81, 7), (112, 8), (112, 1), (143, 3), (218, 1), (254, 3)
(13, 7), (64, 7), (173, 1), (207, 0), (231, 8), (248, 3), (293, 1), (296, 3)
(9, 8), (34, 0), (99, 1), (136, 7), (153, 7), (210, 3), (242, 3), (279, 1)
(7, 1), (42, 0), (99, 7), (117, 7), (158, 3), (207, 1), (246, 8), (264, 3)
(135, 7), (151, 0), (165, 7), (216, 1), (225, 1), (231, 3), (296, 3), (299, 8)
(40, 1), (41, 0), (46, 7), (92, 7), (152, 1), (159, 3), (225, 3), (249, 8)
(28, 8), (133, 7), (159, 1), (182, 7), (212, 0), (253, 1), (272, 3), (296, 3)
(14, 7), (29, 8), (50, 7), (143, 0), (217, 3), (241, 1), (246, 3), (283, 1)
(53, 1), (69, 7), (104, 7), (201, 8), (204, 0), (252, 1), (268, 3), (299, 3)
(31, 1), (75, 8), (93, 0), (99, 7), (128, 1), (132, 7), (204, 3), (231, 3)
(53, 7), (92, 0), (101, 1), (102, 7), (120, 1), (127, 8), (235, 3), (262, 3)
(30, 1), (38, 0), (85, 8), (122, 7), (166, 7), (205, 3), (232, 1), (242, 3)
(38, 7), (76, 7), (137, 0), (163, 1), (213, 8), (228, 1), (235, 3), (265, 3)
(34, 0), (61, 7), (92, 7), (104, 8), (117, 1), (137, 3), (159, 1), (220, 3)
(8, 8), (48, 0), (106, 1), (109, 7), (155, 7), (195, 3), (271, 3), (285, 1)
(11, 8), (38, 0), (113, 7), (146, 7), (209, 3), (263, 1), (268, 3), (287, 1)
(23, 7), (35, 0), (35, 1), (56, 7), (201, 3), (223, 1), (250, 3), (274, 8)
(0, 1), (81, 0), (82, 7), (108, 7), (154, 3), (172, 1), (199, 3), (268, 8)
(65, 0), (118, 7), (147, 1), (161, 7), (168, 1), (202, 3), (282, 3), (291, 8)
(8, 7), (37, 1), (47, 7), (60, 1), (194, 0), (236, 3), (266, 3), (290, 8)
(34, 0), (89, 8), (93, 1), (121, 7), (169, 7), (174, 1), (217, 3), (248, 3)
(27, 7), (65, 7), (109, 1), (155, 1), (157, 0), (162, 8), (227, 3), (270, 3)
(80, 8), (110, 1), (125, 7), (146, 7), (153, 0), (166, 1), (237, 3), (267, 3)
(4, 8), (9, 7), (28, 7), (64, 1), (163, 0), (187, 1), (210, 3), (267, 3)
(103, 0), (111, 7), (122, 8), (150, 7), (199, 1), (232, 3), (278, 1), (296, 3)
(16, 7), (62, 7), (196, 0), (208, 8), (242, 3), (257, 1), (259, 1), (275, 3)
(59, 1), (65, 0), (114, 7), (137, 8), (165, 7), (177, 1), (204, 3), (247, 3)
(31, 7), (76, 7), (204, 1), (207, 0), (231, 8), (250, 3), (256, 1), (293, 3)
(5, 8), (67, 0), (112, 7), (150, 7), (186, 1), (254, 3), (280, 1), (283, 3)
(0, 0), (144, 7), (146, 1), (169, 7), (177, 8), (181, 1), (193, 3), (260, 3)
(40, 1), (63, 7), (95, 7), (121, 0), (196, 1), (248, 3), (281, 3), (292, 8)
(104, 0), (119, 7), (155, 7), (173, 8), (258, 1), (272, 3), (292, 1), (297, 3)
(32, 8), (86, 7), (89, 0), (133, 7), (177, 1), (181, 3), (223, 1), (232, 3)
(44, 1), (49, 0), (108, 7), (135, 7), (161, 3), (188, 8), (197, 3), (291, 1)
(14, 0), (17, 7), (51, 7), (112, 8), (151, 3), (160, 1), (177, 3), (243, 1)
(35, 7), (38, 1), (66, 1), (73, 7), (147, 0), (179, 8), (212, 3), (257, 3)
(45, 7), (60, 7), (117, 1), (117, 1), (129, 0), (226, 8), (250, 3), (285, 3)
(33, 7), (62, 8), (67, 0), (74, 7), (96, 1), (176, 3), (181, 1), (242, 3)
(36, 7), (69, 7), (121, 0), (195, 3), (226, 8), (249, 1), (283, 3), (289, 1)
(27, 0), (76, 1), (136, 7), (161, 7), (189, 3), (232, 1), (261, 3), (285, 8)
(89, 7), (115, 8), (132, 0), (132, 7), (230, 1), (234, 1), (246, 3), (294, 3)
(12, 1), (23, 7), (30, 0), (37, 1), (46, 7), (107, 3), (129, 8), (228, 3)
(13, 7), (14, 8), (47, 7), (84, 1), (125, 1), (182, 0), (231, 3), (293, 3)
(12, 7), (41, 7), (96, 1), (101, 0), (222, 3), (223, 1), (267, 8), (289, 3)
(16, 8), (43, 7), (68, 7), (175, 1), (187, 0), (233, 1), (237, 3), (286, 3)
(11, 7), (57, 7), (58, 1), (80, 8), (202, 0), (247, 3), (259, 1), (287, 3)
(55, 8), (134, 7), (152, 0), (170, 7), (248, 3), (271, 1), (271, 1), (280, 3)
(53, 7), (86, 7), (106, 1), (114, 1), (153, 0), (213, 3), (282, 8), (296, 3)
(119, 7), (148, 7), (176, 0), (180, 1), (220, 3), (272, 3), (295, 1), (296, 8)
(7, 7), (40, 1), (43, 7), (129, 0), (154, 1), (193, 8), (197, 3), (268, 3)
(15, 1), (91, 7), (119, 7), (127, 0), (152, 8), (179, 1), (217, 3), (246, 3)
(20, 7), (38, 7), (82, 1), (149, 0), (214, 3), (246, 8), (251, 1), (268, 3)
(30, 8), (66, 7), (98, 7), (127, 0), (197, 1), (211, 3), (225, 1), (260, 3)
(52, 7), (100, 0), (103, 7), (120, 1), (185, 3), (188, 1), (224, 3), (291, 8)
(27, 1), (48, 8), (78, 7), (85, 0), (93, 7), (208, 3), (263, 3), (267, 1)
(35, 7), (66, 1), (81, 7), (98, 0), (202, 1), (222, 3), (269, 8), (290, 3)
(9, 0), (21, 1), (94, 8), (123, 7), (155, 7), (195, 3), (256, 1), (297, 3)
(26, 1), (109, 7), (109, 1), (147, 7), (191, 0), (234, 3), (259, 3), (284, 8)
(31, 8), (78, 7), (104, 7), (181, 1), (188, 0), (246, 3), (282, 3), (291, 1)
(33, 8), (45, 1), (49, 1), (67, 7), (89, 7), (150, 0), (254, 3), (279, 3)
(38, 0), (101, 7), (114, 1), (127, 7), (130, 1), (195, 3), (246, 3), (262, 8)
(105, 0), (146, 7), (151, 1), (191, 7), (215, 3), (242, 8), (254, 3), (284, 1)
(15, 1), (37, 0), (83, 7), (125, 7), (144, 1), (152, 3), (185, 8), (187, 3)
(9, 1), (26, 7), (47, 7), (122, 1), (135, 0), (181, 3), (217, 8), (293, 3)
(3, 7), (21, 7), (73, 0), (115, 3), (144, 8), (225, 1), (235, 3), (269, 1)
(0, 7), (28, 1), (29, 7), (138, 0), (145, 8), (175, 1), (219, 3), (269, 3)
(22, 7), (39, 0), (51, 7), (106, 3), (132, 8), (177, 3), (237, 1), (294, 1)
(71, 0), (90, 7), (117, 8), (125, 1), (135, 7), (155, 1), (215, 3), (252, 3)
(65, 7), (98, 1), (117, 7), (155, 0), (161, 8), (220, 1), (251, 3), (293, 3)
(53, 7), (104, 7), (140, 1), (200, 0), (212, 1), (246, 8), (260, 3), (294, 3)
(9, 8), (59, 7), (92, 1), (107, 7), (137, 1), (138, 0), (240, 3), (273, 3)
(27, 7), (58, 1), (63, 0), (75, 7), (109, 3), (122, 8), (157, 3), (172, 1)
(72, 0), (74, 7), (107, 7), (154, 8), (164, 1), (221, 3), (235, 1), (263, 3)
(45, 7), (54, 1), (85, 0), (89, 7), (127, 3), (140, 1), (185, 3), (190, 8)
(47, 1), (50, 1), (75, 7), (102, 7), (103, 0), (187, 8), (213, 3), (262, 3)
(19, 1), (33, 0), (77, 7), (118, 7), (136, 8), (151, 3), (196, 3), (261, 1)
(14, 7), (58, 7), (125, 0), (168, 1), (228, 3), (278, 3), (281, 1), (282, 8)
(23, 1), (39, 0), (71, 7), (102, 8), (104, 1), (109, 7), (173, 3), (231, 3)
(61, 7), (78, 7), (157, 8), (189, 1), (213, 1), (217, 0), (263, 3), (297, 3)
(2, 7), (18, 7), (89, 1), (123, 0), (139, 8), (185, 3), (215, 3), (248, 1)
(87, 8), (113, 1), (138, 7), (165, 1), (170, 7), (218, 0), (268, 3), (296, 3)
(136, 0), (143, 7), (187, 7), (197, 1), (228, 3), (264, 3), (282, 1), (289, 8)
(6, 1), (33, 7), (79, 7), (104, 0), (163, 8), (179, 3), (235, 1), (244, 3)
(28, 7), (59, 7), (70, 0), (91, 8), (110, 1), (157, 3), (189, 3), (219, 1)
(15, 7), (33, 1), (54, 7), (85, 1), (146, 0), (229, 3), (236, 8), (261, 3)
(1, 8), (63, 1), (114, 1), (143, 7), (162, 7), (200, 0), (272, 3), (298, 3)
(16, 7), (35, 7), (106, 0), (166, 3), (168, 1), (190, 3), (213, 1), (263, 8)
(3, 7), (46, 7), (49, 0), (110, 8), (129, 1), (143, 3), (176, 3), (210, 1)
(41, 0), (46, 7), (60, 1), (88, 7), (138, 1), (142, 8), (195, 3), (240, 3)
(23, 8), (66, 7), (91, 7), (140, 0), (142, 1), (213, 1), (262, 3), (299, 3)
(0, 8), (25, 0), (65, 1), (96, 7), (132, 7), (163, 3), (197, 3), (253, 1)
(66, 1), (71, 8), (133, 7), (155, 0), (161, 7), (223, 3), (248, 3), (271, 1)
(13, 7), (42, 1), (43, 7), (44, 1), (96, 8), (138, 0), (216, 3), (298, 3)
(2, 1), (69, 1), (91, 8), (97, 7), (111, 0), (127, 7), (200, 3), (288, 3)
(2, 1), (30, 7), (81, 7), (172, 1), (192, 0), (237, 8), (248, 3), (297, 3)
(49, 7), (59, 0), (66, 7), (145, 1), (158, 3), (193, 1), (230, 3), (264, 8)
(66, 7), (74, 0), (87, 7), (116, 1), (171, 3), (221, 1), (243, 3), (245, 8)
(23, 7), (39, 0), (41, 7), (62, 1), (156, 3), (207, 3), (264, 8), (264, 1)
(11, 7), (45, 7), (135, 1), (140, 8), (142, 0), (186, 1), (223, 3), (280, 3)
(8, 0), (90, 7), (97, 8), (117, 1), (132, 7), (197, 3), (218, 1), (256, 3)
(9, 1), (50, 7), (68, 7), (73, 0), (100, 1), (132, 3), (214, 3), (223, 8)
(12, 7), (28, 7), (115, 0), (199, 1), (200, 3), (223, 8), (256, 1), (279, 3)
(12, 1), (20, 7), (67, 7), (149, 8), (151, 1), (167, 0), (227, 3), (270, 3)
(61, 1), (105, 8), (138, 7), (185, 7), (205, 0), (274, 3), (290, 1), (297, 3)
(84, 8), (121, 0), (132, 7), (152, 7), (177, 3), (206, 1), (206, 3), (273, 1)
(25, 7), (43, 7), (55, 0), (89, 1), (104, 8), (131, 3), (199, 1), (253, 3)
(15, 7), (31, 0), (40, 7), (66, 1), (188, 1), (217, 8), (218, 3), (256, 3)
(12, 1), (16, 7), (43, 7), (85, 0), (128, 3), (174, 1), (197, 3), (235, 8)
(20, 7), (23, 1), (42, 7), (108, 0), (114, 8), (119, 1), (184, 3), (284, 3)
(5, 1), (15, 1), (59, 7), (85, 7), (91, 0), (216, 3), (244, 8), (274, 3)
(57, 7), (90, 7), (135, 8), (197, 1), (225, 0), (268, 1), (269, 3), (293, 3)
(18, 1), (25, 8), (121, 7), (153, 1), (155, 7), (207, 0), (273, 3), (299, 3)
(4, 1), (44, 7), (68, 7), (114, 1), (146, 0), (216, 3), (229, 8), (271, 3)
(54, 8), (120, 1), (143, 7), (187, 0), (189, 7), (248, 3), (267, 1), (275, 3)
(56, 0), (83, 7), (123, 8), (135, 7), (207, 3), (234, 1), (277, 1), (286, 3)
(23, 7), (64, 1), (73, 7), (75, 0), (161, 8), (228, 3), (235, 1), (291, 3)
(32, 0), (54, 7), (75, 7), (95, 1), (111, 3), (126, 1), (169, 3), (296, 8)
(18, 7), (39, 7), (77, 1), (132, 8), (156, 0), (214, 3), (269, 3), (279, 1)
(5, 7), (25, 7), (68, 0), (193, 3), (204, 8), (221, 1), (231, 1), (262, 3)
(83, 7), (133, 7), (206, 0), (261, 3), (271, 8), (286, 1), (293, 1), (293, 3)
(37, 7), (69, 7), (99, 0), (141, 1), (150, 3), (169, 1), (260, 8), (260, 3)
(28, 1), (111, 7), (140, 7), (179, 0), (187, 1), (239, 8), (267, 3), (297, 3)
(5, 7), (32, 7), (34, 1), (108, 0), (155, 8), (199, 3), (208, 1), (241, 3)
(24, 7), (38, 7), (137, 8), (163, 0), (207, 3), (246, 3), (256, 1), (260, 1)
(91, 0), (128, 8), (138, 1), (139, 7), (160, 7), (266, 1), (269, 3), (294, 3)
(7, 0), (57, 1), (72, 1), (85, 7), (104, 7), (139, 3), (207, 3), (226, 8)
(83, 7), (116, 7), (145, 8), (170, 0), (211, 3), (239, 1), (249, 1), (281, 3)
(45, 0), (55, 7), (91, 7), (93, 1), (198, 3), (212, 8), (235, 3), (284, 1)
(23, 0), (64, 8), (111, 7), (138, 7), (150, 1), (159, 1), (162, 3), (257, 3)
(83, 7), (85, 8), (112, 7), (143, 0), (259, 1), (271, 3), (286, 1), (294, 3)
(19, 7), (33, 1), (67, 7), (75, 1), (213, 0), (217, 8), (255, 3), (299, 3)
(37, 7), (43, 1), (43, 1), (58, 7), (102, 0), (202, 8), (226, 3), (285, 3)
(72, 8), (84, 7), (89, 0), (104, 7), (178, 3), (192, 1), (260, 3), (298, 1)
(51, 0), (64, 7), (102, 7), (105, 1), (170, 8), (189, 3), (227, 3), (268, 1)
(18, 7), (32, 1), (48, 7), (64, 0), (129, 3), (206, 3), (211, 1), (223, 8)
(15, 1), (18, 7), (40, 7), (139, 1), (187, 0), (230, 3), (243, 8), (254, 3)
(52, 7), (90, 1), (101, 7), (114, 1), (147, 0), (184, 8), (203, 3), (227, 3)
(54, 7), (59, 0), (102, 7), (166, 3), (177, 1), (203, 1), (207, 8), (256, 3)
(57, 7), (75, 7), (205, 1), (206, 0), (256, 3), (263, 1), (286, 3), (290, 8)
(79, 8), (82, 1), (84, 7), (113, 7), (172, 0), (211, 1), (242, 3), (294, 3)
(13, 7), (26, 1), (37, 1), (50, 7), (159, 0), (227, 3), (229, 8), (254, 3)
(17, 7), (40, 1), (56, 8), (61, 7), (89, 0), (144, 1), (222, 3), (297, 3)
(64, 1), (84, 1), (103, 7), (139, 7), (172, 0), (230, 3), (239, 8), (257, 3)
(23, 7), (28, 8), (64, 7), (93, 0), (146, 1), (205, 1), (208, 3), (275, 3)
(17, 7), (43, 1), (48, 7), (159, 0), (196, 1), (215, 3), (257, 8), (284, 3)
(20, 7), (43, 7), (168, 8), (174, 1), (181, 0), (227, 3), (232, 1), (286, 3)
(88, 7), (112, 7), (133, 1), (165, 0), (189, 8), (205, 1), (263, 3), (286, 3)
(36, 7), (64, 8), (84, 7), (141, 0), (206, 3), (248, 1), (264, 1), (288, 3)
(78, 0), (116, 1), (141, 1), (144, 7), (164, 7), (268, 3), (287, 8), (296, 3)
(68, 7), (88, 7), (115, 0), (130, 1), (229, 3), (273, 3), (295, 8), (296, 1)
(36, 1), (64, 7), (91, 7), (106, 1), (190, 0), (231, 8), (259, 3), (298, 3)
(34, 7), (83, 7), (98, 1), (112, 1), (153, 0), (206, 3), (232, 3), (270, 8)
(53, 1), (63, 0), (90, 1), (114, 7), (158, 7), (213, 8), (226, 3), (253, 3)
(110, 7), (142, 7), (146, 0), (171, 1), (222, 3), (230, 1), (267, 3), (282, 8)
(23, 7), (43, 8), (69, 7), (125, 0), (125, 1), (207, 3), (242, 3), (276, 1)
(1, 8), (14, 0), (20, 7), (39, 7), (144, 3), (159, 1), (196, 1), (207, 3)
(23, 0), (35, 7), (59, 7), (90, 8), (108, 1), (116, 3), (231, 3), (283, 1)
(5, 7), (28, 0), (46, 7), (71, 1), (124, 3), (127, 8), (155, 3), (254, 1)
(60, 1), (120, 7), (129, 0), (144, 7), (148, 8), (204, 3), (250, 3), (266, 1)
(31, 7), (53, 7), (54, 1), (82, 1), (151, 8), (198, 0), (239, 3), (269, 3)
(46, 1), (70, 7), (108, 7), (183, 0), (237, 3), (262, 3), (270, 1), (282, 8)
(3, 0), (105, 1), (127, 7), (161, 7), (171, 1), (187, 8), (188, 3), (274, 3)
(13, 7), (63, 7), (129, 0), (215, 3), (244, 8), (250, 1), (263, 1), (282, 3)
(17, 1), (21, 0), (112, 8), (136, 7), (152, 1), (154, 7), (194, 3), (256, 3)
(26, 7), (47, 8), (76, 7), (130, 1), (168, 1), (225, 0), (266, 3), (296, 3)
(23, 7), (23, 8), (58, 7), (104, 0), (125, 1), (180, 3), (237, 3), (253, 1)
(35, 7), (59, 1), (70, 7), (173, 8), (208, 0), (256, 3), (293, 1), (294, 3)
(71, 7), (76, 8), (78, 1), (111, 0), (112, 7), (161, 3), (229, 3), (241, 1)
(40, 7), (79, 8), (92, 7), (148, 1), (177, 0), (231, 1), (249, 3), (280, 3)
(33, 7), (33, 8), (65, 7), (162, 0), (226, 1), (239, 3), (261, 1), (293, 3)
(48, 7), (62, 0), (92, 7), (211, 3), (225, 1), (260, 8), (276, 1), (276, 3)
(41, 8), (112, 7), (134, 1), (143, 7), (186, 0), (233, 3), (237, 1), (287, 3)
(55, 0), (80, 8), (83, 1), (128, 7), (148, 7), (193, 3), (225, 3), (295, 1)
(27, 7), (71, 7), (99, 1), (141, 8), (215, 0), (236, 1), (257, 3), (288, 3)
(114, 1), (128, 0), (131, 7), (144, 8), (155, 7), (240, 1), (255, 3), (283, 3)
(30, 0), (53, 7), (89, 7), (158, 8), (162, 1), (211, 3), (247, 3), (284, 1)
(2, 7), (38, 7), (44, 1), (93, 1), (144, 0), (221, 3), (255, 8), (292, 3)
(2, 1), (29, 7), (80, 7), (171, 8), (221, 1), (226, 0), (268, 3), (298, 3)
(7, 7), (53, 7), (60, 0), (162, 3), (164, 8), (191, 3), (250, 1), (290, 1)
(68, 7), (73, 0), (114, 7), (211, 1), (227, 1), (247, 8), (251, 3), (288, 3)
(4, 8), (60, 7), (88, 7), (119, 0), (173, 1), (178, 3), (193, 1), (211, 3)
(16, 1), (46, 1), (85, 8), (97, 7), (102, 0), (143, 7), (223, 3), (258, 3)
(19, 7), (20, 0), (58, 7), (125, 3), (174, 1), (179, 8), (210, 3), (241, 1)
(1, 0), (122, 1), (124, 8), (132, 7), (160, 7), (185, 3), (221, 3), (256, 1)
(80, 1), (112, 7), (129, 7), (155, 1), (215, 0), (261, 3), (262, 8), (293, 3)
(18, 7), (39, 7), (55, 0), (114, 3), (132, 1), (156, 3), (233, 1), (242, 8)
(17, 1), (99, 7), (113, 0), (115, 7), (117, 1), (243, 3), (253, 8), (292, 3)
(25, 1), (50, 7), (78, 7), (117, 8), (137, 1), (140, 0), (226, 3), (286, 3)
(33, 1), (66, 8), (90, 1), (110, 7), (145, 7), (157, 0), (229, 3), (290, 3)
(0, 7), (10, 1), (47, 7), (87, 0), (171, 8), (206, 3), (287, 3), (291, 1)
(77, 7), (107, 7), (175, 1), (222, 0), (257, 8), (275, 3), (279, 1), (298, 3)
(67, 7), (70, 0), (98, 7), (149, 3), (181, 1), (186, 8), (186, 1), (248, 3)
(24, 7), (65, 7), (103, 1), (213, 0), (213, 1), (255, 3), (269, 8), (298, 3)
(53, 8), (66, 1), (68, 0), (139, 7), (169, 7), (175, 1), (203, 3), (265, 3)
(7, 7), (11, 1), (59, 7), (89, 0), (108, 1), (154, 8), (177, 3), (290, 3)
(3, 0), (39, 7), (66, 7), (82, 8), (176, 3), (217, 1), (293, 3), (296, 1)
(76, 1), (77, 7), (94, 7), (122, 0), (217, 3), (243, 8), (254, 3), (277, 1)
(43, 7), (72, 7), (74, 0), (147, 8), (193, 3), (228, 1), (278, 3), (299, 1)
(19, 7), (45, 7), (121, 8), (124, 1), (142, 0), (166, 1), (229, 3), (288, 3)
(56, 0), (95, 7), (134, 7), (162, 3), (188, 1), (244, 1), (272, 3), (293, 8)
(63, 8), (78, 1), (143, 7), (157, 1), (168, 7), (212, 0), (270, 3), (294, 3)
(15, 7), (16, 1), (44, 7), (62, 0), (113, 8), (194, 1), (218, 3), (299, 3)
(16, 1), (17, 0), (110, 8), (113, 7), (117, 1), (129, 7), (177, 3), (273, 3)
(79, 7), (114, 7), (168, 0), (221, 3), (246, 1), (246, 3), (277, 1), (282, 8)
(42, 0), (79, 1), (116, 7), (120, 1), (131, 7), (169, 3), (265, 3), (289, 8)
(38, 7), (41, 0), (60, 7), (115, 3), (143, 1), (153, 3), (162, 8), (230, 1)
(39, 0), (101, 7), (121, 1), (128, 7), (155, 3), (222, 1), (239, 8), (267, 3)
(13, 1), (54, 1), (64, 0), (70, 7), (107, 7), (212, 8), (225, 3), (295, 3)
(18, 7), (45, 8), (58, 7), (153, 0), (190, 1), (214, 3), (224, 1), (255, 3)
(21, 1), (24, 0), (40, 8), (109, 7), (147, 7), (214, 3), (240, 1), (286, 3)
(39, 1), (59, 0), (139, 8), (147, 7), (164, 7), (182, 1), (208, 3), (266, 3)
(4, 7), (7, 1), (50, 7), (146, 0), (184, 8), (229, 3), (272, 3), (282, 1)
(34, 1), (39, 7), (69, 7), (132, 0), (165, 8), (181, 3), (213, 3), (219, 1)
(77, 0), (98, 7), (139, 7), (143, 1), (147, 1), (171, 3), (173, 8), (214, 3)
(77, 7), (90, 1), (122, 7), (142, 0), (144, 8), (147, 1), (212, 3), (250, 3)
(34, 7), (46, 0), (86, 7), (117, 3), (139, 8), (149, 1), (198, 3), (270, 1)
(19, 0), (107, 1), (131, 8), (132, 7), (161, 7), (194, 3), (196, 1), (277, 3)
(14, 1), (70, 0), (80, 7), (132, 7), (160, 3), (183, 1), (206, 3), (271, 8)
(4, 7), (41, 7), (82, 0), (84, 1), (120, 8), (137, 1), (175, 3), (267, 3)
(59, 7), (61, 1), (63, 8), (95, 7), (164, 1), (165, 0), (238, 3), (289, 3)
(33, 7), (74, 7), (74, 1), (77, 0), (102, 8), (189, 3), (213, 1), (299, 3)
(49, 7), (94, 7), (112, 1), (199, 0), (262, 3), (283, 1), (287, 3), (289, 8)
(11, 8), (26, 7), (73, 7), (147, 1), (156, 1), (211, 0), (254, 3), (299, 3)
(28, 0), (95, 7), (144, 7), (173, 1), (212, 1), (214, 3), (250, 3), (281, 8)
(10, 1), (101, 7), (130, 7), (134, 0), (165, 8), (233, 3), (260, 1), (260, 3)
(3, 0), (33, 1), (55, 8), (132, 7), (166, 7), (189, 3), (213, 3), (259, 1)
(5, 7), (16, 0), (38, 7), (42, 8), (89, 3), (115, 3), (234, 1), (261, 1)
(8, 1), (30, 7), (68, 7), (127, 1), (145, 8), (214, 0), (258, 3), (290, 3)
(13, 7), (35, 1), (54, 7), (132, 0), (200, 3), (267, 1), (278, 8), (283, 3)
(25, 1), (92, 8), (136, 7), (153, 0), (172, 7), (197, 1), (258, 3), (299, 3)
(7, 8), (50, 1), (71, 0), (112, 7), (164, 7), (210, 1), (263, 3), (288, 3)
(13, 0), (84, 7), (104, 7), (126, 8), (142, 1), (143, 3), (149, 1), (193, 3)
(26, 1), (116, 7), (127, 0), (145, 7), (185, 3), (220, 8), (222, 3), (257, 1)
(27, 7), (65, 8), (71, 7), (151, 0), (196, 1), (228, 3), (233, 1), (293, 3)
(60, 1), (95, 8), (129, 7), (148, 7), (187, 0), (259, 3), (283, 3), (288, 1)
(42, 1), (64, 7), (87, 7), (116, 1), (139, 8), (233, 0), (274, 3), (299, 3)
(58, 0), (62, 7), (82, 1), (83, 1), (98, 7), (173, 3), (214, 8), (283, 3)
(139, 7), (153, 7), (157, 1), (187, 0), (251, 8), (263, 3), (283, 1), (289, 3)
(5, 7), (27, 7), (138, 0), (165, 1), (174, 8), (179, 1), (180, 3), (265, 3)
(26, 7), (53, 7), (128, 1), (172, 0), (184, 1), (217, 3), (275, 8), (276, 3)
(14, 1), (15, 7), (52, 8), (52, 7), (116, 0), (163, 1), (169, 3), (286, 3)
(26, 7), (51, 0), (59, 8), (73, 7), (73, 1), (95, 1), (98, 3), (210, 3)
(95, 8), (145, 7), (168, 7), (176, 0), (232, 1), (267, 3), (294, 3), (298, 1)
(6, 7), (8, 8), (33, 7), (67, 1), (130, 0), (173, 3), (184, 1), (232, 3)
(34, 0), (35, 7), (51, 1), (86, 7), (151, 8), (161, 3), (201, 1), (276, 3)
(61, 7), (88, 0), (106, 7), (111, 1), (178, 1), (244, 8), (256, 3), (294, 3)
(1, 1), (17, 0), (35, 7), (85, 7), (169, 8), (180, 3), (226, 3), (282, 1)
(27, 7), (39, 8), (75, 7), (96, 1), (161, 0), (227, 3), (279, 3), (280, 1)
(17, 7), (56, 7), (57, 0), (63, 1), (112, 1), (115, 3), (195, 3), (266, 8)
(29, 7), (77, 7), (150, 0), (161, 1), (189, 8), (211, 1), (227, 3), (259, 3)
(14, 1), (33, 7), (66, 0), (68, 7), (98, 8), (166, 3), (193, 1), (200, 3)
(45, 7), (63, 7), (88, 0), (126, 8), (133, 1), (142, 1), (183, 3), (246, 3)
(135, 7), (148, 0), (155, 7), (190, 8), (205, 3), (210, 1), (228, 1), (258, 3)
(5, 8), (11, 1), (61, 0), (96, 1), (119, 7), (171, 7), (195, 3), (234, 3)
(17, 7), (66, 7), (80, 1), (103, 1), (195, 0), (243, 3), (268, 3), (287, 8)
(31, 7), (57, 8), (64, 7), (113, 0), (168, 1), (222, 1), (223, 3), (259, 3)
(7, 8), (25, 0), (51, 1), (124, 7), (165, 7), (192, 3), (215, 1), (233, 3)
(35, 7), (57, 8), (64, 7), (141, 1), (176, 0), (202, 1), (247, 3), (271, 3)
(4, 0), (67, 8), (82, 1), (107, 7), (109, 1), (142, 7), (191, 3), (273, 3)
(72, 8), (91, 0), (106, 7), (129, 1), (145, 7), (270, 1), (275, 3), (298, 3)
(23, 0), (49, 7), (72, 7), (91, 1), (120, 8), (145, 3), (178, 1), (222, 3)
(20, 0), (50, 8), (97, 7), (116, 1), (146, 7), (197, 1), (203, 3), (279, 3)
(3, 7), (49, 8), (54, 7), (97, 1), (203, 0), (226, 1), (244, 3), (296, 3)
(76, 7), (100, 7), (150, 1), (168, 0), (192, 1), (237, 8), (243, 3), (266, 3)
(30, 7), (56, 7), (76, 1), (120, 0), (205, 8), (223, 3), (260, 1), (292, 3)
(1, 7), (11, 0), (24, 7), (67, 8), (77, 1), (118, 3), (131, 1), (171, 3)
(28, 7), (47, 7), (63, 0), (198, 3), (242, 1), (252, 1), (253, 8), (281, 3)
(7, 8), (25, 7), (30, 1), (53, 0), (69, 7), (123, 3), (183, 3), (259, 1)
(5, 7), (44, 7), (85, 8), (114, 1), (147, 1), (191, 0), (232, 3), (283, 3)
(32, 7), (47, 1), (79, 7), (115, 1), (203, 8), (213, 0), (262, 3), (294, 3)
(14, 0), (74, 7), (100, 7), (111, 1), (133, 3), (141, 8), (166, 3), (245, 1)
(2, 7), (32, 7), (134, 0), (197, 1), (202, 3), (215, 8), (264, 1), (284, 3)
(22, 8), (66, 7), (110, 7), (120, 0), (173, 1), (173, 1), (176, 3), (265, 3)
(29, 0), (89, 7), (94, 8), (124, 7), (144, 1), (157, 3), (231, 3), (272, 1)
(120, 8), (149, 7), (154, 1), (168, 1), (198, 7), (206, 0), (268, 3), (294, 3)
(14, 8), (23, 7), (74, 7), (93, 1), (213, 0), (239, 1), (256, 3), (287, 3)
(113, 7), (114, 0), (163, 7), (188, 1), (233, 3), (274, 3), (293, 8), (298, 1)
(1, 0), (26, 1), (81, 7), (118, 7), (158, 1), (165, 3), (166, 8), (230, 3)
(18, 7), (50, 7), (62, 0), (133, 3), (163, 1), (166, 3), (198, 8), (241, 1)
(8, 8), (18, 7), (27, 0), (47, 7), (93, 3), (134, 3), (161, 1), (244, 1)
(27, 7), (60, 7), (111, 1), (112, 8), (163, 0), (242, 3), (251, 1), (280, 3)
(19, 1), (30, 0), (50, 8), (73, 7), (103, 7), (168, 3), (193, 3), (207, 1)
(19, 7), (40, 1), (46, 8), (71, 7), (129, 0), (208, 3), (252, 1), (267, 3)
(64, 7), (80, 7), (83, 1), (163, 0), (202, 8), (208, 1), (252, 3), (287, 3)
(71, 8), (144, 7), (158, 0), (183, 7), (212, 3), (276, 1), (278, 3), (291, 1)
(9, 8), (22, 1), (83, 7), (101, 0), (102, 7), (110, 1), (234, 3), (280, 3)
(102, 0), (123, 7), (131, 1), (164, 7), (193, 8), (213, 3), (250, 1), (250, 3)
(10, 7), (22, 8), (42, 0), (53, 7), (133, 1), (200, 3), (217, 1), (257, 3)
(7, 1), (34, 7), (49, 7), (72, 8), (110, 1), (187, 0), (232, 3), (284, 3)
(20, 0), (38, 1), (89, 7), (121, 7), (147, 8), (181, 3), (217, 3), (237, 1)
(28, 7), (58, 1), (62, 7), (86, 8), (103, 1), (187, 0), (249, 3), (296, 3)
(16, 7), (68, 7), (90, 1), (169, 1), (215, 0), (256, 3), (265, 8), (289, 3)
(16, 0), (69, 7), (113, 1), (114, 7), (136, 3), (165, 8), (236, 3), (237, 1)
(21, 1), (44, 7), (63, 0), (79, 7), (137, 3), (176, 1), (214, 3), (261, 8)
(5, 7), (21, 7), (29, 0), (90, 1), (97, 1), (136, 3), (202, 8), (210, 3)
(29, 8), (67, 0), (133, 1), (137, 1), (141, 7), (183, 7), (218, 3), (253, 3)
(60, 1), (69, 7), (86, 7), (132, 0), (195, 3), (205, 8), (229, 3), (252, 1)
(41, 8), (44, 1), (132, 7), (142, 0), (165, 1), (168, 7), (270, 3), (294, 3)
(17, 1), (47, 8), (96, 1), (99, 7), (138, 7), (154, 0), (238, 3), (286, 3)
(31, 1), (96, 0), (125, 8), (136, 7), (163, 7), (232, 1), (268, 3), (293, 3)
(10, 7), (16, 1), (28, 0), (50, 7), (87, 1), (89, 8), (153, 3), (254, 3)
(8, 0), (23, 7), (45, 7), (163, 1), (198, 3), (261, 8), (292, 3), (294, 1)
(40, 1), (49, 0), (88, 8), (124, 7), (176, 7), (211, 3), (241, 1), (269, 3)
(29, 1), (38, 7), (53, 7), (145, 1), (156, 0), (233, 3), (263, 3), (277, 8)
(28, 1), (31, 1), (59, 0), (97, 7), (115, 7), (148, 8), (206, 3), (298, 3)
(81, 7), (111, 7), (172, 1), (191, 0), (218, 1), (237, 3), (277, 3), (299, 8)
(50, 7), (59, 8), (68, 1), (84, 7), (166, 1), (177, 0), (244, 3), (286, 3)
(21, 1), (85, 0), (88, 7), (119, 7), (157, 8), (244, 1), (246, 3), (279, 3)
(12, 1), (65, 7), (74, 1), (80, 7), (159, 0), (167, 8), (234, 3), (279, 3)
(5, 8), (100, 7), (126, 0), (150, 7), (151, 1), (179, 3), (196, 1), (228, 3)
(60, 8), (123, 7), (138, 7), (142, 0), (167, 1), (179, 1), (276, 3), (299, 3)
(83, 1), (130, 7), (165, 7), (166, 0), (197, 1), (225, 8), (272, 3), (296, 3)
(24, 1), (68, 7), (83, 1), (100, 7), (131, 0), (157, 8), (235, 3), (295, 3)
(43, 7), (57, 7), (59, 8), (93, 1), (126, 1), (157, 0), (206, 3), (237, 3)
(45, 7), (58, 1), (73, 7), (108, 0), (109, 8), (157, 3), (247, 3), (283, 1)
(46, 7), (90, 7), (119, 1), (214, 0), (229, 8), (256, 1), (271, 3), (299, 3)
(67, 0), (149, 7), (172, 7), (210, 8), (220, 1), (238, 3), (267, 3), (270, 1)
(45, 1), (60, 7), (109, 7), (195, 1), (205, 8), (216, 0), (276, 3), (299, 3)
(54, 7), (71, 1), (97, 7), (184, 0), (225, 1), (239, 3), (264, 8), (280, 3)
(9, 7), (35, 7), (116, 1), (144, 0), (204, 8), (209, 3), (245, 3), (293, 1)
(20, 7), (47, 1), (55, 7), (112, 1), (192, 0), (235, 3), (280, 8), (282, 3)
(13, 1), (95, 7), (112, 7), (139, 1), (153, 0), (185, 8), (271, 3), (295, 3)
(10, 1), (48, 1), (57, 7), (87, 7), (150, 8), (173, 0), (254, 3), (291, 3)
(4, 7), (51, 7), (74, 1), (163, 1), (199, 0), (240, 3), (268, 3), (294, 8)
(33, 0), (51, 7), (78, 7), (175, 3), (180, 1), (233, 1), (247, 8), (254, 3)
(13, 7), (19, 0), (53, 7), (76, 8), (174, 3), (222, 3), (226, 1), (285, 1)
(7, 1), (92, 0), (109, 7), (158, 7), (215, 8), (257, 3), (277, 1), (296, 3)
(4, 0), (39, 7), (89, 1), (90, 7), (161, 3), (188, 1), (250, 8), (281, 3)
(7, 7), (25, 7), (66, 8), (94, 1), (113, 1), (173, 0), (214, 3), (299, 3)
(15, 7), (50, 7), (110, 1), (134, 0), (145, 1), (204, 3), (251, 3), (276, 8)
(29, 1), (129, 0), (143, 7), (161, 1), (169, 7), (204, 8), (227, 3), (297, 3)
(34, 0), (64, 1), (65, 1), (74, 7), (107, 7), (132, 3), (220, 8), (232, 3)
(16, 1), (94, 7), (114, 7), (123, 0), (170, 8), (188, 1), (221, 3), (298, 3)
(15, 8), (91, 7), (133, 0), (140, 7), (174, 1), (239, 1), (262, 3), (298, 3)
(30, 7), (42, 1), (62, 1), (63, 7), (161, 0), (231, 3), (238, 8), (275, 3)
(7, 7), (29, 7), (44, 0), (164, 8), (187, 3), (197, 1), (216, 1), (266, 3)
(83, 0), (126, 7), (161, 7), (214, 8), (229, 3), (245, 1), (251, 1), (281, 3)
(18, 7), (45, 7), (70, 0), (71, 1), (191, 8), (231, 3), (274, 3), (277, 1)
(6, 7), (26, 1), (55, 7), (70, 0), (101, 8), (125, 1), (126, 3), (215, 3)
(17, 1), (50, 7), (71, 7), (136, 1), (161, 0), (191, 8), (206, 3), (244, 3)
(42, 8), (53, 0), (110, 7), (135, 1), (151, 7), (164, 1), (231, 3), (294, 3)
(16, 0), (98, 8), (133, 1), (136, 1), (141, 7), (162, 7), (186, 3), (286, 3)
(8, 7), (34, 7), (144, 1), (154, 0), (212, 3), (244, 3), (248, 1), (272, 8)
(15, 1), (35, 0), (66, 7), (104, 7), (129, 3), (134, 8), (158, 1), (165, 3)
(77, 7), (108, 1), (112, 7), (170, 0), (214, 1), (233, 3), (280, 3), (289, 8)
(21, 8), (81, 7), (100, 7), (154, 0), (179, 1), (200, 3), (234, 3), (272, 1)
(6, 7), (8, 8), (35, 7), (43, 0), (221, 3), (265, 3), (295, 1), (296, 1)
(27, 7), (30, 0), (62, 7), (120, 1), (136, 3), (195, 8), (198, 1), (237, 3)
(6, 1), (84, 7), (123, 7), (161, 0), (230, 3), (259, 3), (264, 1), (278, 8)
(13, 0), (129, 7), (142, 1), (171, 7), (201, 3), (214, 1), (216, 8), (259, 3)
(32, 1), (57, 0), (59, 8), (65, 1), (105, 7), (143, 7), (241, 3), (271, 3)
(16, 0), (41, 7), (64, 7), (105, 1), (140, 3), (221, 1), (233, 8), (258, 3)
(2, 7), (53, 7), (61, 0), (71, 1), (116, 1), (165, 8), (167, 3), (208, 3)
(25, 1), (56, 0), (89, 7), (112, 8), (118, 1), (135, 7), (222, 3), (257, 3)
(57, 0), (58, 7), (91, 7), (129, 3), (178, 1), (208, 8), (225, 1), (246, 3)
(31, 7), (68, 7), (88, 8), (134, 0), (162, 1), (164, 1), (176, 3), (240, 3)
(23, 0), (107, 7), (154, 7), (179, 3), (182, 1), (232, 1), (233, 8), (258, 3)
(20, 0), (144, 7), (162, 7), (168, 1), (188, 1), (211, 8), (211, 3), (283, 3)
(24, 0), (35, 1), (76, 7), (98, 8), (119, 7), (187, 3), (201, 1), (282, 3)
(20, 7), (41, 7), (53, 0), (97, 1), (110, 3), (146, 8), (151, 1), (202, 3)
(5, 7), (20, 0), (27, 1), (32, 7), (96, 1), (161, 8), (186, 3), (286, 3)
(24, 0), (36, 1), (55, 8), (70, 7), (91, 7), (179, 3), (180, 1), (205, 3)
(17, 0), (49, 8), (90, 7), (131, 7), (158, 1), (174, 3), (199, 3), (214, 1)
(6, 1), (53, 0), (73, 7), (117, 7), (186, 3), (192, 1), (259, 8), (259, 3)
(8, 8), (40, 1), (75, 0), (117, 1), (128, 7), (153, 7), (187, 3), (262, 3)
(7, 7), (48, 0), (57, 7), (125, 1), (165, 1), (222, 3), (258, 8), (277, 3)
(37, 7), (60, 7), (126, 1), (192, 0), (245, 3), (259, 8), (276, 3), (295, 1)
(21, 1), (48, 0), (78, 7), (104, 7), (136, 1), (224, 3), (250, 3), (264, 8)
(94, 7), (123, 7), (152, 1), (191, 0), (235, 1), (254, 8), (264, 3), (290, 3)
(11, 7), (32, 7), (102, 1), (106, 0), (171, 3), (197, 8), (233, 1), (278, 3)
(3, 1), (40, 7), (66, 7), (118, 1), (148, 0), (250, 3), (273, 8), (276, 3)
(29, 8), (39, 1), (54, 7), (60, 0), (103, 7), (176, 3), (229, 1), (248, 3)
(29, 7), (40, 1), (70, 7), (75, 0), (247, 1), (252, 3), (271, 8), (282, 3)
(4, 1), (6, 1), (89, 0), (106, 7), (122, 7), (192, 8), (231, 3), (283, 3)
(1, 0), (142, 7), (142, 8), (160, 7), (185, 3), (187, 1), (232, 3), (291, 1)
(53, 7), (56, 1), (98, 7), (110, 1), (167, 0), (255, 3), (282, 8), (286, 3)
(21, 7), (54, 7), (159, 8), (199, 0), (203, 1), (242, 3), (245, 1), (299, 3)
(3, 0), (60, 8), (102, 1), (129, 7), (156, 7), (180, 3), (242, 3), (299, 1)
(27, 0), (116, 1), (121, 8), (128, 7), (162, 7), (186, 1), (214, 3), (276, 3)
(54, 1), (71, 1), (79, 7), (95, 0), (105, 7), (158, 8), (232, 3), (266, 3)
(12, 1), (34, 8), (42, 1), (126, 7), (159, 7), (176, 0), (240, 3), (292, 3)
(8, 8), (86, 0), (89, 1), (144, 1), (147, 7), (185, 7), (257, 3), (283, 3)
(23, 1), (47, 0), (103, 7), (130, 8), (134, 1), (136, 7), (179, 3), (298, 3)
(14, 1), (28, 7), (48, 7), (129, 0), (138, 8), (225, 3), (228, 1), (294, 3)
(24, 7), (57, 7), (62, 1), (179, 0), (196, 8), (210, 1), (234, 3), (263, 3)
(28, 1), (44, 7), (85, 7), (114, 0), (197, 3), (234, 1), (248, 8), (257, 3)
(26, 8), (35, 1), (51, 7), (73, 1), (86, 7), (93, 0), (199, 3), (259, 3)
(14, 0), (56, 8), (65, 7), (107, 7), (194, 1), (202, 3), (258, 3), (281, 1)
(8, 0), (30, 1), (60, 7), (87, 7), (167, 3), (168, 1), (235, 8), (260, 3)
(33, 7), (71, 7), (89, 8), (159, 0), (179, 1), (259, 3), (287, 1), (293, 3)
(13, 0), (15, 1), (79, 8), (123, 7), (157, 7), (199, 3), (242, 3), (280, 1)
(80, 7), (92, 1), (100, 7), (136, 0), (169, 8), (218, 1), (230, 3), (293, 3)
(28, 8), (62, 7), (64, 0), (85, 7), (117, 3), (120, 1), (142, 3), (166, 1)
(6, 7), (27, 7), (32, 1), (151, 0), (193, 3), (228, 8), (258, 1), (268, 3)
(39, 0), (59, 7), (68, 8), (98, 7), (109, 1), (125, 3), (201, 3), (238, 1)
(18, 0), (38, 7), (38, 8), (39, 1), (81, 7), (117, 3), (123, 1), (154, 3)
(46, 7), (72, 7), (90, 8), (143, 1), (217, 0), (259, 3), (288, 1), (289, 3)
(6, 1), (92, 7), (107, 7), (122, 1), (209, 0), (244, 8), (273, 3), (299, 3)
(56, 7), (84, 7), (138, 0), (138, 1), (186, 1), (199, 3), (230, 3), (285, 8)
(5, 1), (7, 7), (26, 8), (47, 7), (109, 0), (161, 1), (221, 3), (261, 3)
(50, 7), (75, 7), (107, 0), (126, 8), (138, 1), (146, 1), (184, 3), (266, 3)
(3, 0), (5, 1), (75, 7), (96, 8), (109, 7), (115, 1), (132, 3), (211, 3)
(88, 0), (115, 1), (126, 7), (163, 7), (212, 3), (224, 8), (227, 1), (253, 3)
(80, 0), (87, 1), (137, 7), (175, 7), (244, 8), (252, 3), (258, 1), (290, 3)
(12, 7), (59, 7), (86, 1), (123, 8), (128, 0), (166, 1), (223, 3), (253, 3)
(65, 7), (68, 0), (84, 7), (147, 1), (163, 3), (237, 8), (264, 3), (279, 1)
(26, 1), (56, 1), (64, 7), (79, 7), (204, 8), (225, 0), (267, 3), (294, 3)
(79, 7), (128, 7), (153, 0), (187, 8), (197, 3), (223, 1), (277, 3), (293, 1)
(26, 7), (43, 7), (56, 1), (118, 8), (147, 0), (179, 1), (218, 3), (292, 3)
(6, 0), (94, 1), (103, 7), (126, 7), (183, 1), (187, 3), (246, 3), (255, 8)
(79, 7), (115, 0), (116, 7), (138, 8), (169, 1), (194, 3), (256, 3), (298, 1)
(60, 1), (127, 8), (140, 1), (145, 7), (194, 7), (208, 0), (273, 3), (298, 3)
(25, 7), (68, 7), (70, 1), (102, 0), (182, 1), (196, 8), (199, 3), (226, 3)
(112, 7), (137, 1), (138, 7), (198, 0), (200, 1), (254, 3), (267, 8), (282, 3)
(2, 1), (34, 8), (49, 1), (87, 7), (101, 0), (118, 7), (228, 3), (254, 3)
(25, 7), (76, 7), (121, 1), (122, 0), (165, 3), (212, 1), (212, 3), (258, 8)
(70, 0), (106, 7), (123, 7), (183, 1), (187, 3), (190, 8), (214, 1), (238, 3)
(40, 7), (51, 8), (81, 7), (84, 1), (105, 1), (196, 0), (245, 3), (290, 3)
(22, 7), (27, 1), (46, 7), (62, 0), (105, 1), (155, 8), (155, 3), (239, 3)
(22, 7), (66, 1), (74, 7), (116, 1), (194, 8), (221, 0), (263, 3), (299, 3)
(11, 7), (51, 7), (62, 8), (130, 0), (150, 1), (190, 3), (237, 3), (241, 1)
(35, 1), (103, 8), (131, 7), (131, 1), (162, 7), (181, 0), (274, 3), (298, 3)
(11, 1), (12, 7), (54, 0), (59, 7), (137, 3), (207, 8), (223, 3), (284, 1)
(105, 0), (129, 7), (154, 7), (172, 1), (187, 3), (245, 1), (288, 8), (291, 3)
(1, 0), (67, 7), (77, 1), (86, 7), (183, 3), (255, 8), (269, 1), (276, 3)
(2, 1), (30, 1), (102, 0), (129, 7), (140, 8), (152, 7), (217, 3), (243, 3)
(8, 7), (52, 1), (58, 7), (129, 0), (138, 1), (202, 3), (252, 8), (265, 3)
(82, 1), (104, 7), (135, 7), (179, 8), (189, 0), (191, 1), (246, 3), (289, 3)
(14, 0), (15, 7), (34, 8), (39, 7), (94, 1), (176, 3), (242, 1), (254, 3)
(1, 0), (64, 7), (90, 8), (95, 7), (143, 3), (148, 1), (156, 1), (234, 3)
(9, 7), (33, 8), (38, 0), (60, 7), (74, 1), (91, 1), (133, 3), (239, 3)
(4, 7), (19, 7), (69, 0), (151, 8), (177, 1), (208, 3), (214, 1), (263, 3)
(66, 7), (73, 0), (76, 1), (89, 7), (127, 1), (167, 3), (181, 8), (259, 3)
(20, 7), (62, 7), (85, 0), (89, 1), (118, 1), (150, 3), (184, 3), (208, 8)
(38, 7), (79, 7), (104, 8), (170, 1), (177, 1), (182, 0), (242, 3), (286, 3)
(30, 0), (38, 7), (62, 7), (97, 8), (104, 3), (135, 3), (197, 1), (198, 1)
(11, 8), (28, 1), (60, 7), (81, 7), (84, 0), (241, 1), (263, 3), (299, 3)
(23, 8), (56, 0), (98, 1), (145, 7), (175, 7), (210, 3), (255, 3), (257, 1)
(49, 8), (52, 7), (78, 7), (96, 1), (192, 1), (207, 0), (259, 3), (286, 3)
(38, 0), (62, 7), (86, 7), (184, 3), (231, 1), (259, 1), (261, 8), (286, 3)
(17, 1), (58, 7), (107, 7), (158, 0), (241, 3), (251, 1), (264, 8), (275, 3)
(52, 7), (68, 8), (76, 0), (87, 7), (166, 3), (175, 1), (195, 1), (271, 3)
(33, 7), (54, 7), (56, 0), (70, 1), (180, 3), (234, 3), (270, 1), (288, 8)
(52, 7), (84, 1), (88, 7), (173, 0), (239, 3), (282, 1), (282, 3), (292, 8)
(19, 1), (31, 8), (34, 7), (57, 0), (81, 7), (183, 1), (246, 3), (298, 3)
(28, 1), (45, 1), (110, 7), (115, 0), (155, 7), (203, 3), (264, 3), (285, 8)
(23, 1), (61, 7), (68, 0), (90, 7), (103, 8), (129, 3), (147, 1), (213, 3)
(82, 7), (91, 1), (110, 0), (113, 7), (167, 8), (243, 3), (273, 1), (297, 3)
(110, 7), (128, 1), (135, 8), (159, 7), (177, 0), (225, 3), (242, 1), (256, 3)
(11, 7), (44, 7), (135, 0), (146, 1), (158, 1), (190, 3), (273, 3), (281, 8)
(5, 7), (24, 7), (122, 1), (160, 0), (164, 1), (203, 3), (241, 3), (292, 8)
(90, 0), (95, 7), (102, 8), (113, 1), (119, 7), (197, 3), (269, 3), (279, 1)
(8, 7), (8, 8), (36, 0), (49, 7), (111, 3), (182, 3), (281, 1), (284, 1)
(27, 7), (36, 0), (56, 7), (108, 1), (156, 1), (159, 3), (199, 3), (237, 8)
(89, 1), (122, 0), (133, 1), (142, 7), (169, 7), (187, 8), (196, 3), (238, 3)
(22, 0), (28, 7), (46, 1), (66, 7), (163, 8), (175, 3), (212, 1), (296, 3)
(0, 8), (31, 1), (41, 7), (54, 1), (64, 0), (80, 7), (205, 3), (260, 3)
(29, 8), (68, 7), (83, 0), (89, 1), (109, 7), (200, 3), (215, 1), (248, 3)
(4, 8), (42, 7), (87, 7), (125, 1), (175, 0), (244, 1), (265, 3), (294, 3)
(139, 7), (150, 0), (183, 7), (184, 1), (202, 1), (217, 8), (270, 3), (297, 3)
(10, 1), (33, 0), (42, 1), (44, 8), (63, 7), (78, 7), (154, 3), (237, 3)
(19, 1), (36, 8), (55, 0), (105, 7), (141, 7), (241, 3), (284, 3), (297, 1)
(4, 7), (40, 8), (53, 7), (91, 0), (98, 1), (150, 3), (214, 1), (217, 3)
(5, 1), (18, 7), (42, 7), (173, 0), (178, 1), (228, 8), (229, 3), (261, 3)
(10, 7), (56, 7), (75, 1), (96, 8), (190, 0), (239, 3), (249, 1), (273, 3)
(60, 7), (87, 7), (87, 1), (122, 8), (198, 0), (246, 1), (266, 3), (294, 3)
(62, 7), (93, 7), (137, 0), (140, 8), (223, 1), (253, 1), (269, 3), (297, 3)
(22, 7), (39, 0), (58, 7), (78, 1), (188, 3), (201, 8), (211, 1), (274, 3)
(6, 7), (49, 7), (138, 1), (140, 0), (203, 1), (218, 3), (256, 8), (289, 3)
(11, 7), (58, 1), (61, 7), (83, 1), (134, 0), (157, 8), (199, 3), (246, 3)
(82, 7), (88, 1), (112, 7), (195, 0), (230, 8), (260, 3), (264, 1), (289, 3)
(86, 8), (88, 7), (122, 7), (133, 0), (189, 3), (227, 1), (266, 3), (286, 1)
(2, 8), (46, 7), (62, 0), (66, 7), (115, 1), (219, 1), (221, 3), (257, 3)
(50, 1), (54, 8), (72, 7), (85, 0), (107, 7), (205, 1), (207, 3), (231, 3)
(48, 8), (57, 0), (113, 7), (114, 1), (146, 7), (204, 3), (260, 1), (291, 3)
(4, 0), (59, 7), (61, 8), (78, 7), (164, 3), (179, 1), (196, 1), (208, 3)
(6, 7), (42, 7), (52, 0), (228, 3), (255, 1), (255, 3), (272, 8), (286, 1)
(36, 7), (68, 7), (147, 0), (179, 1), (189, 1), (206, 8), (213, 3), (238, 3)
(37, 8), (128, 0), (144, 7), (166, 1), (195, 7), (223, 3), (247, 3), (299, 1)
(11, 1), (49, 7), (60, 1), (78, 7), (93, 8), (208, 0), (257, 3), (294, 3)
(2, 7), (20, 7), (81, 1), (166, 0), (209, 3), (243, 1), (250, 8), (283, 3)
(33, 8), (36, 7), (51, 7), (74, 0), (78, 1), (173, 3), (242, 3), (279, 1)
(37, 7), (63, 7), (68, 0), (92, 8), (164, 3), (199, 3), (256, 1), (262, 1)
(54, 0), (69, 7), (90, 7), (91, 1), (124, 1), (162, 3), (242, 3), (282, 8)
(25, 7), (48, 7), (89, 8), (150, 0), (205, 3), (277, 1), (278, 1), (291, 3)
(37, 7), (60, 8), (70, 7), (123, 0), (190, 1), (254, 1), (254, 3), (297, 3)
(37, 1), (140, 7), (144, 8), (154, 0), (170, 7), (229, 1), (245, 3), (282, 3)
(45, 7), (75, 7), (76, 8), (85, 1), (123, 1), (172, 0), (249, 3), (274, 3)
(119, 8), (130, 0), (145, 7), (168, 7), (169, 1), (195, 1), (209, 3), (292, 3)
(10, 0), (64, 1), (72, 7), (93, 7), (171, 8), (193, 3), (277, 1), (280, 3)
(44, 0), (58, 8), (144, 7), (170, 1), (192, 7), (224, 3), (281, 1), (282, 3)
(32, 7), (67, 7), (84, 0), (179, 3), (185, 8), (240, 1), (266, 1), (269, 3)
(5, 1), (46, 7), (50, 1), (94, 7), (123, 0), (169, 3), (183, 8), (211, 3)
(33, 1), (48, 1), (90, 8), (119, 7), (157, 7), (181, 0), (265, 3), (295, 3)
(11, 7), (37, 7), (100, 1), (140, 0), (225, 3), (248, 8), (267, 1), (275, 3)
(27, 8), (29, 1), (80, 7), (97, 0), (103, 7), (149, 3), (179, 1), (204, 3)
(46, 0), (66, 8), (83, 1), (121, 7), (136, 7), (202, 1), (233, 3), (271, 3)
(16, 0), (24, 8), (148, 7), (180, 7), (205, 3), (218, 1), (274, 3), (280, 1)
(50, 1), (52, 7), (85, 7), (92, 1), (196, 0), (207, 8), (240, 3), (293, 3)
(3, 7), (28, 7), (82, 8), (89, 0), (89, 1), (181, 1), (206, 3), (284, 3)
(75, 1), (84, 7), (105, 7), (178, 0), (214, 1), (224, 3), (244, 8), (261, 3)
(1, 0), (24, 8), (108, 7), (123, 7), (148, 1), (176, 3), (197, 1), (244, 3)
(92, 0), (115, 1), (121, 7), (165, 7), (221, 8), (268, 1), (276, 3), (299, 3)
(65, 1), (82, 7), (121, 7), (183, 0), (230, 1), (246, 3), (256, 8), (280, 3)
(60, 7), (103, 1), (106, 7), (107, 0), (182, 3), (218, 1), (279, 3), (295, 8)
(96, 7), (117, 7), (122, 0), (158, 8), (211, 1), (251, 3), (264, 1), (294, 3)
(21, 1), (30, 1), (66, 7), (87, 7), (140, 8), (172, 0), (220, 3), (282, 3)
(9, 0), (40, 1), (113, 7), (151, 7), (176, 1), (182, 3), (229, 8), (230, 3)
(24, 1), (49, 7), (97, 7), (115, 1), (209, 0), (213, 8), (250, 3), (287, 3)
(53, 7), (86, 7), (105, 0), (174, 1), (225, 8), (246, 3), (263, 1), (290, 3)
(49, 0), (53, 1), (98, 7), (99, 1), (120, 7), (158, 3), (193, 8), (237, 3)
(81, 8), (141, 7), (168, 0), (181, 7), (238, 3), (251, 1), (273, 1), (283, 3)
(45, 1), (79, 7), (98, 1), (111, 7), (182, 0), (184, 8), (227, 3), (254, 3)
(5, 1), (85, 7), (102, 0), (119, 8), (123, 7), (161, 3), (200, 1), (229, 3)
(95, 7), (102, 1), (140, 7), (203, 1), (207, 0), (231, 8), (264, 3), (292, 3)
(69, 0), (75, 7), (108, 7), (192, 3), (227, 8), (249, 3), (252, 1), (276, 1)
(25, 8), (50, 7), (54, 0), (54, 1), (79, 1), (86, 7), (167, 3), (268, 3)
(19, 1), (67, 7), (77, 0), (99, 7), (110, 1), (134, 3), (182, 3), (213, 8)
(41, 8), (143, 7), (165, 1), (175, 7), (179, 0), (229, 3), (261, 3), (293, 1)
(71, 0), (90, 7), (118, 7), (211, 1), (229, 8), (235, 3), (260, 3), (262, 1)
(59, 1), (61, 8), (79, 1), (97, 7), (104, 0), (142, 7), (255, 3), (285, 3)
(40, 7), (58, 0), (62, 7), (107, 1), (148, 3), (177, 1), (255, 3), (273, 8)
(19, 8), (48, 7), (96, 7), (154, 1), (157, 0), (237, 3), (259, 1), (277, 3)
(23, 7), (48, 0), (50, 7), (84, 8), (190, 3), (192, 1), (215, 1), (232, 3)
(17, 0), (48, 7), (98, 7), (137, 1), (172, 1), (191, 3), (262, 3), (287, 8)
(13, 7), (13, 0), (45, 7), (67, 1), (83, 1), (159, 3), (197, 8), (266, 3)
(38, 7), (82, 7), (84, 8), (188, 1), (226, 0), (270, 3), (274, 1), (298, 3)
(12, 7), (47, 7), (110, 1), (114, 0), (179, 3), (183, 1), (203, 3), (271, 8)
(36, 1), (67, 1), (120, 0), (128, 8), (131, 7), (146, 7), (172, 3), (293, 3)
(1, 0), (9, 1), (17, 1), (144, 7), (172, 7), (194, 3), (252, 3), (290, 8)
(10, 1), (22, 8), (92, 0), (127, 7), (142, 7), (193, 3), (233, 3), (257, 1)
(52, 1), (54, 0), (74, 7), (120, 7), (178, 3), (202, 3), (204, 8), (285, 1)
(55, 0), (75, 7), (103, 7), (130, 8), (204, 3), (231, 3), (252, 1), (265, 1)
(58, 0), (85, 7), (137, 7), (154, 1), (161, 8), (180, 1), (217, 3), (281, 3)
(44, 8), (98, 7), (121, 7), (149, 0), (159, 1), (224, 1), (257, 3), (284, 3)
(6, 1), (36, 7), (70, 7), (201, 8), (201, 1), (214, 0), (256, 3), (294, 3)
(32, 0), (48, 8), (128, 7), (176, 7), (198, 3), (220, 1), (258, 3), (261, 1)
(36, 1), (47, 7), (75, 7), (185, 8), (192, 0), (240, 1), (265, 3), (290, 3)
(68, 7), (91, 7), (101, 1), (144, 1), (171, 0), (218, 8), (249, 3), (276, 3)
(20, 7), (53, 1), (57, 7), (75, 0), (172, 3), (241, 3), (287, 1), (288, 8)
(17, 1), (56, 0), (108, 7), (160, 7), (186, 8), (240, 3), (253, 1), (299, 3)
(65, 7), (80, 7), (88, 0), (130, 1), (139, 8), (185, 3), (237, 1), (292, 3)
(18, 1), (70, 7), (86, 7), (116, 8), (138, 1), (147, 0), (193, 3), (257, 3)
(7, 7), (16, 1), (32, 0), (38, 7), (39, 8), (63, 1), (117, 3), (205, 3)
(15, 7), (54, 7), (133, 1), (187, 1), (198, 0), (228, 8), (243, 3), (281, 3)
(1, 1), (101, 7), (113, 0), (113, 1), (129, 7), (188, 3), (222, 3), (246, 8)
(34, 7), (61, 7), (96, 8), (111, 1), (121, 1), (192, 0), (248, 3), (291, 3)
(6, 1), (38, 0), (136, 7), (156, 7), (164, 1), (222, 3), (257, 3), (274, 8)
(64, 0), (75, 7), (114, 7), (114, 1), (221, 1), (253, 3), (254, 8), (298, 3)
(62, 0), (76, 1), (87, 7), (108, 1), (121, 7), (182, 3), (263, 8), (271, 3)
(41, 7), (59, 1), (64, 8), (84, 1), (85, 7), (119, 0), (261, 3), (287, 3)
(23, 7), (30, 8), (37, 1), (53, 7), (57, 1), (165, 0), (235, 3), (283, 3)
(56, 1), (125, 0), (141, 7), (185, 7), (191, 8), (276, 3), (282, 1), (299, 3)
(5, 0), (70, 7), (119, 7), (122, 8), (174, 3), (185, 1), (267, 3), (276, 1)
(14, 7), (34, 7), (61, 8), (142, 0), (198, 1), (206, 3), (250, 3), (276, 1)
(79, 1), (106, 8), (130, 7), (154, 0), (172, 7), (217, 1), (258, 3), (294, 3)
(20, 7), (67, 7), (119, 8), (160, 1), (215, 0), (257, 3), (285, 1), (296, 3)
(0, 7), (13, 0), (19, 7), (111, 8), (147, 1), (155, 1), (186, 3), (222, 3)
(22, 0), (83, 7), (111, 7), (126, 1), (176, 1), (186, 3), (235, 3), (267, 8)
(45, 7), (74, 7), (112, 0), (159, 1), (188, 3), (248, 1), (280, 8), (285, 3)
(15, 8), (49, 7), (77, 7), (175, 1), (199, 1), (215, 0), (266, 3), (291, 3)
(24, 7), (41, 8), (49, 7), (92, 1), (173, 0), (209, 1), (221, 3), (279, 3)
(79, 8), (109, 7), (139, 7), (177, 0), (226, 1), (238, 3), (260, 1), (291, 3)
(0, 7), (40, 1), (45, 7), (102, 8), (127, 1), (133, 0), (187, 3), (238, 3)
(36, 7), (72, 7), (76, 8), (109, 0), (161, 3), (181, 1), (195, 3), (250, 1)
(30, 1), (31, 1), (44, 0), (59, 7), (71, 8), (111, 7), (159, 3), (256, 3)
(60, 0), (80, 7), (108, 1), (126, 7), (156, 8), (234, 3), (278, 1), (295, 3)
(70, 1), (116, 8), (124, 7), (138, 0), (143, 7), (164, 1), (246, 3), (292, 3)
(40, 1), (138, 7), (179, 7), (222, 0), (224, 8), (224, 1), (272, 3), (297, 3)
(0, 1), (16, 0), (70, 7), (117, 7), (139, 3), (182, 1), (183, 3), (207, 8)
(19, 7), (31, 0), (43, 7), (141, 8), (192, 1), (195, 3), (269, 1), (273, 3)
(46, 0), (51, 7), (87, 7), (198, 3), (229, 1), (236, 1), (246, 8), (269, 3)
(91, 7), (114, 7), (120, 8), (177, 0), (233, 1), (242, 1), (257, 3), (280, 3)
(11, 7), (51, 0), (53, 7), (72, 8), (83, 1), (173, 3), (202, 3), (279, 1)
(31, 1), (48, 0), (53, 7), (57, 1), (84, 7), (139, 3), (145, 8), (187, 3)
(1, 7), (50, 7), (110, 0), (128, 1), (134, 1), (170, 8), (231, 3), (265, 3)
(15, 0), (17, 7), (41, 7), (42, 1), (61, 8), (131, 3), (189, 3), (263, 1)
(19, 7), (24, 8), (66, 7), (213, 0), (216, 1), (256, 3), (277, 1), (296, 3)
(32, 7), (75, 7), (84, 8), (85, 0), (157, 1), (191, 1), (246, 3), (276, 3)
(32, 1), (61, 7), (95, 7), (115, 8), (164, 1), (230, 0), (276, 3), (299, 3)
(23, 8), (94, 0), (107, 7), (118, 1), (157, 7), (210, 1), (272, 3), (297, 3)
(32, 7), (56, 1), (70, 7), (99, 8), (114, 0), (222, 3), (260, 1), (282, 3)
(59, 0), (73, 7), (103, 7), (114, 1), (166, 3), (208, 8), (218, 1), (282, 3)
(31, 8), (35, 1), (39, 1), (94, 7), (111, 0), (111, 7), (189, 3), (221, 3)
(53, 8), (111, 0), (133, 1), (142, 7), (189, 7), (227, 3), (241, 1), (299, 3)
(27, 0), (37, 7), (41, 8), (70, 7), (117, 3), (229, 3), (250, 1), (291, 1)
(61, 7), (93, 7), (143, 0), (165, 8), (174, 1), (249, 1), (267, 3), (292, 3)
(8, 1), (49, 7), (49, 1), (73, 7), (94, 8), (101, 0), (190, 3), (227, 3)
(39, 1), (40, 0), (114, 1), (145, 7), (172, 7), (185, 8), (213, 3), (250, 3)
(13, 0), (103, 8), (114, 1), (128, 7), (172, 7), (199, 3), (244, 3), (245, 1)
(77, 1), (95, 7), (117, 7), (154, 0), (188, 1), (197, 8), (244, 3), (271, 3)
(25, 7), (44, 7), (148, 1), (178, 0), (207, 8), (232, 3), (261, 1), (271, 3)
(31, 1), (97, 1), (137, 7), (160, 0), (182, 7), (228, 3), (258, 8), (266, 3)
(74, 7), (108, 7), (124, 0), (159, 1), (197, 8), (205, 3), (291, 1), (292, 3)
(3, 0), (47, 8), (62, 1), (137, 7), (170, 7), (177, 1), (193, 3), (237, 3)
(77, 7), (105, 8), (108, 1), (118, 1), (125, 7), (182, 0), (229, 3), (269, 3)
(44, 0), (81, 1), (101, 7), (146, 7), (225, 3), (253, 1), (267, 8), (285, 3)
(23, 0), (44, 7), (72, 7), (91, 8), (107, 3), (132, 1), (163, 3), (216, 1)
(3, 0), (40, 1), (82, 1), (94, 7), (136, 7), (159, 3), (193, 3), (277, 8)
(6, 0), (27, 7), (74, 7), (108, 8), (172, 3), (198, 3), (255, 1), (272, 1)
(50, 8), (55, 7), (86, 7), (96, 0), (138, 1), (154, 3), (179, 1), (252, 3)
(0, 1), (17, 0), (96, 8), (122, 1), (137, 7), (176, 7), (204, 3), (242, 3)
(82, 8), (90, 7), (92, 0), (118, 7), (148, 1), (254, 3), (277, 3), (285, 1)
(19, 7), (44, 7), (84, 0), (159, 8), (169, 3), (202, 3), (210, 1), (222, 1)
(16, 1), (61, 1), (76, 7), (124, 7), (136, 0), (197, 3), (251, 8), (285, 3)
(65, 7), (85, 7), (147, 0), (188, 1), (217, 1), (270, 8), (272, 3), (295, 3)
(53, 1), (61, 7), (69, 1), (89, 7), (140, 8), (155, 0), (199, 3), (281, 3)
(1, 7), (35, 7), (37, 8), (111, 1), (178, 0), (221, 3), (249, 1), (251, 3)
(3, 0), (26, 8), (37, 7), (38, 1), (88, 7), (90, 1), (171, 3), (216, 3)
(28, 8), (39, 7), (43, 0), (72, 7), (140, 1), (185, 3), (235, 3), (241, 1)
(3, 0), (49, 7), (86, 7), (137, 1), (143, 3), (169, 3), (178, 8), (182, 1)
(7, 8), (22, 7), (46, 7), (85, 1), (158, 0), (222, 3), (232, 1), (277, 3)
(17, 7), (19, 1), (52, 0), (59, 7), (174, 1), (230, 3), (260, 3), (284, 8)
(80, 7), (107, 1), (112, 1), (122, 0), (123, 7), (187, 3), (222, 8), (259, 3)
(45, 7), (50, 1), (73, 0), (88, 7), (159, 3), (176, 1), (201, 3), (252, 8)
(60, 7), (109, 7), (145, 1), (173, 8), (212, 1), (227, 0), (273, 3), (298, 3)
(18, 8), (39, 1), (54, 7), (77, 7), (96, 1), (170, 0), (226, 3), (285, 3)
(0, 0), (38, 7), (63, 7), (117, 1), (148, 1), (177, 3), (180, 8), (276, 3)
(59, 7), (100, 7), (124, 1), (125, 0), (129, 1), (172, 3), (246, 3), (255, 8)
(52, 8), (85, 7), (126, 7), (128, 0), (190, 3), (234, 3), (247, 1), (266, 1)
(23, 0), (61, 8), (98, 1), (146, 7), (187, 7), (210, 3), (261, 3), (288, 1)
(22, 7), (39, 7), (53, 8), (65, 1), (95, 1), (128, 0), (179, 3), (222, 3)
(34, 8), (47, 7), (62, 7), (83, 1), (148, 0), (149, 1), (223, 3), (248, 3)
(20, 8), (20, 1), (68, 0), (96, 7), (112, 7), (141, 3), (228, 3), (252, 1)
(1, 1), (11, 1), (64, 7), (105, 7), (173, 0), (228, 3), (257, 3), (258, 8)
(42, 0), (54, 7), (105, 7), (118, 1), (175, 8), (184, 3), (193, 1), (236, 3)
(0, 1), (27, 0), (124, 7), (124, 1), (173, 7), (206, 8), (208, 3), (257, 3)
(25, 1), (27, 8), (44, 0), (74, 7), (126, 7), (202, 3), (226, 1), (270, 3)
(54, 7), (93, 1), (100, 7), (155, 0), (187, 1), (204, 3), (231, 8), (231, 3)
(9, 1), (96, 8), (143, 7), (190, 7), (196, 0), (247, 3), (281, 3), (290, 1)
(6, 0), (21, 1), (52, 7), (64, 8), (100, 7), (145, 1), (149, 3), (192, 3)
(3, 0), (43, 7), (58, 1), (73, 7), (101, 8), (115, 3), (162, 3), (173, 1)
(103, 7), (104, 0), (120, 7), (155, 3), (165, 1), (182, 8), (247, 3), (296, 1)
(111, 1), (117, 7), (125, 0), (150, 7), (190, 3), (251, 3), (295, 1), (296, 8)
(95, 7), (113, 1), (141, 7), (154, 8), (190, 1), (214, 0), (257, 3), (299, 3)
(20, 7), (65, 7), (80, 8), (95, 0), (141, 1), (152, 3), (184, 1), (220, 3)
(49, 1), (69, 0), (71, 7), (99, 7), (212, 1), (244, 3), (251, 8), (297, 3)
(65, 7), (75, 0), (87, 7), (126, 1), (167, 3), (234, 3), (281, 8), (285, 1)
(0, 8), (2, 7), (36, 7), (117, 0), (186, 3), (276, 3), (277, 1), (293, 1)
(86, 1), (86, 1), (94, 7), (123, 7), (152, 0), (217, 3), (244, 3), (253, 8)
(17, 7), (42, 7), (104, 0), (147, 3), (156, 8), (173, 1), (189, 1), (250, 3)
(6, 1), (124, 7), (164, 7), (169, 1), (220, 0), (232, 8), (274, 3), (298, 3)
(88, 1), (145, 7), (161, 0), (181, 8), (184, 7), (256, 1), (259, 3), (288, 3)
(114, 7), (118, 0), (137, 7), (190, 3), (200, 8), (219, 1), (245, 3), (268, 1)
(89, 7), (103, 8), (139, 7), (159, 0), (243, 3), (250, 1), (284, 1), (290, 3)
(14, 0), (40, 1), (66, 1), (77, 7), (96, 7), (202, 3), (248, 3), (278, 8)
(43, 7), (73, 1), (83, 7), (116, 0), (223, 1), (258, 3), (287, 3), (292, 8)
(45, 7), (79, 8), (85, 7), (131, 0), (150, 1), (165, 1), (219, 3), (255, 3)
(6, 1), (96, 7), (134, 7), (140, 8), (151, 1), (201, 0), (267, 3), (296, 3)
(4, 1), (19, 8), (77, 7), (104, 7), (164, 0), (199, 1), (208, 3), (278, 3)
(0, 7), (13, 1), (49, 7), (101, 1), (106, 0), (135, 8), (220, 3), (296, 3)
(13, 7), (47, 0), (64, 7), (110, 8), (114, 1), (172, 3), (188, 1), (231, 3)
(9, 8), (37, 0), (88, 7), (130, 7), (145, 1), (194, 3), (208, 1), (224, 3)
(40, 8), (82, 7), (121, 7), (160, 0), (160, 1), (212, 1), (259, 3), (293, 3)
(50, 1), (56, 8), (80, 1), (92, 0), (100, 7), (122, 7), (157, 3), (247, 3)
(11, 7), (62, 7), (94, 1), (120, 0), (183, 1), (196, 3), (217, 8), (232, 3)
(26, 1), (87, 7), (107, 0), (130, 7), (156, 8), (165, 3), (197, 3), (273, 1)
(5, 8), (11, 7), (39, 0), (54, 7), (86, 3), (124, 3), (185, 1), (239, 1)
(24, 7), (47, 7), (102, 0), (148, 1), (174, 3), (214, 8), (273, 3), (287, 1)
(15, 0), (31, 7), (42, 1), (47, 7), (53, 8), (107, 3), (145, 3), (295, 1)
(83, 7), (87, 0), (121, 7), (151, 3), (218, 1), (238, 1), (259, 3), (263, 8)
(83, 7), (109, 7), (184, 0), (208, 8), (244, 3), (253, 1), (271, 1), (288, 3)
(114, 0), (140, 7), (187, 7), (189, 1), (212, 8), (265, 1), (267, 3), (291, 3)
(47, 0), (69, 1), (88, 7), (118, 7), (154, 3), (207, 1), (242, 8), (275, 3)
(128, 7), (128, 1), (136, 8), (165, 7), (185, 0), (233, 3), (268, 1), (280, 3)
(125, 7), (129, 0), (164, 7), (208, 3), (216, 8), (226, 1), (287, 3), (290, 1)
(47, 7), (83, 7), (108, 8), (192, 0), (215, 1), (248, 3), (283, 3), (284, 1)
(19, 7), (57, 7), (107, 0), (115, 1), (215, 1), (227, 8), (232, 3), (264, 3)
(12, 0), (96, 7), (103, 1), (119, 8), (133, 7), (177, 1), (204, 3), (231, 3)
(34, 7), (44, 1), (82, 7), (172, 1), (227, 0), (250, 8), (268, 3), (295, 3)
(25, 1), (64, 7), (75, 8), (86, 0), (87, 7), (112, 1), (269, 3), (296, 3)
(35, 1), (73, 0), (98, 7), (120, 7), (163, 3), (164, 8), (209, 1), (236, 3)
(71, 8), (86, 0), (143, 7), (158, 7), (168, 1), (195, 3), (254, 1), (264, 3)
(19, 1), (46, 0), (68, 7), (85, 8), (85, 7), (104, 1), (218, 3), (273, 3)
(32, 7), (53, 7), (125, 1), (159, 0), (217, 3), (254, 1), (258, 8), (264, 3)
(64, 7), (94, 0), (94, 7), (161, 8), (188, 1), (232, 1), (264, 3), (290, 3)
