38, 14, 27, 2, 7, 5, 29, 19
22, 43, 44, 11, 9, 30, 47
46, 31, 22, 11, 28, 17, 48
38, 14, 27, 2, 7, 5, 29, 19
29, 41, 24, 22, 29, 43, 17, 41, 20
6, 30, 31, 14, 31, 27, 45
18, 47, 34, 31, 15, 31, 20, 32
29, 41, 16, 10, 23, 48, 3
29, 41, 24, 22, 29, 43, 17, 41, 20
27, 4, 1, 26, 23, 14, 26, 20
46, 31, 22, 11, 28, 17, 48
18, 47, 34, 31, 15, 31, 20, 32
18, 47, 34, 31, 15, 31, 20, 32
29, 41, 16, 10, 23, 48, 3
18, 47, 34, 31, 15, 31, 20, 32
38, 14, 27, 2, 7, 5, 29, 19
27, 4, 1, 26, 23, 14, 26, 20
38, 14, 27, 2, 7, 5, 29, 19
29, 41, 24, 22, 29, 43, 17, 41, 20
22, 43, 44, 11, 9, 30, 47
46, 31, 22, 11, 28, 17, 48
15, 33, 43, 6, 41, 33, 12
6, 30, 31, 14, 31, 27, 45
15, 33, 43, 6, 41, 33, 12
22, 43, 44, 11, 9, 30, 47
46, 31, 22, 11, 28, 17, 48
22, 43, 44, 11, 9, 30, 47
46, 31, 22, 11, 28, 17, 48
6, 30, 31, 14, 31, 27, 45
15, 33, 43, 6, 41, 33, 12
29, 41, 24, 22, 29, 43, 17, 41, 20
38, 14, 27, 2, 7, 5, 29, 19
46, 31, 22, 11, 28, 17, 48
29, 41, 24, 22, 29, 43, 17, 41, 20
46, 31, 22, 11, 28, 17, 48
27, 4, 1, 26, 23, 14, 26, 20
38, 14, 27, 2, 7, 5, 29, 19
15, 33, 43, 6, 41, 33, 12
29, 41, 16, 10, 23, 48, 3
6, 30, 31, 14, 31, 27, 45
6, 30, 31, 14, 31, 27, 45
6, 30, 31, 14, 31, 27, 45
18, 47, 34, 31, 15, 31, 20, 32
6, 30, 31, 14, 31, 27, 45
22, 43, 44, 11, 9, 30, 47
27, 4, 1, 26, 23, 14, 26, 20
6, 30, 31, 14, 31, 27, 45
46, 31, 22, 11, 28, 17, 48
29, 41, 16, 10, 23, 48, 3
27, 4, 1, 26, 23, 14, 26, 20
27, 4, 1, 26, 23, 14, 26, 20
29, 41, 24, 22, 29, 43, 17, 41, 20
29, 41, 16, 10, 23, 48, 3
29, 41, 24, 22, 29, 43, 17, 41, 20
22, 43, 44, 11, 9, 30, 47
18, 47, 34, 31, 15, 31, 20, 32
22, 43, 44, 11, 9, 30, 47
18, 47, 34, 31, 15, 31, 20, 32
29, 41, 24, 22, 29, 43, 17, 41, 20
15, 33, 43, 6, 41, 33, 12
18, 47, 34, 31, 15, 31, 20, 32
6, 30, 31, 14, 31, 27, 45
27, 4, 1, 26, 23, 14, 26, 20
38, 14, 27, 2, 7, 5, 29, 19
22, 43, 44, 11, 9, 30, 47
22, 43, 44, 11, 9, 30, 47
6, 30, 31, 14, 31, 27, 45
6, 30, 31, 14, 31, 27, 45
18, 47, 34, 31, 15, 31, 20, 32
22, 43, 44, 11, 9, 30, 47
15, 33, 43, 6, 41, 33, 12
46, 31, 22, 11, 28, 17, 48
18, 47, 34, 31, 15, 31, 20, 32
22, 43, 44, 11, 9, 30, 47
27, 4, 1, 26, 23, 14, 26, 20
46, 31, 22, 11, 28, 17, 48
18, 47, 34, 31, 15, 31, 20, 32
29, 41, 16, 10, 23, 48, 3
15, 33, 43, 6, 41, 33, 12
46, 31, 22, 11, 28, 17, 48
15, 33, 43, 6, 41, 33, 12
27, 4, 1, 26, 23, 14, 26, 20
18, 47, 34, 31, 15, 31, 20, 32
38, 14, 27, 2, 7, 5, 29, 19
46, 31, 22, 11, 28, 17, 48
29, 41, 16, 10, 23, 48, 3
6, 30, 31, 14, 31, 27, 45
15, 33, 43, 6, 41, 33, 12
46, 31, 22, 11, 28, 17, 48
22, 43, 44, 11, 9, 30, 47
29, 41, 16, 10, 23, 48, 3
27, 4, 1, 26, 23, 14, 26, 20
46, 31, 22, 11, 28, 17, 48
27, 4, 1, 26, 23, 14, 26, 20
38, 14, 27, 2, 7, 5, 29, 19
22, 43, 44, 11, 9, 30, 47
46, 31, 22, 11, 28, 17, 48
6, 30, 31, 14, 31, 27, 45
27, 4, 1, 26, 23, 14, 26, 20
29, 41, 16, 10, 23, 48, 3
46, 31, 22, 11, 28, 17, 48
29, 41, 24, 22, 29, 43, 17, 41, 20
6, 30, 31, 14, 31, 27, 45
18, 47, 34, 31, 15, 31, 20, 32
15, 33, 43, 6, 41, 33, 12
46, 31, 22, 11, 28, 17, 48
46, 31, 22, 11, 28, 17, 48
18, 47, 34, 31, 15, 31, 20, 32
22, 43, 44, 11, 9, 30, 47
38, 14, 27, 2, 7, 5, 29, 19
15, 33, 43, 6, 41, 33, 12
27, 4, 1, 26, 23, 14, 26, 20
22, 43, 44, 11, 9, 30, 47
6, 30, 31, 14, 31, 27, 45
46, 31, 22, 11, 28, 17, 48
18, 47, 34, 31, 15, 31, 20, 32
29, 41, 24, 22, 29, 43, 17, 41, 20
29, 41, 24, 22, 29, 43, 17, 41, 20
46, 31, 22, 11, 28, 17, 48
29, 41, 24, 22, 29, 43, 17, 41, 20
27, 4, 1, 26, 23, 14, 26, 20
22, 43, 44, 11, 9, 30, 47
29, 41, 16, 10, 23, 48, 3
46, 31, 22, 11, 28, 17, 48
18, 47, 34, 31, 15, 31, 20, 32
6, 30, 31, 14, 31, 27, 45
27, 4, 1, 26, 23, 14, 26, 20
6, 30, 31, 14, 31, 27, 45
18, 47, 34, 31, 15, 31, 20, 32
22, 43, 44, 11, 9, 30, 47
6, 30, 31, 14, 31, 27, 45
38, 14, 27, 2, 7, 5, 29, 19
18, 47, 34, 31, 15, 31, 20, 32
18, 47, 34, 31, 15, 31, 20, 32
46, 31, 22, 11, 28, 17, 48
22, 43, 44, 11, 9, 30, 47
18, 47, 34, 31, 15, 31, 20, 32
29, 41, 16, 10, 23, 48, 3
29, 41, 16, 10, 23, 48, 3
38, 14, 27, 2, 7, 5, 29, 19
38, 14, 27, 2, 7, 5, 29, 19
6, 30, 31, 14, 31, 27, 45
27, 4, 1, 26, 23, 14, 26, 20
22, 43, 44, 11, 9, 30, 47
15, 33, 43, 6, 41, 33, 12
29, 41, 16, 10, 23, 48, 3
22, 43, 44, 11, 9, 30, 47
29, 41, 24, 22, 29, 43, 17, 41, 20
29, 41, 16, 10, 23, 48, 3
22, 43, 44, 11, 9, 30, 47
29, 41, 16, 10, 23, 48, 3
27, 4, 1, 26, 23, 14, 26, 20
15, 33, 43, 6, 41, 33, 12
46, 31, 22, 11, 28, 17, 48
38, 14, 27, 2, 7, 5, 29, 19
15, 33, 43, 6, 41, 33, 12
46, 31, 22, 11, 28, 17, 48
22, 43, 44, 11, 9, 30, 47
38, 14, 27, 2, 7, 5, 29, 19
22, 43, 44, 11, 9, 30, 47
6, 30, 31, 14, 31, 27, 45
46, 31, 22, 11, 28, 17, 48
22, 43, 44, 11, 9, 30, 47
29, 41, 24, 22, 29, 43, 17, 41, 20
29, 41, 24, 22, 29, 43, 17, 41, 20
18, 47, 34, 31, 15, 31, 20, 32
46, 31, 22, 11, 28, 17, 48
15, 33, 43, 6, 41, 33, 12
6, 30, 31, 14, 31, 27, 45
46, 31, 22, 11, 28, 17, 48
38, 14, 27, 2, 7, 5, 29, 19
29, 41, 16, 10, 23, 48, 3
29, 41, 24, 22, 29, 43, 17, 41, 20
29, 41, 16, 10, 23, 48, 3
46, 31, 22, 11, 28, 17, 48
29, 41, 16, 10, 23, 48, 3
22, 43, 44, 11, 9, 30, 47
18, 47, 34, 31, 15, 31, 20, 32
15, 33, 43, 6, 41, 33, 12
6, 30, 31, 14, 31, 27, 45
38, 14, 27, 2, 7, 5, 29, 19
29, 41, 24, 22, 29, 43, 17, 41, 20
27, 4, 1, 26, 23, 14, 26, 20
22, 43, 44, 11, 9, 30, 47
6, 30, 31, 14, 31, 27, 45
22, 43, 44, 11, 9, 30, 47
15, 33, 43, 6, 41, 33, 12
46, 31, 22, 11, 28, 17, 48
29, 41, 24, 22, 29, 43, 17, 41, 20
15, 33, 43, 6, 41, 33, 12
15, 33, 43, 6, 41, 33, 12
15, 33, 43, 6, 41, 33, 12
15, 33, 43, 6, 41, 33, 12
22, 43, 44, 11, 9, 30, 47
46, 31, 22, 11, 28, 17, 48
29, 41, 16, 10, 23, 48, 3
6, 30, 31, 14, 31, 27, 45
29, 41, 24, 22, 29, 43, 17, 41, 20
29, 41, 16, 10, 23, 48, 3
15, 33, 43, 6, 41, 33, 12
22, 43, 44, 11, 9, 30, 47
29, 41, 16, 10, 23, 48, 3
18, 47, 34, 31, 15, 31, 20, 32
46, 31, 22, 11, 28, 17, 48
27, 4, 1, 26, 23, 14, 26, 20
46, 31, 22, 11, 28, 17, 48
27, 4, 1, 26, 23, 14, 26, 20
29, 41, 24, 22, 29, 43, 17, 41, 20
29, 41, 16, 10, 23, 48, 3
46, 31, 22, 11, 28, 17, 48
27, 4, 1, 26, 23, 14, 26, 20
22, 43, 44, 11, 9, 30, 47
38, 14, 27, 2, 7, 5, 29, 19
46, 31, 22, 11, 28, 17, 48
29, 41, 24, 22, 29, 43, 17, 41, 20
29, 41, 24, 22, 29, 43, 17, 41, 20
27, 4, 1, 26, 23, 14, 26, 20
6, 30, 31, 14, 31, 27, 45
27, 4, 1, 26, 23, 14, 26, 20
22, 43, 44, 11, 9, 30, 47
46, 31, 22, 11, 28, 17, 48
46, 31, 22, 11, 28, 17, 48
18, 47, 34, 31, 15, 31, 20, 32
29, 41, 16, 10, 23, 48, 3
27, 4, 1, 26, 23, 14, 26, 20
22, 43, 44, 11, 9, 30, 47
22, 43, 44, 11, 9, 30, 47
46, 31, 22, 11, 28, 17, 48
22, 43, 44, 11, 9, 30, 47
6, 30, 31, 14, 31, 27, 45
18, 47, 34, 31, 15, 31, 20, 32
15, 33, 43, 6, 41, 33, 12
18, 47, 34, 31, 15, 31, 20, 32
46, 31, 22, 11, 28, 17, 48
27, 4, 1, 26, 23, 14, 26, 20
29, 41, 16, 10, 23, 48, 3
38, 14, 27, 2, 7, 5, 29, 19
27, 4, 1, 26, 23, 14, 26, 20
18, 47, 34, 31, 15, 31, 20, 32
29, 41, 24, 22, 29, 43, 17, 41, 20
22, 43, 44, 11, 9, 30, 47
46, 31, 22, 11, 28, 17, 48
18, 47, 34, 31, 15, 31, 20, 32
46, 31, 22, 11, 28, 17, 48
18, 47, 34, 31, 15, 31, 20, 32
18, 47, 34, 31, 15, 31, 20, 32
27, 4, 1, 26, 23, 14, 26, 20
29, 41, 16, 10, 23, 48, 3
6, 30, 31, 14, 31, 27, 45
15, 33, 43, 6, 41, 33, 12
29, 41, 24, 22, 29, 43, 17, 41, 20
29, 41, 16, 10, 23, 48, 3
18, 47, 34, 31, 15, 31, 20, 32
18, 47, 34, 31, 15, 31, 20, 32
46, 31, 22, 11, 28, 17, 48
18, 47, 34, 31, 15, 31, 20, 32
15, 33, 43, 6, 41, 33, 12
29, 41, 24, 22, 29, 43, 17, 41, 20
27, 4, 1, 26, 23, 14, 26, 20
29, 41, 24, 22, 29, 43, 17, 41, 20
29, 41, 16, 10, 23, 48, 3
27, 4, 1, 26, 23, 14, 26, 20
29, 41, 16, 10, 23, 48, 3
6, 30, 31, 14, 31, 27, 45
46, 31, 22, 11, 28, 17, 48
27, 4, 1, 26, 23, 14, 26, 20
15, 33, 43, 6, 41, 33, 12
22, 43, 44, 11, 9, 30, 47
29, 41, 24, 22, 29, 43, 17, 41, 20
46, 31, 22, 11, 28, 17, 48
46, 31, 22, 11, 28, 17, 48
22, 43, 44, 11, 9, 30, 47
6, 30, 31, 14, 31, 27, 45
29, 41, 24, 22, 29, 43, 17, 41, 20
46, 31, 22, 11, 28, 17, 48
18, 47, 34, 31, 15, 31, 20, 32
27, 4, 1, 26, 23, 14, 26, 20
46, 31, 22, 11, 28, 17, 48
15, 33, 43, 6, 41, 33, 12
29, 41, 16, 10, 23, 48, 3
46, 31, 22, 11, 28, 17, 48
29, 41, 24, 22, 29, 43, 17, 41, 20
46, 31, 22, 11, 28, 17, 48
22, 43, 44, 11, 9, 30, 47
38, 14, 27, 2, 7, 5, 29, 19
6, 30, 31, 14, 31, 27, 45
27, 4, 1, 26, 23, 14, 26, 20
27, 4, 1, 26, 23, 14, 26, 20
18, 47, 34, 31, 15, 31, 20, 32
15, 33, 43, 6, 41, 33, 12
27, 4, 1, 26, 23, 14, 26, 20
38, 14, 27, 2, 7, 5, 29, 19
22, 43, 44, 11, 9, 30, 47
46, 31, 22, 11, 28, 17, 48
27, 4, 1, 26, 23, 14, 26, 20
29, 41, 16, 10, 23, 48, 3
22, 43, 44, 11, 9, 30, 47
46, 31, 22, 11, 28, 17, 48
18, 47, 34, 31, 15, 31, 20, 32
22, 43, 44, 11, 9, 30, 47
