(446, 27), (501, 4), (565, 1), (655, 26), (729, 23), (898, 14), (973, 26), (1083, 20)
(252, 15), (396, 33), (517, 43), (739, 6), (772, 41), (859, 33), (1090, 12)
(445, 29), (542, 41), (670, 24), (879, 22), (914, 29), (1025, 43), (1130, 17), (1249, 41), (1375, 20)
(365, 6), (419, 30), (575, 31), (665, 14), (750, 31), (843, 27), (875, 45)
(457, 29), (545, 41), (676, 24), (885, 22), (912, 29), (1100, 43), (1197, 17), (1260, 41), (1387, 20)
(88, 18), (246, 47), (307, 34), (385, 31), (494, 15), (753, 31), (796, 20), (871, 32)
(395, 29), (508, 41), (615, 24), (811, 22), (935, 29), (1111, 43), (1235, 17), (1323, 41), (1399, 20)
(306, 29), (406, 41), (509, 24), (705, 22), (763, 29), (918, 43), (1010, 17), (1163, 41), (1303, 20)
(16, 22), (83, 43), (148, 44), (292, 11), (385, 9), (437, 30), (507, 47)
(12, 29), (128, 41), (206, 16), (279, 10), (345, 23), (438, 48), (523, 3)
(52, 27), (107, 4), (259, 1), (356, 26), (428, 23), (661, 14), (824, 26), (914, 20)
(28, 29), (198, 41), (332, 24), (402, 22), (479, 29), (621, 43), (738, 17), (900, 41), (1079, 20)
(5, 29), (69, 41), (143, 16), (265, 10), (349, 23), (448, 48), (561, 3)
(56, 29), (178, 41), (269, 16), (321, 10), (394, 23), (490, 48), (547, 3)
(13, 27), (68, 4), (125, 1), (210, 26), (282, 23), (490, 14), (651, 26), (727, 20)
(326, 29), (459, 41), (546, 16), (621, 10), (686, 23), (893, 48), (980, 3)
(147, 22), (368, 43), (475, 44), (575, 11), (671, 9), (721, 30), (793, 47)
(76, 38), (156, 14), (402, 27), (532, 2), (611, 7), (650, 5), (666, 29), (775, 19)
(46, 29), (261, 41), (363, 24), (586, 22), (722, 29), (830, 43), (931, 17), (1068, 41), (1175, 20)
(498, 6), (569, 30), (670, 31), (748, 14), (792, 31), (893, 27), (949, 45)
(344, 46), (396, 31), (465, 22), (650, 11), (806, 28), (984, 17), (1115, 48)
(226, 6), (265, 30), (436, 31), (528, 14), (582, 31), (674, 27), (728, 45)
(340, 6), (367, 30), (475, 31), (558, 14), (590, 31), (688, 27), (730, 45)
(144, 18), (289, 47), (330, 34), (436, 31), (571, 15), (777, 31), (826, 20), (955, 32)
(279, 22), (362, 43), (455, 44), (681, 11), (774, 9), (826, 30), (896, 47)
(120, 29), (327, 41), (479, 24), (623, 22), (754, 29), (847, 43), (965, 17), (1060, 41), (1165, 20)
(358, 18), (439, 47), (582, 34), (690, 31), (801, 15), (907, 31), (943, 20), (1015, 32)
(403, 46), (496, 31), (596, 22), (804, 11), (968, 28), (1178, 17), (1264, 48)
(463, 46), (522, 31), (597, 22), (777, 11), (882, 28), (1012, 17), (1090, 48)
(70, 15), (198, 33), (335, 43), (506, 6), (569, 41), (703, 33), (916, 12)
(350, 27), (405, 4), (460, 1), (546, 26), (619, 23), (746, 14), (868, 26), (979, 20)
(499, 22), (562, 43), (673, 44), (729, 11), (822, 9), (874, 30), (944, 47)
(7, 46), (122, 31), (215, 22), (374, 11), (541, 28), (651, 17), (748, 48)
(161, 18), (318, 47), (373, 34), (445, 31), (534, 15), (737, 31), (778, 20), (891, 32)
(74, 46), (181, 31), (244, 22), (332, 11), (454, 28), (692, 17), (789, 48)
(424, 18), (574, 47), (719, 34), (809, 31), (878, 15), (1067, 31), (1119, 20), (1195, 32)
(134, 29), (212, 41), (331, 24), (508, 22), (610, 29), (712, 43), (808, 17), (904, 41), (990, 20)
(282, 46), (363, 31), (425, 22), (484, 11), (637, 28), (807, 17), (912, 48)
(257, 29), (362, 41), (456, 16), (490, 10), (553, 23), (608, 48), (652, 3)
(265, 29), (402, 41), (481, 16), (546, 10), (592, 23), (680, 48), (685, 3)
(427, 18), (532, 47), (671, 34), (791, 31), (881, 15), (1159, 31), (1202, 20), (1296, 32)
(179, 29), (311, 41), (452, 24), (619, 22), (723, 29), (894, 43), (1010, 17), (1116, 41), (1243, 20)
(401, 46), (463, 31), (516, 22), (703, 11), (753, 28), (895, 17), (1037, 48)
(109, 46), (168, 31), (246, 22), (435, 11), (583, 28), (719, 17), (822, 48)
(497, 46), (567, 31), (639, 22), (803, 11), (994, 28), (1112, 17), (1219, 48)
(470, 18), (549, 47), (708, 34), (813, 31), (945, 15), (1229, 31), (1277, 20), (1406, 32)
(419, 46), (460, 31), (540, 22), (661, 11), (870, 28), (989, 17), (1081, 48)
(45, 38), (87, 14), (219, 27), (347, 2), (392, 7), (465, 5), (511, 29), (668, 19)
(256, 29), (325, 41), (477, 24), (557, 22), (715, 29), (845, 43), (940, 17), (1080, 41), (1247, 20)
(306, 46), (377, 31), (480, 22), (631, 11), (800, 28), (958, 17), (1080, 48)
(10, 6), (93, 30), (274, 31), (368, 14), (487, 31), (587, 27), (622, 45)
(182, 18), (316, 47), (445, 34), (573, 31), (643, 15), (864, 31), (894, 20), (976, 32)
(449, 38), (487, 14), (643, 27), (770, 2), (867, 7), (980, 5), (989, 29), (1059, 19)
(311, 18), (379, 47), (529, 34), (664, 31), (763, 15), (895, 31), (944, 20), (1063, 32)
(215, 29), (333, 41), (439, 24), (618, 22), (705, 29), (809, 43), (925, 17), (985, 41), (1058, 20)
(282, 22), (341, 43), (456, 44), (581, 11), (684, 9), (734, 30), (806, 47)
(364, 22), (433, 43), (542, 44), (748, 11), (845, 9), (896, 30), (966, 47)
(267, 38), (308, 14), (391, 27), (534, 2), (636, 7), (764, 5), (771, 29), (799, 19)
(274, 6), (299, 30), (486, 31), (560, 14), (700, 31), (794, 27), (842, 45)
(35, 27), (90, 4), (219, 1), (303, 26), (376, 23), (590, 14), (775, 26), (880, 20)
(264, 22), (461, 43), (561, 44), (669, 11), (765, 9), (815, 30), (885, 47)
(343, 38), (402, 14), (573, 27), (667, 2), (755, 7), (809, 5), (827, 29), (900, 19)
(117, 6), (232, 30), (342, 31), (422, 14), (537, 31), (636, 27), (684, 45)
(373, 29), (503, 41), (592, 16), (699, 10), (749, 23), (795, 48), (827, 3)
(73, 29), (264, 41), (391, 24), (616, 22), (661, 29), (774, 43), (898, 17), (1005, 41), (1096, 20)
(447, 27), (502, 4), (603, 1), (694, 26), (767, 23), (955, 14), (1025, 26), (1125, 20)
(217, 15), (357, 33), (471, 43), (587, 6), (650, 41), (741, 33), (858, 12)
(487, 29), (696, 41), (801, 24), (967, 22), (1097, 29), (1268, 43), (1368, 17), (1434, 41), (1603, 20)
(54, 27), (109, 4), (216, 1), (300, 26), (374, 23), (540, 14), (731, 26), (824, 20)
(340, 29), (524, 41), (630, 24), (706, 22), (884, 29), (1070, 43), (1172, 17), (1233, 41), (1310, 20)
(172, 15), (220, 33), (300, 43), (524, 6), (556, 41), (738, 33), (921, 12)
(243, 29), (289, 41), (370, 16), (486, 10), (563, 23), (624, 48), (654, 3)
(54, 46), (136, 31), (209, 22), (355, 11), (433, 28), (670, 17), (811, 48)
(418, 22), (594, 43), (660, 44), (754, 11), (860, 9), (912, 30), (982, 47)
(186, 27), (241, 4), (343, 1), (438, 26), (510, 23), (747, 14), (957, 26), (1061, 20)
(277, 22), (378, 43), (464, 44), (670, 11), (771, 9), (820, 30), (892, 47)
(212, 27), (267, 4), (392, 1), (483, 26), (557, 23), (724, 14), (815, 26), (892, 20)
(118, 29), (264, 41), (398, 24), (586, 22), (745, 29), (876, 43), (988, 17), (1139, 41), (1224, 20)
(475, 29), (551, 41), (640, 16), (690, 10), (761, 23), (911, 48), (999, 3)
(482, 15), (562, 33), (712, 43), (791, 6), (844, 41), (1050, 33), (1207, 12)
(231, 22), (432, 43), (501, 44), (562, 11), (668, 9), (719, 30), (792, 47)
(340, 29), (463, 41), (551, 16), (573, 10), (631, 23), (798, 48), (911, 3)
(292, 6), (339, 30), (567, 31), (654, 14), (766, 31), (867, 27), (901, 45)
(335, 6), (394, 30), (632, 31), (715, 14), (865, 31), (963, 27), (1001, 45)
(59, 6), (131, 30), (325, 31), (405, 14), (516, 31), (610, 27), (649, 45)
(59, 38), (120, 14), (240, 27), (371, 2), (443, 7), (553, 5), (581, 29), (655, 19)
(497, 46), (592, 31), (641, 22), (733, 11), (918, 28), (1075, 17), (1192, 48)
(318, 29), (515, 41), (633, 24), (815, 22), (872, 29), (962, 43), (1066, 17), (1195, 41), (1284, 20)
(250, 6), (323, 30), (426, 31), (509, 14), (550, 31), (645, 27), (702, 45)
(92, 15), (197, 33), (317, 43), (396, 6), (420, 41), (513, 33), (626, 12)
(28, 27), (83, 4), (178, 1), (275, 26), (349, 23), (494, 14), (655, 26), (749, 20)
(5, 27), (60, 4), (141, 1), (228, 26), (304, 23), (509, 14), (661, 26), (741, 20)
(477, 15), (579, 33), (733, 43), (926, 6), (929, 41), (1088, 33), (1293, 12)
(64, 29), (203, 41), (334, 24), (432, 22), (527, 29), (695, 43), (818, 17), (865, 41), (992, 20)
(20, 29), (119, 41), (227, 24), (331, 22), (408, 29), (496, 43), (601, 17), (649, 41), (815, 20)
(361, 22), (492, 43), (606, 44), (658, 11), (755, 9), (806, 30), (878, 47)
(220, 15), (319, 33), (468, 43), (609, 6), (645, 41), (739, 33), (836, 12)
(484, 29), (513, 41), (591, 16), (671, 10), (722, 23), (915, 48), (930, 3)
(121, 46), (169, 31), (259, 22), (428, 11), (599, 28), (772, 17), (877, 48)
(123, 22), (341, 43), (413, 44), (535, 11), (634, 9), (686, 30), (758, 47)
(391, 27), (446, 4), (521, 1), (607, 26), (683, 23), (795, 14), (876, 26), (968, 20)
(449, 6), (549, 30), (778, 31), (862, 14), (994, 31), (1092, 27), (1132, 45)
(178, 18), (241, 47), (347, 34), (473, 31), (541, 15), (818, 31), (856, 20), (929, 32)
(353, 18), (509, 47), (554, 34), (674, 31), (782, 15), (1071, 31), (1114, 20), (1243, 32)
(245, 46), (308, 31), (336, 22), (505, 11), (631, 28), (787, 17), (914, 48)
(183, 15), (254, 33), (327, 43), (407, 6), (414, 41), (495, 33), (701, 12)
(125, 46), (234, 31), (267, 22), (401, 11), (476, 28), (636, 17), (770, 48)
(352, 22), (517, 43), (634, 44), (852, 11), (949, 9), (999, 30), (1071, 47)
(155, 22), (338, 43), (400, 44), (445, 11), (551, 9), (603, 30), (674, 47)
(394, 18), (475, 47), (639, 34), (766, 31), (848, 15), (1070, 31), (1123, 20), (1235, 32)
(310, 15), (410, 33), (519, 43), (630, 6), (641, 41), (848, 33), (1041, 12)
(297, 18), (367, 47), (480, 34), (559, 31), (658, 15), (766, 31), (820, 20), (908, 32)
(372, 18), (445, 47), (524, 34), (594, 31), (678, 15), (818, 31), (871, 20), (996, 32)
(124, 29), (260, 41), (367, 24), (443, 22), (548, 29), (701, 43), (803, 17), (895, 41), (1028, 20)
(183, 18), (242, 47), (408, 34), (504, 31), (591, 15), (880, 31), (930, 20), (1017, 32)
(25, 6), (64, 30), (267, 31), (347, 14), (391, 31), (489, 27), (522, 45)
(443, 29), (483, 41), (561, 16), (597, 10), (663, 23), (815, 48), (834, 3)
(6, 15), (41, 33), (162, 43), (227, 6), (267, 41), (354, 33), (527, 12)
(273, 18), (426, 47), (483, 34), (571, 31), (702, 15), (963, 31), (998, 20), (1097, 32)
(422, 29), (520, 41), (613, 16), (746, 10), (801, 23), (1011, 48), (1029, 3)
(195, 46), (241, 31), (287, 22), (429, 11), (494, 28), (659, 17), (794, 48)
(164, 29), (375, 41), (479, 24), (684, 22), (759, 29), (874, 43), (964, 17), (1118, 41), (1212, 20)
(238, 46), (336, 31), (364, 22), (429, 11), (570, 28), (723, 17), (878, 48)
(153, 38), (206, 14), (390, 27), (528, 2), (633, 7), (732, 5), (760, 29), (919, 19)
(118, 38), (230, 14), (416, 27), (555, 2), (611, 7), (751, 5), (768, 29), (874, 19)
(386, 15), (480, 33), (555, 43), (693, 6), (732, 41), (848, 33), (1069, 12)
(419, 22), (507, 43), (627, 44), (833, 11), (927, 9), (976, 30), (1046, 47)
(206, 18), (325, 47), (492, 34), (565, 31), (699, 15), (892, 31), (922, 20), (1014, 32)
(464, 22), (621, 43), (725, 44), (933, 11), (1027, 9), (1079, 30), (1151, 47)
(192, 22), (405, 43), (513, 44), (727, 11), (823, 9), (875, 30), (946, 47)
(293, 27), (348, 4), (499, 1), (588, 26), (661, 23), (836, 14), (932, 26), (1017, 20)
(429, 18), (540, 47), (693, 34), (824, 31), (898, 15), (1131, 31), (1180, 20), (1246, 32)
(238, 6), (330, 30), (465, 31), (543, 14), (596, 31), (690, 27), (722, 45)
(263, 38), (366, 14), (629, 27), (788, 2), (871, 7), (984, 5), (1019, 29), (1171, 19)
(230, 38), (313, 14), (579, 27), (737, 2), (809, 7), (947, 5), (987, 29), (1130, 19)
(123, 38), (220, 14), (439, 27), (553, 2), (634, 7), (748, 5), (757, 29), (765, 19)
(236, 27), (291, 4), (405, 1), (498, 26), (574, 23), (804, 14), (1001, 26), (1107, 20)
(136, 18), (263, 47), (452, 34), (545, 31), (620, 15), (730, 31), (779, 20), (854, 32)
(240, 46), (313, 31), (414, 22), (619, 11), (755, 28), (971, 17), (1108, 48)
(403, 15), (496, 33), (635, 43), (795, 6), (861, 41), (1053, 33), (1163, 12)
(301, 29), (390, 41), (484, 16), (609, 10), (674, 23), (795, 48), (840, 3)
(296, 29), (387, 41), (489, 24), (679, 22), (853, 29), (946, 43), (1052, 17), (1170, 41), (1325, 20)
(471, 15), (542, 33), (641, 43), (769, 6), (831, 41), (930, 33), (1114, 12)
(362, 46), (404, 31), (501, 22), (591, 11), (649, 28), (792, 17), (928, 48)
(137, 15), (259, 33), (331, 43), (478, 6), (528, 41), (683, 33), (819, 12)
(384, 27), (439, 4), (512, 1), (599, 26), (674, 23), (739, 14), (847, 26), (933, 20)
(191, 15), (277, 33), (405, 43), (473, 6), (505, 41), (579, 33), (796, 12)
(418, 15), (510, 33), (582, 43), (682, 6), (695, 41), (774, 33), (926, 12)
(45, 46), (156, 31), (266, 22), (363, 11), (561, 28), (754, 17), (841, 48)
(98, 38), (182, 14), (272, 27), (396, 2), (462, 7), (519, 5), (553, 29), (563, 19)
(67, 29), (202, 41), (325, 24), (486, 22), (556, 29), (741, 43), (864, 17), (950, 41), (1086, 20)
(134, 38), (195, 14), (419, 27), (543, 2), (678, 7), (720, 5), (763, 29), (784, 19)
(215, 15), (353, 33), (402, 43), (495, 6), (538, 41), (604, 33), (786, 12)
(364, 6), (446, 30), (621, 31), (716, 14), (779, 31), (871, 27), (904, 45)
(92, 22), (215, 43), (292, 44), (387, 11), (493, 9), (542, 30), (614, 47)
(159, 46), (261, 31), (294, 22), (453, 11), (630, 28), (754, 17), (875, 48)
(456, 6), (491, 30), (724, 31), (800, 14), (866, 31), (958, 27), (992, 45)
(430, 15), (600, 33), (730, 43), (785, 6), (836, 41), (1032, 33), (1145, 12)
(116, 18), (179, 47), (271, 34), (346, 31), (472, 15), (577, 31), (637, 20), (759, 32)
(225, 38), (292, 14), (396, 27), (546, 2), (667, 7), (797, 5), (815, 29), (868, 19)
(353, 27), (408, 4), (517, 1), (610, 26), (684, 23), (867, 14), (995, 26), (1103, 20)
(7, 15), (98, 33), (244, 43), (362, 6), (411, 41), (521, 33), (703, 12)
(138, 38), (204, 14), (364, 27), (458, 2), (551, 7), (616, 5), (645, 29), (787, 19)
(176, 18), (318, 47), (378, 34), (476, 31), (592, 15), (762, 31), (809, 20), (930, 32)
(497, 38), (569, 14), (739, 27), (873, 2), (968, 7), (1020, 5), (1030, 29), (1162, 19)
(263, 29), (350, 41), (429, 16), (498, 10), (533, 23), (723, 48), (743, 3)
(261, 46), (333, 31), (415, 22), (466, 11), (649, 28), (777, 17), (873, 48)
(250, 15), (383, 33), (472, 43), (589, 6), (634, 41), (699, 33), (913, 12)
(4, 6), (88, 30), (313, 31), (397, 14), (562, 31), (654, 27), (707, 45)
(453, 15), (587, 33), (677, 43), (810, 6), (816, 41), (944, 33), (1064, 12)
(141, 38), (246, 14), (491, 27), (647, 2), (800, 7), (840, 5), (880, 29), (915, 19)
(357, 15), (424, 33), (521, 43), (568, 6), (622, 41), (760, 33), (907, 12)
(397, 38), (498, 14), (765, 27), (901, 2), (1041, 7), (1138, 5), (1141, 29), (1255, 19)
(276, 27), (331, 4), (408, 1), (505, 26), (581, 23), (760, 14), (836, 26), (949, 20)
(403, 46), (466, 31), (519, 22), (595, 11), (762, 28), (921, 17), (1024, 48)
(85, 15), (188, 33), (272, 43), (379, 6), (427, 41), (542, 33), (645, 12)
(424, 22), (529, 43), (590, 44), (665, 11), (763, 9), (814, 30), (884, 47)
(268, 38), (333, 14), (532, 27), (662, 2), (708, 7), (775, 5), (791, 29), (860, 19)
(226, 38), (297, 14), (452, 27), (591, 2), (741, 7), (786, 5), (794, 29), (843, 19)
(452, 38), (480, 14), (692, 27), (836, 2), (961, 7), (1029, 5), (1053, 29), (1181, 19)
(444, 22), (516, 43), (574, 44), (665, 11), (760, 9), (812, 30), (883, 47)
(177, 27), (232, 4), (388, 1), (481, 26), (554, 23), (669, 14), (769, 26), (852, 20)
(423, 15), (506, 33), (665, 43), (750, 6), (756, 41), (897, 33), (999, 12)
(468, 18), (592, 47), (655, 34), (759, 31), (873, 15), (1091, 31), (1148, 20), (1275, 32)
(142, 46), (187, 31), (238, 22), (450, 11), (573, 28), (800, 17), (890, 48)
(449, 38), (516, 14), (658, 27), (815, 2), (961, 7), (1095, 5), (1098, 29), (1202, 19)
(479, 46), (538, 31), (591, 22), (734, 11), (817, 28), (954, 17), (1044, 48)
(414, 18), (495, 47), (637, 34), (769, 31), (853, 15), (1111, 31), (1164, 20), (1266, 32)
(213, 29), (420, 41), (535, 24), (590, 22), (742, 29), (902, 43), (1005, 17), (1108, 41), (1204, 20)
(468, 29), (536, 41), (664, 24), (763, 22), (872, 29), (990, 43), (1086, 17), (1215, 41), (1288, 20)
(111, 6), (165, 30), (373, 31), (465, 14), (498, 31), (592, 27), (648, 45)
(47, 18), (164, 47), (234, 34), (330, 31), (411, 15), (631, 31), (669, 20), (738, 32)
(455, 27), (510, 4), (638, 1), (730, 26), (805, 23), (988, 14), (1149, 26), (1232, 20)
(241, 29), (354, 41), (466, 24), (566, 22), (678, 29), (768, 43), (888, 17), (1031, 41), (1167, 20)
(368, 27), (423, 4), (543, 1), (638, 26), (712, 23), (865, 14), (1082, 26), (1165, 20)
(369, 15), (498, 33), (596, 43), (634, 6), (648, 41), (817, 33), (1019, 12)
(107, 29), (206, 41), (290, 16), (421, 10), (465, 23), (539, 48), (642, 3)
(53, 29), (213, 41), (323, 24), (410, 22), (454, 29), (641, 43), (732, 17), (820, 41), (892, 20)
(299, 27), (354, 4), (512, 1), (599, 26), (674, 23), (901, 14), (1052, 26), (1145, 20)
(418, 27), (473, 4), (580, 1), (672, 26), (744, 23), (817, 14), (988, 26), (1091, 20)
