(89, 27), (151, 5), (227, 34), (302, 43), (475, 28), (520, 23), (570, 28)
(40, 40), (130, 41), (262, 35), (457, 13), (509, 24), (666, 23), (934, 17)
(234, 1), (276, 35), (596, 44), (881, 49), (992, 10), (1018, 12), (1057, 34), (1098, 33)
(152, 12), (235, 18), (588, 49), (668, 23), (789, 34), (904, 34), (1076, 29)
(20, 2), (248, 9), (317, 6), (647, 43), (779, 2), (998, 42), (1035, 39), (1385, 27)
(71, 35), (249, 18), (353, 9), (629, 25), (741, 36), (834, 36), (946, 6), (1411, 49)
(16, 21), (215, 44), (523, 40), (674, 28), (758, 22), (956, 20), (1152, 11)
(23, 15), (45, 4), (79, 0), (97, 34), (116, 27), (341, 8), (516, 36), (691, 48)
(123, 12), (424, 18), (686, 49), (879, 23), (1016, 34), (1306, 34), (1742, 29)
(223, 9), (303, 14), (618, 36), (902, 41), (1049, 1), (1220, 46), (1523, 44)
(84, 34), (131, 13), (512, 44), (563, 19), (702, 7), (992, 35), (1125, 2), (1535, 47), (1909, 36)
(116, 31), (142, 40), (313, 44), (508, 40), (612, 28), (792, 26), (947, 28), (1261, 4)
(56, 49), (107, 17), (229, 6), (246, 6), (321, 25), (371, 26)
(28, 34), (72, 13), (382, 44), (447, 19), (845, 7), (1034, 35), (1159, 2), (1519, 47), (1926, 36)
(186, 4), (509, 47), (702, 11), (945, 31), (1293, 44), (1377, 44), (1429, 15)
(167, 10), (206, 5), (262, 2), (442, 25), (679, 42), (753, 6), (871, 36), (973, 9)
(184, 31), (275, 2), (356, 2), (465, 40), (524, 36), (562, 28)
(247, 32), (349, 35), (747, 49), (912, 22), (1269, 19), (1447, 22), (1931, 44)
(159, 40), (388, 41), (523, 35), (689, 13), (814, 24), (936, 23), (1061, 17)
(124, 34), (150, 13), (532, 44), (586, 19), (865, 7), (1293, 35), (1435, 2), (1575, 47), (1807, 36)
(104, 22), (446, 1), (498, 14), (653, 30), (723, 23), (887, 43), (1131, 7), (1357, 8)
(151, 15), (258, 23), (447, 5), (545, 8), (640, 46), (848, 37), (1011, 33), (1253, 17)
(12, 35), (256, 49), (359, 12), (542, 37), (682, 27), (851, 15), (930, 34), (1218, 46)
(9, 28), (328, 13), (601, 39), (650, 33), (834, 29), (1162, 46), (1315, 15)
(202, 32), (301, 35), (694, 49), (798, 22), (1136, 19), (1467, 22), (1890, 44)
(109, 12), (350, 18), (547, 49), (721, 23), (802, 34), (866, 34), (1059, 29)
(113, 28), (443, 13), (845, 39), (877, 33), (1118, 29), (1209, 46), (1413, 15)
(48, 29), (113, 21), (245, 1), (358, 31), (434, 5), (513, 46), (812, 46), (984, 22)
(5, 35), (250, 18), (409, 9), (591, 25), (917, 36), (999, 36), (1275, 6), (1389, 49)
(64, 12), (205, 18), (522, 49), (685, 23), (784, 34), (932, 34), (1308, 29)
(243, 15), (327, 23), (575, 5), (682, 8), (771, 46), (857, 37), (985, 33), (1220, 17)
(248, 15), (326, 23), (495, 5), (552, 8), (836, 46), (1050, 37), (1219, 33), (1422, 17)
(115, 31), (124, 40), (473, 44), (754, 40), (901, 28), (1129, 26), (1304, 28), (1728, 4)
(117, 21), (172, 6), (325, 12), (458, 48), (688, 14), (862, 19), (1062, 27), (1433, 10)
(225, 15), (247, 4), (342, 0), (377, 34), (517, 27), (736, 8), (863, 36), (997, 48)
(53, 43), (136, 28), (139, 11), (239, 29), (383, 30), (561, 33)
(117, 4), (375, 47), (531, 11), (804, 31), (952, 44), (1177, 44), (1220, 15)
(93, 9), (341, 14), (641, 36), (729, 41), (962, 1), (1139, 46), (1233, 44)
(163, 42), (369, 30), (483, 10), (548, 30), (714, 49), (1095, 9), (1136, 33), (1221, 42)
(235, 42), (342, 30), (517, 10), (583, 30), (774, 49), (993, 9), (1047, 33), (1319, 42)
(90, 15), (157, 23), (599, 5), (649, 8), (712, 46), (814, 37), (905, 33), (1104, 17)
(20, 31), (49, 43), (325, 32), (420, 27), (786, 38), (1082, 17), (1216, 42), (1411, 26)
(203, 4), (359, 4), (446, 48), (635, 40), (690, 20), (795, 35), (970, 47), (1073, 17)
(176, 49), (251, 17), (376, 6), (393, 6), (469, 25), (552, 26)
(150, 19), (219, 45), (367, 20), (540, 34), (793, 26), (884, 40), (987, 13), (1130, 19)
(20, 31), (93, 2), (100, 2), (177, 40), (252, 36), (289, 28)
(53, 10), (212, 5), (314, 2), (415, 25), (650, 42), (734, 6), (820, 36), (914, 9)
(164, 43), (248, 28), (252, 11), (350, 29), (500, 30), (684, 33)
(166, 21), (268, 6), (414, 12), (536, 48), (665, 14), (791, 19), (1273, 27), (1386, 10)
(3, 27), (109, 5), (223, 34), (357, 43), (758, 28), (987, 23), (1069, 28)
(118, 27), (287, 5), (403, 34), (779, 43), (1174, 28), (1404, 23), (1489, 28)
(195, 2), (483, 9), (875, 6), (1107, 43), (1387, 2), (1440, 42), (1598, 39), (2003, 27)
(219, 36), (287, 5), (434, 15), (662, 40), (791, 40), (1174, 35), (1219, 47), (1341, 40)
(17, 4), (198, 4), (307, 48), (731, 40), (823, 20), (889, 35), (1004, 47), (1178, 17)
(228, 1), (348, 35), (567, 44), (937, 49), (1088, 10), (1131, 12), (1170, 34), (1182, 33)
(44, 29), (154, 21), (447, 1), (572, 31), (628, 5), (707, 46), (798, 46), (915, 22)
(102, 22), (241, 1), (313, 14), (736, 30), (801, 23), (886, 43), (1197, 7), (1390, 8)
(63, 31), (88, 2), (106, 2), (208, 40), (271, 36), (294, 28)
(199, 15), (254, 23), (369, 5), (594, 8), (641, 46), (791, 37), (896, 33), (1225, 17)
(183, 10), (307, 5), (407, 2), (611, 25), (769, 42), (850, 6), (1048, 36), (1145, 9)
(32, 2), (151, 9), (577, 6), (777, 43), (1043, 2), (1189, 42), (1275, 39), (1635, 27)
(41, 49), (147, 17), (276, 6), (292, 6), (399, 25), (491, 26)
(69, 10), (228, 5), (308, 2), (479, 25), (618, 42), (686, 6), (790, 36), (858, 9)
(118, 4), (179, 4), (322, 48), (474, 40), (689, 20), (830, 35), (1225, 47), (1333, 17)
(68, 35), (572, 18), (726, 9), (839, 25), (1182, 36), (1280, 36), (1436, 6), (1690, 49)
(148, 21), (275, 44), (462, 40), (609, 28), (833, 22), (1021, 20), (1100, 11)
(80, 15), (97, 4), (142, 0), (165, 34), (284, 27), (406, 8), (489, 36), (630, 48)
(11, 43), (95, 28), (98, 11), (205, 29), (255, 30), (431, 33)
(91, 10), (161, 5), (236, 2), (425, 25), (599, 42), (660, 6), (821, 36), (906, 9)
(167, 19), (237, 45), (474, 20), (608, 34), (863, 26), (925, 40), (1002, 13), (1137, 19)
(224, 35), (631, 18), (855, 9), (1000, 25), (1301, 36), (1406, 36), (1691, 6), (1861, 49)
(66, 22), (295, 1), (334, 14), (655, 30), (727, 23), (1036, 43), (1094, 7), (1428, 8)
(45, 29), (215, 21), (502, 1), (671, 31), (715, 5), (795, 46), (1009, 46), (1203, 22)
(124, 43), (207, 28), (211, 11), (309, 29), (459, 30), (623, 33)
(95, 2), (213, 9), (487, 6), (715, 43), (975, 2), (1140, 42), (1183, 39), (1596, 27)
(64, 4), (97, 4), (165, 48), (226, 40), (304, 20), (437, 35), (678, 47), (882, 17)
(57, 42), (215, 30), (482, 10), (549, 30), (815, 49), (1082, 9), (1133, 33), (1316, 42)
(0, 31), (15, 40), (248, 44), (442, 40), (755, 28), (865, 26), (1032, 28), (1183, 4)
(13, 15), (34, 4), (125, 0), (143, 34), (207, 27), (600, 8), (808, 36), (933, 48)
(161, 4), (374, 47), (753, 11), (1124, 31), (1530, 44), (1688, 44), (1729, 15)
(241, 22), (406, 1), (563, 14), (711, 30), (785, 23), (1251, 43), (1334, 7), (1388, 8)
(201, 31), (218, 40), (548, 44), (773, 40), (968, 28), (1210, 26), (1434, 28), (1610, 4)
(185, 27), (223, 5), (313, 34), (421, 43), (712, 28), (902, 23), (971, 28)
(114, 31), (132, 40), (438, 44), (711, 40), (912, 28), (1203, 26), (1417, 28), (1696, 4)
(200, 12), (381, 2), (394, 45), (617, 31), (735, 34), (895, 0), (1005, 44), (1165, 27)
(11, 1), (217, 35), (372, 44), (490, 49), (797, 10), (831, 12), (854, 34), (911, 33)
(241, 12), (774, 18), (854, 49), (1001, 23), (1113, 34), (1217, 34), (1618, 29)
(137, 10), (190, 5), (255, 2), (521, 25), (692, 42), (796, 6), (901, 36), (981, 9)
(80, 12), (253, 18), (326, 49), (498, 23), (614, 34), (643, 34), (936, 29)
(8, 15), (100, 23), (148, 5), (289, 8), (562, 46), (649, 37), (789, 33), (899, 17)
(193, 28), (645, 13), (958, 39), (1011, 33), (1249, 29), (1383, 46), (1571, 15)
(237, 12), (667, 2), (1029, 45), (1194, 31), (1207, 34), (1334, 0), (1571, 44), (1717, 27)
(229, 27), (361, 5), (395, 34), (540, 43), (769, 28), (860, 23), (913, 28)
(246, 12), (495, 2), (599, 45), (1135, 31), (1202, 34), (1368, 0), (1544, 44), (1788, 27)
(172, 49), (288, 17), (413, 6), (430, 6), (540, 25), (638, 26)
(20, 49), (135, 17), (270, 6), (286, 6), (382, 25), (486, 26)
(228, 1), (365, 35), (728, 44), (1181, 49), (1463, 10), (1504, 12), (1535, 34), (1581, 33)
(18, 34), (40, 13), (325, 44), (375, 19), (552, 7), (1032, 35), (1170, 2), (1369, 47), (1707, 36)
(237, 15), (266, 4), (341, 0), (364, 34), (509, 27), (761, 8), (811, 36), (931, 48)
(64, 12), (437, 2), (617, 45), (830, 31), (907, 34), (920, 0), (1131, 44), (1156, 27)
(196, 10), (293, 5), (367, 2), (466, 25), (691, 42), (771, 6), (974, 36), (1063, 9)
(241, 49), (304, 17), (431, 6), (442, 6), (508, 25), (580, 26)
(244, 36), (331, 5), (465, 15), (670, 40), (882, 40), (1355, 35), (1698, 47), (1860, 40)
(15, 49), (31, 17), (145, 6), (161, 6), (250, 25), (360, 26)
(136, 38), (210, 3), (389, 6), (566, 19), (887, 16), (1132, 21), (1231, 30)
(119, 9), (418, 14), (703, 36), (1019, 41), (1371, 1), (1499, 46), (1588, 44)
(125, 31), (160, 43), (345, 32), (369, 27), (386, 38), (669, 17), (1027, 42), (1116, 26)
(167, 12), (321, 2), (484, 45), (665, 31), (698, 34), (760, 0), (1040, 44), (1257, 27)
(73, 32), (182, 35), (428, 49), (472, 22), (740, 19), (1089, 22), (1373, 44)
(84, 35), (415, 49), (568, 12), (719, 37), (761, 27), (978, 15), (1042, 34), (1279, 46)
(70, 4), (268, 4), (552, 48), (993, 40), (1195, 20), (1262, 35), (1517, 47), (1707, 17)
(211, 4), (567, 47), (797, 11), (896, 31), (1007, 44), (1217, 44), (1277, 15)
(106, 42), (379, 30), (593, 10), (661, 30), (991, 49), (1356, 9), (1408, 33), (1535, 42)
(206, 19), (269, 45), (366, 20), (494, 34), (649, 26), (985, 40), (1080, 13), (1418, 19)
(196, 28), (465, 13), (700, 39), (753, 33), (1037, 29), (1350, 46), (1549, 15)
(192, 19), (265, 45), (544, 20), (896, 34), (1034, 26), (1425, 40), (1499, 13), (1601, 19)
(221, 4), (257, 4), (293, 48), (755, 40), (896, 20), (1074, 35), (1395, 47), (1551, 17)
(117, 4), (200, 47), (435, 11), (600, 31), (1052, 44), (1228, 44), (1258, 15)
(14, 27), (184, 5), (252, 34), (392, 43), (829, 28), (914, 23), (963, 28)
(219, 9), (336, 14), (352, 36), (465, 41), (566, 1), (739, 46), (975, 44)
(210, 19), (285, 45), (530, 20), (868, 34), (1165, 26), (1229, 40), (1313, 13), (1499, 19)
(118, 35), (472, 49), (834, 12), (987, 37), (1019, 27), (1217, 15), (1275, 34), (1475, 46)
(63, 35), (331, 18), (439, 9), (505, 25), (658, 36), (762, 36), (886, 6), (1291, 49)
(200, 12), (616, 2), (965, 45), (1178, 31), (1216, 34), (1413, 0), (1566, 44), (1807, 27)
(139, 36), (219, 5), (359, 15), (458, 40), (548, 40), (902, 35), (1287, 47), (1393, 40)
(127, 43), (210, 28), (214, 11), (313, 29), (355, 30), (458, 33)
(33, 31), (70, 2), (105, 2), (174, 40), (231, 36), (245, 28)
(39, 28), (288, 13), (482, 39), (518, 33), (694, 29), (797, 46), (924, 15)
(112, 21), (142, 6), (284, 12), (424, 48), (614, 14), (831, 19), (1035, 27), (1187, 10)
(248, 31), (271, 40), (521, 44), (591, 40), (672, 28), (775, 26), (865, 28), (1150, 4)
(139, 36), (169, 5), (270, 15), (316, 40), (508, 40), (890, 35), (1257, 47), (1354, 40)
(166, 15), (220, 23), (581, 5), (845, 8), (932, 46), (1111, 37), (1254, 33), (1560, 17)
(166, 15), (239, 23), (453, 5), (564, 8), (657, 46), (840, 37), (1061, 33), (1165, 17)
(145, 28), (581, 13), (914, 39), (947, 33), (1141, 29), (1366, 46), (1518, 15)
(212, 49), (326, 17), (423, 6), (435, 6), (505, 25), (609, 26)
(113, 36), (235, 5), (332, 15), (535, 40), (723, 40), (866, 35), (1343, 47), (1521, 40)
(128, 38), (242, 3), (481, 6), (659, 19), (890, 16), (1106, 21), (1184, 30)
(214, 9), (429, 14), (873, 36), (1231, 41), (1712, 1), (1864, 46), (2057, 44)
(240, 9), (369, 14), (638, 36), (764, 41), (1072, 1), (1180, 46), (1444, 44)
(183, 32), (285, 35), (717, 49), (757, 22), (1113, 19), (1630, 22), (1965, 44)
(88, 28), (271, 13), (443, 39), (481, 33), (611, 29), (802, 46), (856, 15)
(127, 49), (256, 17), (335, 6), (346, 6), (457, 25), (512, 26)
(214, 43), (297, 28), (300, 11), (405, 29), (456, 30), (621, 33)
(223, 49), (308, 17), (445, 6), (461, 6), (586, 25), (652, 26)
(134, 43), (216, 28), (220, 11), (321, 29), (391, 30), (460, 33)
(7, 10), (133, 5), (224, 2), (296, 25), (442, 42), (532, 6), (617, 36), (687, 9)
(235, 38), (383, 3), (388, 6), (642, 19), (952, 16), (1080, 21), (1345, 30)
(175, 35), (446, 18), (585, 9), (843, 25), (981, 36), (1062, 36), (1329, 6), (1488, 49)
(66, 28), (168, 13), (365, 39), (414, 33), (600, 29), (822, 46), (873, 15)
(119, 21), (252, 6), (416, 12), (537, 48), (664, 14), (800, 19), (922, 27), (1109, 10)
(151, 12), (447, 2), (838, 45), (1059, 31), (1073, 34), (1214, 0), (1310, 44), (1360, 27)
(236, 38), (438, 3), (646, 6), (717, 19), (1161, 16), (1421, 21), (1595, 30)
(29, 31), (72, 2), (96, 2), (144, 40), (206, 36), (231, 28)
(154, 19), (217, 45), (413, 20), (482, 34), (747, 26), (1123, 40), (1198, 13), (1238, 19)
(153, 43), (235, 28), (238, 11), (339, 29), (444, 30), (594, 33)
(26, 28), (313, 13), (545, 39), (591, 33), (867, 29), (1216, 46), (1391, 15)
(21, 49), (82, 17), (163, 6), (174, 6), (282, 25), (379, 26)
(216, 42), (375, 30), (476, 10), (537, 30), (675, 49), (884, 9), (928, 33), (1275, 42)
(62, 12), (208, 18), (479, 49), (559, 23), (677, 34), (798, 34), (1048, 29)
(58, 27), (217, 5), (351, 34), (414, 43), (780, 28), (824, 23), (906, 28)
(127, 38), (205, 3), (356, 6), (482, 19), (630, 16), (802, 21), (1083, 30)
(118, 31), (144, 40), (500, 44), (675, 40), (895, 28), (1051, 26), (1188, 28), (1484, 4)
(191, 12), (301, 2), (715, 45), (948, 31), (1041, 34), (1143, 0), (1355, 44), (1393, 27)
(189, 43), (271, 28), (275, 11), (378, 29), (446, 30), (538, 33)
(59, 49), (163, 17), (243, 6), (256, 6), (363, 25), (443, 26)
(221, 28), (355, 13), (444, 39), (474, 33), (606, 29), (859, 46), (1074, 15)
(241, 49), (257, 17), (393, 6), (410, 6), (528, 25), (611, 26)
(75, 22), (268, 1), (484, 14), (837, 30), (910, 23), (1288, 43), (1401, 7), (1760, 8)
(36, 4), (242, 4), (367, 48), (783, 40), (901, 20), (1014, 35), (1178, 47), (1279, 17)
(103, 38), (281, 3), (318, 6), (623, 19), (821, 16), (1032, 21), (1099, 30)
(163, 10), (318, 5), (374, 2), (461, 25), (777, 42), (882, 6), (1072, 36), (1157, 9)
(65, 4), (199, 47), (312, 11), (417, 31), (576, 44), (789, 44), (835, 15)
(204, 34), (263, 13), (605, 44), (660, 19), (875, 7), (1232, 35), (1333, 2), (1809, 47), (1956, 36)
(30, 12), (372, 2), (745, 45), (1074, 31), (1110, 34), (1153, 0), (1222, 44), (1451, 27)
(168, 12), (486, 2), (856, 45), (958, 31), (1075, 34), (1239, 0), (1569, 44), (1673, 27)
(88, 35), (304, 49), (409, 12), (486, 37), (639, 27), (868, 15), (1015, 34), (1080, 46)
(5, 42), (242, 30), (318, 10), (381, 30), (695, 49), (1031, 9), (1074, 33), (1107, 42)
(177, 28), (599, 13), (857, 39), (899, 33), (1050, 29), (1444, 46), (1524, 15)
(62, 27), (166, 5), (177, 34), (421, 43), (726, 28), (827, 23), (904, 28)
(73, 38), (216, 3), (417, 6), (539, 19), (696, 16), (886, 21), (946, 30)
(228, 42), (576, 30), (860, 10), (928, 30), (1199, 49), (1245, 9), (1293, 33), (1565, 42)
(162, 42), (267, 30), (437, 10), (493, 30), (703, 49), (875, 9), (926, 33), (1073, 42)
(129, 12), (215, 18), (339, 49), (410, 23), (512, 34), (759, 34), (914, 29)
(60, 49), (112, 17), (190, 6), (202, 6), (309, 25), (364, 26)
(222, 32), (327, 35), (497, 49), (582, 22), (649, 19), (783, 22), (1235, 44)
(247, 4), (418, 4), (445, 48), (601, 40), (831, 20), (939, 35), (1253, 47), (1413, 17)
(86, 27), (178, 5), (203, 34), (267, 43), (592, 28), (773, 23), (835, 28)
(247, 34), (313, 13), (410, 44), (456, 19), (817, 7), (1132, 35), (1257, 2), (1440, 47), (1962, 36)
(35, 49), (83, 17), (159, 6), (171, 6), (293, 25), (362, 26)
(85, 10), (260, 5), (326, 2), (582, 25), (802, 42), (912, 6), (1108, 36), (1200, 9)
(230, 38), (316, 3), (591, 6), (686, 19), (898, 16), (1127, 21), (1461, 30)
(15, 31), (111, 43), (381, 32), (445, 27), (916, 38), (1048, 17), (1285, 42), (1452, 26)
(32, 12), (382, 18), (718, 49), (910, 23), (1020, 34), (1290, 34), (1753, 29)
(158, 40), (330, 41), (465, 35), (685, 13), (751, 24), (881, 23), (1187, 17)
(7, 31), (92, 2), (180, 2), (292, 40), (364, 36), (377, 28)
(129, 2), (296, 9), (495, 6), (810, 43), (1094, 2), (1325, 42), (1377, 39), (1555, 27)
(46, 35), (533, 18), (640, 9), (810, 25), (889, 36), (994, 36), (1260, 6), (1568, 49)
(47, 19), (126, 45), (210, 20), (312, 34), (589, 26), (929, 40), (1041, 13), (1339, 19)
(76, 31), (328, 43), (526, 32), (652, 27), (878, 38), (1233, 17), (1456, 42), (1543, 26)
(54, 31), (76, 40), (385, 44), (483, 40), (799, 28), (912, 26), (1151, 28), (1539, 4)
(106, 38), (371, 3), (689, 6), (883, 19), (1266, 16), (1496, 21), (1828, 30)
(35, 21), (456, 6), (724, 12), (828, 48), (1093, 14), (1212, 19), (1536, 27), (1796, 10)
(63, 31), (143, 2), (241, 2), (380, 40), (448, 36), (468, 28)
(249, 43), (332, 28), (335, 11), (435, 29), (606, 30), (826, 33)
(57, 32), (160, 35), (288, 49), (349, 22), (740, 19), (898, 22), (1162, 44)
(33, 15), (58, 4), (105, 0), (117, 34), (229, 27), (637, 8), (835, 36), (954, 48)
(215, 19), (286, 45), (474, 20), (794, 34), (911, 26), (1100, 40), (1202, 13), (1521, 19)
(11, 42), (154, 30), (467, 10), (533, 30), (846, 49), (855, 9), (909, 33), (1181, 42)
(54, 35), (303, 18), (406, 9), (484, 25), (642, 36), (743, 36), (1027, 6), (1415, 49)
(127, 12), (314, 18), (512, 49), (640, 23), (774, 34), (905, 34), (1381, 29)
(66, 22), (199, 1), (276, 14), (691, 30), (763, 23), (1193, 43), (1638, 7), (1713, 8)
(139, 42), (461, 30), (629, 10), (685, 30), (824, 49), (901, 9), (946, 33), (1197, 42)
(1, 35), (494, 18), (557, 9), (797, 25), (1116, 36), (1208, 36), (1467, 6), (1563, 49)
(83, 38), (237, 3), (454, 6), (632, 19), (955, 16), (1179, 21), (1294, 30)
(48, 31), (95, 2), (176, 2), (215, 40), (270, 36), (292, 28)
(18, 31), (44, 2), (81, 2), (151, 40), (227, 36), (241, 28)
(122, 31), (398, 43), (629, 32), (655, 27), (728, 38), (891, 17), (1014, 42), (1112, 26)
(6, 9), (236, 14), (341, 36), (459, 41), (864, 1), (1044, 46), (1240, 44)
(16, 4), (136, 4), (240, 48), (701, 40), (887, 20), (1004, 35), (1158, 47), (1227, 17)
(70, 12), (455, 18), (545, 49), (702, 23), (817, 34), (867, 34), (1111, 29)
(86, 12), (280, 18), (593, 49), (663, 23), (793, 34), (984, 34), (1083, 29)
(7, 2), (65, 9), (197, 6), (279, 43), (543, 2), (654, 42), (831, 39), (963, 27)
(75, 28), (549, 13), (976, 39), (1003, 33), (1090, 29), (1341, 46), (1536, 15)
(214, 21), (444, 44), (593, 40), (744, 28), (922, 22), (1036, 20), (1220, 11)
(140, 22), (354, 1), (548, 14), (689, 30), (756, 23), (1072, 43), (1494, 7), (1753, 8)
(35, 19), (113, 45), (207, 20), (318, 34), (430, 26), (835, 40), (912, 13), (994, 19)
(157, 43), (239, 28), (243, 11), (348, 29), (487, 30), (622, 33)
(236, 12), (682, 2), (817, 45), (1110, 31), (1225, 34), (1317, 0), (1593, 44), (1863, 27)
(182, 1), (366, 35), (482, 44), (721, 49), (1029, 10), (1058, 12), (1078, 34), (1088, 33)
(237, 27), (378, 5), (468, 34), (517, 43), (926, 28), (1080, 23), (1129, 28)
(237, 12), (699, 2), (819, 45), (1057, 31), (1150, 34), (1355, 0), (1696, 44), (1782, 27)
(228, 35), (649, 49), (821, 12), (988, 37), (1109, 27), (1313, 15), (1369, 34), (1627, 46)
(216, 28), (347, 13), (572, 39), (601, 33), (763, 29), (842, 46), (991, 15)
(233, 35), (383, 49), (588, 12), (694, 37), (734, 27), (1036, 15), (1128, 34), (1580, 46)
(168, 21), (359, 44), (655, 40), (771, 28), (969, 22), (1076, 20), (1266, 11)
(148, 35), (472, 18), (595, 9), (788, 25), (876, 36), (977, 36), (1245, 6), (1510, 49)
(55, 31), (70, 40), (240, 44), (406, 40), (604, 28), (879, 26), (1018, 28), (1432, 4)
(179, 22), (418, 1), (493, 14), (890, 30), (970, 23), (1259, 43), (1503, 7), (1863, 8)
(145, 35), (228, 49), (546, 12), (618, 37), (725, 27), (767, 15), (823, 34), (1276, 46)
(22, 15), (49, 4), (127, 0), (132, 34), (195, 27), (378, 8), (543, 36), (708, 48)
(220, 12), (705, 18), (882, 49), (1054, 23), (1200, 34), (1402, 34), (1745, 29)
(189, 12), (541, 18), (885, 49), (1060, 23), (1182, 34), (1292, 34), (1546, 29)
(74, 34), (126, 13), (489, 44), (539, 19), (761, 7), (1003, 35), (1101, 2), (1568, 47), (1770, 36)
(27, 36), (130, 5), (262, 15), (288, 40), (535, 40), (694, 35), (990, 47), (1187, 40)
(63, 38), (263, 3), (577, 6), (834, 19), (976, 16), (1147, 21), (1485, 30)
(22, 21), (46, 6), (553, 12), (637, 48), (1085, 14), (1228, 19), (1505, 27), (1756, 10)
(192, 21), (383, 44), (605, 40), (741, 28), (939, 22), (1051, 20), (1124, 11)
(169, 34), (198, 13), (706, 44), (758, 19), (1046, 7), (1288, 35), (1404, 2), (1877, 47), (2230, 36)
(223, 31), (255, 40), (590, 44), (862, 40), (1154, 28), (1396, 26), (1557, 28), (1825, 4)
(173, 9), (230, 14), (510, 36), (666, 41), (827, 1), (1021, 46), (1127, 44)
(95, 36), (164, 5), (297, 15), (533, 40), (737, 40), (984, 35), (1273, 47), (1471, 40)
(157, 35), (551, 49), (734, 12), (917, 37), (988, 27), (1228, 15), (1329, 34), (1704, 46)
(58, 19), (133, 45), (243, 20), (313, 34), (486, 26), (634, 40), (721, 13), (830, 19)
(100, 12), (456, 2), (687, 45), (1151, 31), (1209, 34), (1432, 0), (1691, 44), (1963, 27)
(134, 12), (340, 18), (654, 49), (788, 23), (933, 34), (1108, 34), (1499, 29)
(66, 19), (146, 45), (392, 20), (614, 34), (659, 26), (943, 40), (1037, 13), (1083, 19)
(202, 36), (265, 5), (408, 15), (472, 40), (659, 40), (949, 35), (1384, 47), (1528, 40)
(206, 19), (278, 45), (421, 20), (739, 34), (825, 26), (1139, 40), (1221, 13), (1512, 19)
(167, 31), (388, 43), (494, 32), (613, 27), (1015, 38), (1333, 17), (1422, 42), (1554, 26)
(147, 34), (203, 13), (375, 44), (430, 19), (758, 7), (1084, 35), (1185, 2), (1526, 47), (1975, 36)
(203, 43), (287, 28), (290, 11), (391, 29), (462, 30), (645, 33)
(83, 1), (120, 35), (569, 44), (685, 49), (1101, 10), (1129, 12), (1167, 34), (1181, 33)
(156, 15), (235, 23), (373, 5), (508, 8), (687, 46), (769, 37), (959, 33), (1265, 17)
(112, 12), (608, 18), (805, 49), (978, 23), (1090, 34), (1382, 34), (1824, 29)
(186, 15), (254, 23), (527, 5), (691, 8), (769, 46), (857, 37), (1025, 33), (1292, 17)
(17, 19), (97, 45), (252, 20), (366, 34), (419, 26), (717, 40), (814, 13), (926, 19)
(63, 36), (132, 5), (259, 15), (413, 40), (615, 40), (993, 35), (1266, 47), (1470, 40)
(113, 28), (301, 13), (686, 39), (726, 33), (883, 29), (1210, 46), (1315, 15)
(87, 10), (197, 5), (263, 2), (511, 25), (708, 42), (816, 6), (938, 36), (1025, 9)
(136, 42), (401, 30), (568, 10), (627, 30), (887, 49), (1251, 9), (1298, 33), (1473, 42)
(191, 2), (281, 9), (457, 6), (599, 43), (738, 2), (1055, 42), (1172, 39), (1493, 27)
(60, 22), (295, 1), (506, 14), (751, 30), (828, 23), (1136, 43), (1326, 7), (1362, 8)
(99, 31), (187, 2), (223, 2), (299, 40), (354, 36), (383, 28)
(79, 19), (138, 45), (389, 20), (679, 34), (733, 26), (1053, 40), (1144, 13), (1421, 19)
(236, 4), (449, 47), (544, 11), (837, 31), (1159, 44), (1390, 44), (1413, 15)
(98, 15), (196, 23), (500, 5), (800, 8), (982, 46), (1164, 37), (1274, 33), (1551, 17)
(37, 40), (270, 41), (468, 35), (981, 13), (1116, 24), (1243, 23), (1383, 17)
(121, 9), (421, 14), (856, 36), (1295, 41), (1526, 1), (1639, 46), (1736, 44)
(184, 42), (386, 30), (471, 10), (540, 30), (824, 49), (1091, 9), (1133, 33), (1200, 42)
(109, 22), (218, 1), (340, 14), (631, 30), (705, 23), (1053, 43), (1200, 7), (1467, 8)
(233, 35), (695, 18), (857, 9), (1085, 25), (1187, 36), (1270, 36), (1494, 6), (1649, 49)
(207, 21), (638, 6), (880, 12), (979, 48), (1469, 14), (1708, 19), (1864, 27), (2064, 10)
(16, 35), (422, 49), (552, 12), (636, 37), (693, 27), (901, 15), (985, 34), (1378, 46)
(77, 35), (138, 18), (339, 9), (476, 25), (749, 36), (833, 36), (1085, 6), (1284, 49)
(96, 15), (123, 4), (169, 0), (188, 34), (323, 27), (647, 8), (768, 36), (890, 48)
(46, 35), (373, 49), (630, 12), (697, 37), (792, 27), (1164, 15), (1274, 34), (1600, 46)
(236, 2), (368, 9), (532, 6), (627, 43), (741, 2), (909, 42), (1105, 39), (1450, 27)
(215, 9), (424, 14), (695, 36), (1077, 41), (1453, 1), (1583, 46), (1803, 44)
(173, 29), (319, 21), (626, 1), (772, 31), (912, 5), (991, 46), (1101, 46), (1155, 22)
(98, 10), (282, 5), (346, 2), (497, 25), (751, 42), (821, 6), (1024, 36), (1102, 9)
(18, 27), (66, 5), (99, 34), (218, 43), (434, 28), (564, 23), (638, 28)
(147, 31), (484, 43), (679, 32), (719, 27), (982, 38), (1390, 17), (1650, 42), (1856, 26)
(167, 21), (249, 44), (493, 40), (653, 28), (838, 22), (1069, 20), (1245, 11)
(249, 19), (312, 45), (472, 20), (554, 34), (882, 26), (1010, 40), (1105, 13), (1341, 19)
(130, 31), (552, 43), (806, 32), (933, 27), (1085, 38), (1380, 17), (1706, 42), (1968, 26)
(92, 15), (154, 23), (272, 5), (590, 8), (858, 46), (973, 37), (1169, 33), (1381, 17)
(84, 12), (290, 18), (543, 49), (681, 23), (827, 34), (1127, 34), (1445, 29)
(56, 28), (185, 13), (411, 39), (454, 33), (553, 29), (762, 46), (937, 15)
(201, 49), (219, 17), (298, 6), (314, 6), (385, 25), (462, 26)
(231, 40), (455, 41), (641, 35), (973, 13), (1116, 24), (1212, 23), (1321, 17)
