27, 5, 34, 43, 28, 23, 28
40, 41, 35, 13, 24, 23, 17
1, 35, 44, 49, 10, 12, 34, 33
12, 18, 49, 23, 34, 34, 29
2, 9, 6, 43, 2, 42, 39, 27
35, 18, 9, 25, 36, 36, 6, 49
21, 44, 40, 28, 22, 20, 11
15, 4, 0, 34, 27, 8, 36, 48
12, 18, 49, 23, 34, 34, 29
9, 14, 36, 41, 1, 46, 44
34, 13, 44, 19, 7, 35, 2, 47, 36
31, 40, 44, 40, 28, 26, 28, 4
49, 17, 6, 6, 25, 26
34, 13, 44, 19, 7, 35, 2, 47, 36
4, 47, 11, 31, 44, 44, 15
10, 5, 2, 25, 42, 6, 36, 9
31, 2, 2, 40, 36, 28
32, 35, 49, 22, 19, 22, 44
40, 41, 35, 13, 24, 23, 17
34, 13, 44, 19, 7, 35, 2, 47, 36
22, 1, 14, 30, 23, 43, 7, 8
15, 23, 5, 8, 46, 37, 33, 17
35, 49, 12, 37, 27, 15, 34, 46
28, 13, 39, 33, 29, 46, 15
32, 35, 49, 22, 19, 22, 44
12, 18, 49, 23, 34, 34, 29
28, 13, 39, 33, 29, 46, 15
29, 21, 1, 31, 5, 46, 46, 22
35, 18, 9, 25, 36, 36, 6, 49
12, 18, 49, 23, 34, 34, 29
15, 23, 5, 8, 46, 37, 33, 17
15, 23, 5, 8, 46, 37, 33, 17
31, 40, 44, 40, 28, 26, 28, 4
21, 6, 12, 48, 14, 19, 27, 10
15, 4, 0, 34, 27, 8, 36, 48
43, 28, 11, 29, 30, 33
4, 47, 11, 31, 44, 44, 15
9, 14, 36, 41, 1, 46, 44
42, 30, 10, 30, 49, 9, 33, 42
42, 30, 10, 30, 49, 9, 33, 42
15, 23, 5, 8, 46, 37, 33, 17
31, 43, 32, 27, 38, 17, 42, 26
4, 4, 48, 40, 20, 35, 47, 17
49, 17, 6, 6, 25, 26
19, 45, 20, 34, 26, 40, 13, 19
31, 2, 2, 40, 36, 28
10, 5, 2, 25, 42, 6, 36, 9
43, 28, 11, 29, 30, 33
21, 6, 12, 48, 14, 19, 27, 10
27, 5, 34, 43, 28, 23, 28
27, 5, 34, 43, 28, 23, 28
2, 9, 6, 43, 2, 42, 39, 27
36, 5, 15, 40, 40, 35, 47, 40
4, 4, 48, 40, 20, 35, 47, 17
1, 35, 44, 49, 10, 12, 34, 33
29, 21, 1, 31, 5, 46, 46, 22
22, 1, 14, 30, 23, 43, 7, 8
31, 2, 2, 40, 36, 28
15, 23, 5, 8, 46, 37, 33, 17
10, 5, 2, 25, 42, 6, 36, 9
2, 9, 6, 43, 2, 42, 39, 27
49, 17, 6, 6, 25, 26
10, 5, 2, 25, 42, 6, 36, 9
4, 4, 48, 40, 20, 35, 47, 17
35, 18, 9, 25, 36, 36, 6, 49
21, 44, 40, 28, 22, 20, 11
15, 4, 0, 34, 27, 8, 36, 48
43, 28, 11, 29, 30, 33
10, 5, 2, 25, 42, 6, 36, 9
19, 45, 20, 34, 26, 40, 13, 19
35, 18, 9, 25, 36, 36, 6, 49
22, 1, 14, 30, 23, 43, 7, 8
29, 21, 1, 31, 5, 46, 46, 22
43, 28, 11, 29, 30, 33
2, 9, 6, 43, 2, 42, 39, 27
4, 4, 48, 40, 20, 35, 47, 17
42, 30, 10, 30, 49, 9, 33, 42
31, 40, 44, 40, 28, 26, 28, 4
15, 4, 0, 34, 27, 8, 36, 48
4, 47, 11, 31, 44, 44, 15
22, 1, 14, 30, 23, 43, 7, 8
31, 40, 44, 40, 28, 26, 28, 4
27, 5, 34, 43, 28, 23, 28
31, 40, 44, 40, 28, 26, 28, 4
12, 2, 45, 31, 34, 0, 44, 27
1, 35, 44, 49, 10, 12, 34, 33
12, 18, 49, 23, 34, 34, 29
10, 5, 2, 25, 42, 6, 36, 9
12, 18, 49, 23, 34, 34, 29
15, 23, 5, 8, 46, 37, 33, 17
28, 13, 39, 33, 29, 46, 15
12, 2, 45, 31, 34, 0, 44, 27
27, 5, 34, 43, 28, 23, 28
12, 2, 45, 31, 34, 0, 44, 27
49, 17, 6, 6, 25, 26
49, 17, 6, 6, 25, 26
1, 35, 44, 49, 10, 12, 34, 33
34, 13, 44, 19, 7, 35, 2, 47, 36
15, 4, 0, 34, 27, 8, 36, 48
12, 2, 45, 31, 34, 0, 44, 27
10, 5, 2, 25, 42, 6, 36, 9
49, 17, 6, 6, 25, 26
36, 5, 15, 40, 40, 35, 47, 40
49, 17, 6, 6, 25, 26
38, 3, 6, 19, 16, 21, 30
9, 14, 36, 41, 1, 46, 44
31, 43, 32, 27, 38, 17, 42, 26
12, 2, 45, 31, 34, 0, 44, 27
32, 35, 49, 22, 19, 22, 44
35, 49, 12, 37, 27, 15, 34, 46
4, 4, 48, 40, 20, 35, 47, 17
4, 47, 11, 31, 44, 44, 15
42, 30, 10, 30, 49, 9, 33, 42
19, 45, 20, 34, 26, 40, 13, 19
28, 13, 39, 33, 29, 46, 15
19, 45, 20, 34, 26, 40, 13, 19
4, 4, 48, 40, 20, 35, 47, 17
4, 47, 11, 31, 44, 44, 15
27, 5, 34, 43, 28, 23, 28
9, 14, 36, 41, 1, 46, 44
19, 45, 20, 34, 26, 40, 13, 19
35, 49, 12, 37, 27, 15, 34, 46
35, 18, 9, 25, 36, 36, 6, 49
12, 2, 45, 31, 34, 0, 44, 27
36, 5, 15, 40, 40, 35, 47, 40
43, 28, 11, 29, 30, 33
31, 2, 2, 40, 36, 28
28, 13, 39, 33, 29, 46, 15
21, 6, 12, 48, 14, 19, 27, 10
31, 40, 44, 40, 28, 26, 28, 4
36, 5, 15, 40, 40, 35, 47, 40
15, 23, 5, 8, 46, 37, 33, 17
15, 23, 5, 8, 46, 37, 33, 17
28, 13, 39, 33, 29, 46, 15
49, 17, 6, 6, 25, 26
36, 5, 15, 40, 40, 35, 47, 40
38, 3, 6, 19, 16, 21, 30
9, 14, 36, 41, 1, 46, 44
9, 14, 36, 41, 1, 46, 44
32, 35, 49, 22, 19, 22, 44
28, 13, 39, 33, 29, 46, 15
49, 17, 6, 6, 25, 26
43, 28, 11, 29, 30, 33
49, 17, 6, 6, 25, 26
43, 28, 11, 29, 30, 33
10, 5, 2, 25, 42, 6, 36, 9
38, 3, 6, 19, 16, 21, 30
35, 18, 9, 25, 36, 36, 6, 49
28, 13, 39, 33, 29, 46, 15
21, 6, 12, 48, 14, 19, 27, 10
12, 2, 45, 31, 34, 0, 44, 27
38, 3, 6, 19, 16, 21, 30
31, 2, 2, 40, 36, 28
19, 45, 20, 34, 26, 40, 13, 19
43, 28, 11, 29, 30, 33
28, 13, 39, 33, 29, 46, 15
49, 17, 6, 6, 25, 26
42, 30, 10, 30, 49, 9, 33, 42
12, 18, 49, 23, 34, 34, 29
27, 5, 34, 43, 28, 23, 28
38, 3, 6, 19, 16, 21, 30
31, 40, 44, 40, 28, 26, 28, 4
12, 2, 45, 31, 34, 0, 44, 27
43, 28, 11, 29, 30, 33
49, 17, 6, 6, 25, 26
28, 13, 39, 33, 29, 46, 15
49, 17, 6, 6, 25, 26
22, 1, 14, 30, 23, 43, 7, 8
4, 4, 48, 40, 20, 35, 47, 17
38, 3, 6, 19, 16, 21, 30
10, 5, 2, 25, 42, 6, 36, 9
4, 47, 11, 31, 44, 44, 15
34, 13, 44, 19, 7, 35, 2, 47, 36
12, 2, 45, 31, 34, 0, 44, 27
12, 2, 45, 31, 34, 0, 44, 27
35, 49, 12, 37, 27, 15, 34, 46
42, 30, 10, 30, 49, 9, 33, 42
28, 13, 39, 33, 29, 46, 15
27, 5, 34, 43, 28, 23, 28
38, 3, 6, 19, 16, 21, 30
42, 30, 10, 30, 49, 9, 33, 42
42, 30, 10, 30, 49, 9, 33, 42
12, 18, 49, 23, 34, 34, 29
49, 17, 6, 6, 25, 26
32, 35, 49, 22, 19, 22, 44
4, 4, 48, 40, 20, 35, 47, 17
27, 5, 34, 43, 28, 23, 28
34, 13, 44, 19, 7, 35, 2, 47, 36
49, 17, 6, 6, 25, 26
10, 5, 2, 25, 42, 6, 36, 9
38, 3, 6, 19, 16, 21, 30
31, 43, 32, 27, 38, 17, 42, 26
12, 18, 49, 23, 34, 34, 29
40, 41, 35, 13, 24, 23, 17
31, 2, 2, 40, 36, 28
2, 9, 6, 43, 2, 42, 39, 27
35, 18, 9, 25, 36, 36, 6, 49
19, 45, 20, 34, 26, 40, 13, 19
31, 43, 32, 27, 38, 17, 42, 26
31, 40, 44, 40, 28, 26, 28, 4
38, 3, 6, 19, 16, 21, 30
21, 6, 12, 48, 14, 19, 27, 10
31, 2, 2, 40, 36, 28
43, 28, 11, 29, 30, 33
32, 35, 49, 22, 19, 22, 44
15, 4, 0, 34, 27, 8, 36, 48
19, 45, 20, 34, 26, 40, 13, 19
42, 30, 10, 30, 49, 9, 33, 42
35, 18, 9, 25, 36, 36, 6, 49
12, 18, 49, 23, 34, 34, 29
22, 1, 14, 30, 23, 43, 7, 8
42, 30, 10, 30, 49, 9, 33, 42
35, 18, 9, 25, 36, 36, 6, 49
38, 3, 6, 19, 16, 21, 30
31, 2, 2, 40, 36, 28
31, 2, 2, 40, 36, 28
31, 43, 32, 27, 38, 17, 42, 26
9, 14, 36, 41, 1, 46, 44
4, 4, 48, 40, 20, 35, 47, 17
12, 18, 49, 23, 34, 34, 29
12, 18, 49, 23, 34, 34, 29
2, 9, 6, 43, 2, 42, 39, 27
28, 13, 39, 33, 29, 46, 15
21, 44, 40, 28, 22, 20, 11
22, 1, 14, 30, 23, 43, 7, 8
19, 45, 20, 34, 26, 40, 13, 19
43, 28, 11, 29, 30, 33
12, 2, 45, 31, 34, 0, 44, 27
1, 35, 44, 49, 10, 12, 34, 33
27, 5, 34, 43, 28, 23, 28
12, 2, 45, 31, 34, 0, 44, 27
35, 49, 12, 37, 27, 15, 34, 46
28, 13, 39, 33, 29, 46, 15
35, 49, 12, 37, 27, 15, 34, 46
21, 44, 40, 28, 22, 20, 11
35, 18, 9, 25, 36, 36, 6, 49
31, 40, 44, 40, 28, 26, 28, 4
22, 1, 14, 30, 23, 43, 7, 8
35, 49, 12, 37, 27, 15, 34, 46
15, 4, 0, 34, 27, 8, 36, 48
12, 18, 49, 23, 34, 34, 29
12, 18, 49, 23, 34, 34, 29
34, 13, 44, 19, 7, 35, 2, 47, 36
36, 5, 15, 40, 40, 35, 47, 40
38, 3, 6, 19, 16, 21, 30
21, 6, 12, 48, 14, 19, 27, 10
21, 44, 40, 28, 22, 20, 11
34, 13, 44, 19, 7, 35, 2, 47, 36
31, 40, 44, 40, 28, 26, 28, 4
9, 14, 36, 41, 1, 46, 44
36, 5, 15, 40, 40, 35, 47, 40
35, 49, 12, 37, 27, 15, 34, 46
19, 45, 20, 34, 26, 40, 13, 19
12, 2, 45, 31, 34, 0, 44, 27
12, 18, 49, 23, 34, 34, 29
19, 45, 20, 34, 26, 40, 13, 19
36, 5, 15, 40, 40, 35, 47, 40
19, 45, 20, 34, 26, 40, 13, 19
31, 43, 32, 27, 38, 17, 42, 26
34, 13, 44, 19, 7, 35, 2, 47, 36
43, 28, 11, 29, 30, 33
1, 35, 44, 49, 10, 12, 34, 33
15, 23, 5, 8, 46, 37, 33, 17
12, 18, 49, 23, 34, 34, 29
15, 23, 5, 8, 46, 37, 33, 17
19, 45, 20, 34, 26, 40, 13, 19
36, 5, 15, 40, 40, 35, 47, 40
28, 13, 39, 33, 29, 46, 15
10, 5, 2, 25, 42, 6, 36, 9
42, 30, 10, 30, 49, 9, 33, 42
2, 9, 6, 43, 2, 42, 39, 27
22, 1, 14, 30, 23, 43, 7, 8
31, 2, 2, 40, 36, 28
19, 45, 20, 34, 26, 40, 13, 19
4, 47, 11, 31, 44, 44, 15
15, 23, 5, 8, 46, 37, 33, 17
40, 41, 35, 13, 24, 23, 17
9, 14, 36, 41, 1, 46, 44
42, 30, 10, 30, 49, 9, 33, 42
22, 1, 14, 30, 23, 43, 7, 8
35, 18, 9, 25, 36, 36, 6, 49
21, 6, 12, 48, 14, 19, 27, 10
35, 49, 12, 37, 27, 15, 34, 46
35, 18, 9, 25, 36, 36, 6, 49
15, 4, 0, 34, 27, 8, 36, 48
35, 49, 12, 37, 27, 15, 34, 46
2, 9, 6, 43, 2, 42, 39, 27
9, 14, 36, 41, 1, 46, 44
29, 21, 1, 31, 5, 46, 46, 22
10, 5, 2, 25, 42, 6, 36, 9
27, 5, 34, 43, 28, 23, 28
31, 43, 32, 27, 38, 17, 42, 26
21, 44, 40, 28, 22, 20, 11
19, 45, 20, 34, 26, 40, 13, 19
31, 43, 32, 27, 38, 17, 42, 26
15, 23, 5, 8, 46, 37, 33, 17
12, 18, 49, 23, 34, 34, 29
28, 13, 39, 33, 29, 46, 15
49, 17, 6, 6, 25, 26
40, 41, 35, 13, 24, 23, 17
