31, 37, 37, 28, 19, 59, 1, 4, 9, 17, 7, 2, 47, 52, 23, 9, 78, 35, 12, 21, 84, 77, 48, 45, 48, 27, 1, 24, 44, 46, 28, 19, 81, 77, 72
74, 33, 80, 39, 5, 69, 53, 10, 29, 75, 76, 77, 31, 81, 44, 6, 62, 50, 40, 65, 59, 11, 57, 74, 79, 30, 52, 57, 37, 74, 21, 42, 20, 28, 35, 18, 32, 44, 69, 23, 63, 20, 73, 34
74, 33, 80, 39, 5, 69, 53, 10, 29, 75, 76, 77, 31, 81, 44, 6, 62, 50, 40, 65, 59, 11, 57, 74, 79, 30, 52, 57, 37, 74, 21, 42, 20, 28, 35, 18, 32, 44, 69, 23, 63, 20, 73, 34
72, 43, 77, 50, 59, 76, 60, 40, 72, 24, 39, 22, 38, 35, 43, 61, 59, 67, 73, 2, 16, 42, 7, 23, 3, 51, 27, 2, 82, 0, 62, 23, 59, 74, 79, 51, 80, 17, 26, 16
59, 84, 36, 59, 64, 34, 79, 33, 66, 12, 73, 48, 43, 44, 44, 9, 30, 11, 24, 11, 33, 55, 74, 5, 41, 26, 72, 82, 27, 28, 36, 16, 46, 43, 23, 72, 49, 56, 76, 28, 63, 20, 2, 18, 44, 24, 4, 50, 33, 40
8, 2, 82, 9, 73, 45, 58, 65, 5, 39, 34, 34, 15, 34, 78, 1, 63, 17, 16, 24, 38, 72, 49, 54, 31, 15, 7, 43, 43, 39, 8, 48, 54, 68, 33, 63, 10, 9, 3, 68, 12
80, 38, 15, 3, 19, 16, 68, 23, 67, 21, 30, 65, 52, 83, 13, 46, 63, 55, 36, 15, 44, 9, 10, 54, 57, 8, 4, 11, 66, 68, 65, 80, 29, 75, 83, 12, 31, 64, 26
45, 2, 66, 80, 81, 78, 39, 63, 12, 0, 36, 2, 44, 18, 49, 70, 10, 65, 21, 58, 67, 25, 59, 63, 72, 50, 70, 34, 11, 65, 48, 38, 84, 27, 69, 17, 53, 39, 15, 72
49, 33, 73, 35, 38, 2, 52, 78, 49, 70, 50, 4, 39, 43, 35, 29, 2, 0, 40, 15, 33, 30, 48, 7, 23, 11, 39, 56, 39, 3, 82, 19, 36, 51, 54, 62, 77, 77, 62
49, 40, 57, 5, 68, 46, 22, 2, 53, 52, 50, 7, 15, 10, 22, 59, 8, 26, 21, 28, 57, 31, 32, 65, 73, 23, 59, 7, 46, 84, 25
35, 22, 33, 75, 17, 13, 31, 62, 23, 29, 40, 20, 0, 81, 54, 14, 58, 7, 25, 75, 10, 23, 24, 48, 38, 67, 16, 49, 71, 75, 81, 39, 16, 70, 62, 23, 48, 52
45, 2, 66, 80, 81, 78, 39, 63, 12, 0, 36, 2, 44, 18, 49, 70, 10, 65, 21, 58, 67, 25, 59, 63, 72, 50, 70, 34, 11, 65, 48, 38, 84, 27, 69, 17, 53, 39, 15, 72
8, 2, 82, 9, 73, 45, 58, 65, 5, 39, 34, 34, 15, 34, 78, 1, 63, 17, 16, 24, 38, 72, 49, 54, 31, 15, 7, 43, 43, 39, 8, 48, 54, 68, 33, 63, 10, 9, 3, 68, 12
52, 24, 19, 56, 32, 20, 27, 27, 21, 72, 39, 65, 43, 20, 3, 58, 40, 62, 0, 54, 44, 75, 27, 41, 43, 54, 27, 5, 45, 14, 32, 66, 67, 75, 49, 64, 32, 54, 27, 82, 42, 43, 53, 58, 30
59, 84, 36, 59, 64, 34, 79, 33, 66, 12, 73, 48, 43, 44, 44, 9, 30, 11, 24, 11, 33, 55, 74, 5, 41, 26, 72, 82, 27, 28, 36, 16, 46, 43, 23, 72, 49, 56, 76, 28, 63, 20, 2, 18, 44, 24, 4, 50, 33, 40
23, 13, 84, 30, 2, 38, 64, 53, 56, 34, 35, 65, 70, 59, 31, 29, 23, 78, 81, 50, 60, 19, 61, 66, 72, 2, 65, 63, 2, 75, 34, 25, 25, 11, 22, 59, 65, 4, 61, 54
59, 84, 36, 59, 64, 34, 79, 33, 66, 12, 73, 48, 43, 44, 44, 9, 30, 11, 24, 11, 33, 55, 74, 5, 41, 26, 72, 82, 27, 28, 36, 16, 46, 43, 23, 72, 49, 56, 76, 28, 63, 20, 2, 18, 44, 24, 4, 50, 33, 40
58, 26, 63, 49, 29, 63, 24, 30, 22, 59, 5, 9, 77, 49, 69, 62, 10, 17, 28, 74, 66, 79, 28, 61, 81, 66, 12, 35, 65, 59, 42, 2, 80, 55, 61, 42, 21, 59, 8, 25, 37
21, 3, 3, 39, 78, 7, 35, 39, 29, 63, 9, 77, 55, 55, 17, 80, 83, 82, 32, 73, 63, 35, 63, 65, 32, 64, 81, 6, 15, 79, 67, 41, 44, 53, 62, 61, 78, 51, 28
80, 38, 15, 3, 19, 16, 68, 23, 67, 21, 30, 65, 52, 83, 13, 46, 63, 55, 36, 15, 44, 9, 10, 54, 57, 8, 4, 11, 66, 68, 65, 80, 29, 75, 83, 12, 31, 64, 26
81, 12, 71, 13, 33, 71, 76, 75, 50, 1, 41, 63, 28, 83, 2, 7, 36, 5, 81, 30, 19, 49, 76, 35, 48, 73, 79, 35, 22, 18, 62, 39, 36, 25, 1, 45, 78, 1, 8, 40, 2
29, 2, 84, 83, 13, 7, 21, 53, 1, 84, 43, 64, 7, 40, 56, 42, 9, 28, 63, 41, 77, 79, 22, 44, 30, 52, 82, 56, 4, 62, 9, 68, 17, 25, 79, 58, 47, 26, 80, 80
35, 23, 66, 63, 30, 64, 61, 64, 70, 73, 57, 67, 58, 7, 24, 39, 74, 37, 58, 47, 22, 32, 51, 83, 48, 26, 75, 44, 40, 2, 66, 27, 72, 61, 21, 82, 10, 46, 47, 19, 62, 68, 16, 23, 56, 2, 14
64, 23, 70, 49, 38, 65, 7, 83, 71, 16, 57, 46, 57, 28, 12, 58, 18, 59, 81, 82, 37, 64, 75, 40, 84, 20, 17, 8, 15, 78, 7, 59, 66, 41, 8, 7, 5, 8, 6, 4
49, 33, 73, 35, 38, 2, 52, 78, 49, 70, 50, 4, 39, 43, 35, 29, 2, 0, 40, 15, 33, 30, 48, 7, 23, 11, 39, 56, 39, 3, 82, 19, 36, 51, 54, 62, 77, 77, 62
64, 18, 69, 19, 55, 29, 11, 66, 53, 25, 84, 59, 8, 4, 21, 62, 3, 42, 57, 63, 76, 82, 29, 43, 69, 49, 66, 0, 64, 67, 19, 21, 43, 61, 25, 34, 19
11, 72, 27, 17, 15, 47, 64, 38, 63, 20, 23, 62, 73, 45, 79, 73, 84, 16, 48, 50, 22, 72, 55, 1, 53, 80, 56, 82, 47, 52, 81, 23, 52, 20, 49, 33, 12
20, 53, 41, 77, 74, 29, 1, 0, 67, 42, 31, 26, 55, 28, 73, 50, 4, 23, 38, 81, 8, 34, 61, 29, 42, 75, 43, 7, 74, 9, 8, 57, 58, 54, 19, 13, 84, 46, 8, 27
31, 6, 78, 15, 75, 40, 6, 38, 9, 8, 41, 38, 11, 84, 14, 81, 12, 64, 43, 6, 69, 39, 30, 41, 66, 60, 81, 73, 10, 31, 21, 26, 61, 48, 39
53, 29, 45, 69, 54, 66, 32, 53, 47, 84, 8, 59, 42, 1, 69, 53, 63, 70, 60, 39, 31, 47, 16, 11, 35, 61, 17, 60, 38, 32, 12, 8, 84, 36, 17, 60, 33, 43, 4, 20
80, 47, 70, 44, 68, 37, 20, 7, 60, 63, 2, 74, 27, 64, 48, 9, 64, 73, 55, 26, 22, 33, 26, 1, 22, 49, 42, 74, 12, 67, 18, 74, 16, 11, 39, 35, 28, 81, 24, 24, 33, 63, 52, 84, 14, 59
7, 53, 55, 52, 54, 73, 4, 38, 70, 51, 42, 27, 70, 82, 26, 8, 4, 21, 5, 50, 45, 4, 65, 73, 32, 82, 68, 60, 36, 32, 13, 77, 10, 9, 70, 38, 71, 84, 17, 67, 74, 77, 15, 47, 50, 15
59, 47, 49, 40, 37, 7, 55, 43, 32, 39, 81, 5, 34, 70, 3, 77, 23, 69, 48, 44, 43, 48, 53, 20, 40, 49, 21, 77, 66, 1, 56, 31, 20, 81
50, 3, 8, 43, 67, 17, 26, 17, 42, 28, 43, 42, 58, 49, 55, 28, 67, 47, 76, 1, 69, 27, 25, 77, 24, 64, 27, 74, 84, 20, 13, 38, 34, 47, 31, 8, 53, 48, 59, 64, 19
70, 78, 61, 36, 47, 61, 30, 37, 84, 45, 64, 26, 4, 23, 47, 56, 82, 28, 14, 79, 58, 19, 24, 68, 4, 45, 3, 18, 57, 39, 1, 32, 23
81, 12, 71, 13, 33, 71, 76, 75, 50, 1, 41, 63, 28, 83, 2, 7, 36, 5, 81, 30, 19, 49, 76, 35, 48, 73, 79, 35, 22, 18, 62, 39, 36, 25, 1, 45, 78, 1, 8, 40, 2
21, 3, 3, 39, 78, 7, 35, 39, 29, 63, 9, 77, 55, 55, 17, 80, 83, 82, 32, 73, 63, 35, 63, 65, 32, 64, 81, 6, 15, 79, 67, 41, 44, 53, 62, 61, 78, 51, 28
80, 38, 15, 3, 19, 16, 68, 23, 67, 21, 30, 65, 52, 83, 13, 46, 63, 55, 36, 15, 44, 9, 10, 54, 57, 8, 4, 11, 66, 68, 65, 80, 29, 75, 83, 12, 31, 64, 26
58, 26, 63, 49, 29, 63, 24, 30, 22, 59, 5, 9, 77, 49, 69, 62, 10, 17, 28, 74, 66, 79, 28, 61, 81, 66, 12, 35, 65, 59, 42, 2, 80, 55, 61, 42, 21, 59, 8, 25, 37
11, 72, 27, 17, 15, 47, 64, 38, 63, 20, 23, 62, 73, 45, 79, 73, 84, 16, 48, 50, 22, 72, 55, 1, 53, 80, 56, 82, 47, 52, 81, 23, 52, 20, 49, 33, 12
52, 24, 19, 56, 32, 20, 27, 27, 21, 72, 39, 65, 43, 20, 3, 58, 40, 62, 0, 54, 44, 75, 27, 41, 43, 54, 27, 5, 45, 14, 32, 66, 67, 75, 49, 64, 32, 54, 27, 82, 42, 43, 53, 58, 30
50, 3, 8, 43, 67, 17, 26, 17, 42, 28, 43, 42, 58, 49, 55, 28, 67, 47, 76, 1, 69, 27, 25, 77, 24, 64, 27, 74, 84, 20, 13, 38, 34, 47, 31, 8, 53, 48, 59, 64, 19
72, 27, 20, 51, 55, 33, 10, 20, 38, 55, 80, 20, 52, 22, 80, 42, 73, 52, 6, 50, 70, 13, 0, 68, 20, 52, 15, 74, 33, 49, 27, 9, 10, 57, 61, 20, 54, 15, 53
70, 78, 61, 36, 47, 61, 30, 37, 84, 45, 64, 26, 4, 23, 47, 56, 82, 28, 14, 79, 58, 19, 24, 68, 4, 45, 3, 18, 57, 39, 1, 32, 23
50, 3, 8, 43, 67, 17, 26, 17, 42, 28, 43, 42, 58, 49, 55, 28, 67, 47, 76, 1, 69, 27, 25, 77, 24, 64, 27, 74, 84, 20, 13, 38, 34, 47, 31, 8, 53, 48, 59, 64, 19
61, 20, 34, 8, 31, 41, 56, 53, 2, 19, 46, 42, 60, 28, 60, 71, 36, 17, 38, 33, 6, 40, 76, 0, 61, 75, 79, 37, 42, 46, 33, 52, 40, 4, 61, 13, 54, 79, 36, 1, 27
0, 58, 55, 27, 5, 17, 69, 56, 68, 82, 56, 3, 47, 22, 6, 8, 27, 36, 76, 32, 83, 2, 67, 28, 11, 29, 30, 64, 2, 4, 78, 63, 27, 66, 66, 2, 23
7, 53, 55, 52, 54, 73, 4, 38, 70, 51, 42, 27, 70, 82, 26, 8, 4, 21, 5, 50, 45, 4, 65, 73, 32, 82, 68, 60, 36, 32, 13, 77, 10, 9, 70, 38, 71, 84, 17, 67, 74, 77, 15, 47, 50, 15
53, 73, 25, 39, 72, 56, 24, 20, 4, 74, 5, 73, 41, 66, 79, 57, 43, 7, 80, 11, 29, 39, 59, 3, 80, 7, 46, 71, 68, 81, 14, 81, 30, 79, 25
31, 37, 37, 28, 19, 59, 1, 4, 9, 17, 7, 2, 47, 52, 23, 9, 78, 35, 12, 21, 84, 77, 48, 45, 48, 27, 1, 24, 44, 46, 28, 19, 81, 77, 72
61, 20, 34, 8, 31, 41, 56, 53, 2, 19, 46, 42, 60, 28, 60, 71, 36, 17, 38, 33, 6, 40, 76, 0, 61, 75, 79, 37, 42, 46, 33, 52, 40, 4, 61, 13, 54, 79, 36, 1, 27
53, 29, 45, 69, 54, 66, 32, 53, 47, 84, 8, 59, 42, 1, 69, 53, 63, 70, 60, 39, 31, 47, 16, 11, 35, 61, 17, 60, 38, 32, 12, 8, 84, 36, 17, 60, 33, 43, 4, 20
58, 26, 63, 49, 29, 63, 24, 30, 22, 59, 5, 9, 77, 49, 69, 62, 10, 17, 28, 74, 66, 79, 28, 61, 81, 66, 12, 35, 65, 59, 42, 2, 80, 55, 61, 42, 21, 59, 8, 25, 37
49, 22, 3, 5, 81, 14, 14, 74, 81, 26, 1, 11, 55, 79, 21, 52, 18, 20, 64, 32, 54, 16, 3, 14, 60, 69, 16, 52, 1, 71, 65, 74, 8, 6, 76, 0, 45, 71, 39, 59
45, 2, 66, 80, 81, 78, 39, 63, 12, 0, 36, 2, 44, 18, 49, 70, 10, 65, 21, 58, 67, 25, 59, 63, 72, 50, 70, 34, 11, 65, 48, 38, 84, 27, 69, 17, 53, 39, 15, 72
81, 12, 71, 13, 33, 71, 76, 75, 50, 1, 41, 63, 28, 83, 2, 7, 36, 5, 81, 30, 19, 49, 76, 35, 48, 73, 79, 35, 22, 18, 62, 39, 36, 25, 1, 45, 78, 1, 8, 40, 2
31, 6, 78, 15, 75, 40, 6, 38, 9, 8, 41, 38, 11, 84, 14, 81, 12, 64, 43, 6, 69, 39, 30, 41, 66, 60, 81, 73, 10, 31, 21, 26, 61, 48, 39
80, 38, 15, 3, 19, 16, 68, 23, 67, 21, 30, 65, 52, 83, 13, 46, 63, 55, 36, 15, 44, 9, 10, 54, 57, 8, 4, 11, 66, 68, 65, 80, 29, 75, 83, 12, 31, 64, 26
49, 33, 73, 35, 38, 2, 52, 78, 49, 70, 50, 4, 39, 43, 35, 29, 2, 0, 40, 15, 33, 30, 48, 7, 23, 11, 39, 56, 39, 3, 82, 19, 36, 51, 54, 62, 77, 77, 62
35, 22, 33, 75, 17, 13, 31, 62, 23, 29, 40, 20, 0, 81, 54, 14, 58, 7, 25, 75, 10, 23, 24, 48, 38, 67, 16, 49, 71, 75, 81, 39, 16, 70, 62, 23, 48, 52
49, 40, 57, 5, 68, 46, 22, 2, 53, 52, 50, 7, 15, 10, 22, 59, 8, 26, 21, 28, 57, 31, 32, 65, 73, 23, 59, 7, 46, 84, 25
48, 77, 13, 72, 17, 49, 19, 57, 53, 42, 49, 31, 26, 66, 12, 55, 82, 67, 47, 23, 1, 78, 60, 63, 23, 29, 65, 83, 77, 52, 84, 16, 71, 29, 45, 16, 54, 65, 14, 35, 24
49, 22, 3, 5, 81, 14, 14, 74, 81, 26, 1, 11, 55, 79, 21, 52, 18, 20, 64, 32, 54, 16, 3, 14, 60, 69, 16, 52, 1, 71, 65, 74, 8, 6, 76, 0, 45, 71, 39, 59
0, 58, 55, 27, 5, 17, 69, 56, 68, 82, 56, 3, 47, 22, 6, 8, 27, 36, 76, 32, 83, 2, 67, 28, 11, 29, 30, 64, 2, 4, 78, 63, 27, 66, 66, 2, 23
59, 47, 49, 40, 37, 7, 55, 43, 32, 39, 81, 5, 34, 70, 3, 77, 23, 69, 48, 44, 43, 48, 53, 20, 40, 49, 21, 77, 66, 1, 56, 31, 20, 81
59, 84, 36, 59, 64, 34, 79, 33, 66, 12, 73, 48, 43, 44, 44, 9, 30, 11, 24, 11, 33, 55, 74, 5, 41, 26, 72, 82, 27, 28, 36, 16, 46, 43, 23, 72, 49, 56, 76, 28, 63, 20, 2, 18, 44, 24, 4, 50, 33, 40
48, 77, 13, 72, 17, 49, 19, 57, 53, 42, 49, 31, 26, 66, 12, 55, 82, 67, 47, 23, 1, 78, 60, 63, 23, 29, 65, 83, 77, 52, 84, 16, 71, 29, 45, 16, 54, 65, 14, 35, 24
7, 8, 79, 57, 61, 51, 20, 37, 54, 39, 80, 62, 69, 10, 73, 1, 4, 37, 14, 31, 25, 40, 77, 12, 49, 46, 12, 35, 36, 65, 0, 78, 56, 1, 9, 8, 2, 51, 56, 15
53, 29, 45, 69, 54, 66, 32, 53, 47, 84, 8, 59, 42, 1, 69, 53, 63, 70, 60, 39, 31, 47, 16, 11, 35, 61, 17, 60, 38, 32, 12, 8, 84, 36, 17, 60, 33, 43, 4, 20
61, 20, 34, 8, 31, 41, 56, 53, 2, 19, 46, 42, 60, 28, 60, 71, 36, 17, 38, 33, 6, 40, 76, 0, 61, 75, 79, 37, 42, 46, 33, 52, 40, 4, 61, 13, 54, 79, 36, 1, 27
46, 23, 11, 4, 65, 52, 63, 69, 79, 71, 82, 64, 84, 51, 0, 11, 60, 57, 18, 0, 15, 58, 19, 82, 51, 11, 13, 47, 26, 40, 8, 4, 18, 76, 23, 70, 9, 27, 11, 49
7, 53, 55, 52, 54, 73, 4, 38, 70, 51, 42, 27, 70, 82, 26, 8, 4, 21, 5, 50, 45, 4, 65, 73, 32, 82, 68, 60, 36, 32, 13, 77, 10, 9, 70, 38, 71, 84, 17, 67, 74, 77, 15, 47, 50, 15
31, 6, 78, 15, 75, 40, 6, 38, 9, 8, 41, 38, 11, 84, 14, 81, 12, 64, 43, 6, 69, 39, 30, 41, 66, 60, 81, 73, 10, 31, 21, 26, 61, 48, 39
35, 23, 66, 63, 30, 64, 61, 64, 70, 73, 57, 67, 58, 7, 24, 39, 74, 37, 58, 47, 22, 32, 51, 83, 48, 26, 75, 44, 40, 2, 66, 27, 72, 61, 21, 82, 10, 46, 47, 19, 62, 68, 16, 23, 56, 2, 14
46, 23, 11, 4, 65, 52, 63, 69, 79, 71, 82, 64, 84, 51, 0, 11, 60, 57, 18, 0, 15, 58, 19, 82, 51, 11, 13, 47, 26, 40, 8, 4, 18, 76, 23, 70, 9, 27, 11, 49
49, 22, 3, 5, 81, 14, 14, 74, 81, 26, 1, 11, 55, 79, 21, 52, 18, 20, 64, 32, 54, 16, 3, 14, 60, 69, 16, 52, 1, 71, 65, 74, 8, 6, 76, 0, 45, 71, 39, 59
52, 24, 19, 56, 32, 20, 27, 27, 21, 72, 39, 65, 43, 20, 3, 58, 40, 62, 0, 54, 44, 75, 27, 41, 43, 54, 27, 5, 45, 14, 32, 66, 67, 75, 49, 64, 32, 54, 27, 82, 42, 43, 53, 58, 30
35, 22, 33, 75, 17, 13, 31, 62, 23, 29, 40, 20, 0, 81, 54, 14, 58, 7, 25, 75, 10, 23, 24, 48, 38, 67, 16, 49, 71, 75, 81, 39, 16, 70, 62, 23, 48, 52
49, 33, 73, 35, 38, 2, 52, 78, 49, 70, 50, 4, 39, 43, 35, 29, 2, 0, 40, 15, 33, 30, 48, 7, 23, 11, 39, 56, 39, 3, 82, 19, 36, 51, 54, 62, 77, 77, 62
31, 37, 37, 28, 19, 59, 1, 4, 9, 17, 7, 2, 47, 52, 23, 9, 78, 35, 12, 21, 84, 77, 48, 45, 48, 27, 1, 24, 44, 46, 28, 19, 81, 77, 72
49, 33, 73, 35, 38, 2, 52, 78, 49, 70, 50, 4, 39, 43, 35, 29, 2, 0, 40, 15, 33, 30, 48, 7, 23, 11, 39, 56, 39, 3, 82, 19, 36, 51, 54, 62, 77, 77, 62
49, 40, 57, 5, 68, 46, 22, 2, 53, 52, 50, 7, 15, 10, 22, 59, 8, 26, 21, 28, 57, 31, 32, 65, 73, 23, 59, 7, 46, 84, 25
35, 23, 66, 63, 30, 64, 61, 64, 70, 73, 57, 67, 58, 7, 24, 39, 74, 37, 58, 47, 22, 32, 51, 83, 48, 26, 75, 44, 40, 2, 66, 27, 72, 61, 21, 82, 10, 46, 47, 19, 62, 68, 16, 23, 56, 2, 14
62, 40, 53, 5, 71, 54, 39, 53, 76, 78, 19, 20, 46, 4, 29, 31, 43, 55, 9, 77, 55, 62, 15, 70, 35, 8, 4, 48, 46, 12, 38, 22, 36, 29, 82
72, 27, 20, 51, 55, 33, 10, 20, 38, 55, 80, 20, 52, 22, 80, 42, 73, 52, 6, 50, 70, 13, 0, 68, 20, 52, 15, 74, 33, 49, 27, 9, 10, 57, 61, 20, 54, 15, 53
45, 2, 66, 80, 81, 78, 39, 63, 12, 0, 36, 2, 44, 18, 49, 70, 10, 65, 21, 58, 67, 25, 59, 63, 72, 50, 70, 34, 11, 65, 48, 38, 84, 27, 69, 17, 53, 39, 15, 72
50, 3, 8, 43, 67, 17, 26, 17, 42, 28, 43, 42, 58, 49, 55, 28, 67, 47, 76, 1, 69, 27, 25, 77, 24, 64, 27, 74, 84, 20, 13, 38, 34, 47, 31, 8, 53, 48, 59, 64, 19
11, 72, 27, 17, 15, 47, 64, 38, 63, 20, 23, 62, 73, 45, 79, 73, 84, 16, 48, 50, 22, 72, 55, 1, 53, 80, 56, 82, 47, 52, 81, 23, 52, 20, 49, 33, 12
52, 24, 19, 56, 32, 20, 27, 27, 21, 72, 39, 65, 43, 20, 3, 58, 40, 62, 0, 54, 44, 75, 27, 41, 43, 54, 27, 5, 45, 14, 32, 66, 67, 75, 49, 64, 32, 54, 27, 82, 42, 43, 53, 58, 30
21, 3, 3, 39, 78, 7, 35, 39, 29, 63, 9, 77, 55, 55, 17, 80, 83, 82, 32, 73, 63, 35, 63, 65, 32, 64, 81, 6, 15, 79, 67, 41, 44, 53, 62, 61, 78, 51, 28
72, 27, 20, 51, 55, 33, 10, 20, 38, 55, 80, 20, 52, 22, 80, 42, 73, 52, 6, 50, 70, 13, 0, 68, 20, 52, 15, 74, 33, 49, 27, 9, 10, 57, 61, 20, 54, 15, 53
52, 24, 19, 56, 32, 20, 27, 27, 21, 72, 39, 65, 43, 20, 3, 58, 40, 62, 0, 54, 44, 75, 27, 41, 43, 54, 27, 5, 45, 14, 32, 66, 67, 75, 49, 64, 32, 54, 27, 82, 42, 43, 53, 58, 30
50, 3, 8, 43, 67, 17, 26, 17, 42, 28, 43, 42, 58, 49, 55, 28, 67, 47, 76, 1, 69, 27, 25, 77, 24, 64, 27, 74, 84, 20, 13, 38, 34, 47, 31, 8, 53, 48, 59, 64, 19
31, 6, 78, 15, 75, 40, 6, 38, 9, 8, 41, 38, 11, 84, 14, 81, 12, 64, 43, 6, 69, 39, 30, 41, 66, 60, 81, 73, 10, 31, 21, 26, 61, 48, 39
49, 40, 57, 5, 68, 46, 22, 2, 53, 52, 50, 7, 15, 10, 22, 59, 8, 26, 21, 28, 57, 31, 32, 65, 73, 23, 59, 7, 46, 84, 25
20, 53, 41, 77, 74, 29, 1, 0, 67, 42, 31, 26, 55, 28, 73, 50, 4, 23, 38, 81, 8, 34, 61, 29, 42, 75, 43, 7, 74, 9, 8, 57, 58, 54, 19, 13, 84, 46, 8, 27
61, 20, 34, 8, 31, 41, 56, 53, 2, 19, 46, 42, 60, 28, 60, 71, 36, 17, 38, 33, 6, 40, 76, 0, 61, 75, 79, 37, 42, 46, 33, 52, 40, 4, 61, 13, 54, 79, 36, 1, 27
74, 33, 80, 39, 5, 69, 53, 10, 29, 75, 76, 77, 31, 81, 44, 6, 62, 50, 40, 65, 59, 11, 57, 74, 79, 30, 52, 57, 37, 74, 21, 42, 20, 28, 35, 18, 32, 44, 69, 23, 63, 20, 73, 34
21, 3, 3, 39, 78, 7, 35, 39, 29, 63, 9, 77, 55, 55, 17, 80, 83, 82, 32, 73, 63, 35, 63, 65, 32, 64, 81, 6, 15, 79, 67, 41, 44, 53, 62, 61, 78, 51, 28
58, 26, 63, 49, 29, 63, 24, 30, 22, 59, 5, 9, 77, 49, 69, 62, 10, 17, 28, 74, 66, 79, 28, 61, 81, 66, 12, 35, 65, 59, 42, 2, 80, 55, 61, 42, 21, 59, 8, 25, 37
80, 47, 70, 44, 68, 37, 20, 7, 60, 63, 2, 74, 27, 64, 48, 9, 64, 73, 55, 26, 22, 33, 26, 1, 22, 49, 42, 74, 12, 67, 18, 74, 16, 11, 39, 35, 28, 81, 24, 24, 33, 63, 52, 84, 14, 59
0, 58, 55, 27, 5, 17, 69, 56, 68, 82, 56, 3, 47, 22, 6, 8, 27, 36, 76, 32, 83, 2, 67, 28, 11, 29, 30, 64, 2, 4, 78, 63, 27, 66, 66, 2, 23
72, 27, 20, 51, 55, 33, 10, 20, 38, 55, 80, 20, 52, 22, 80, 42, 73, 52, 6, 50, 70, 13, 0, 68, 20, 52, 15, 74, 33, 49, 27, 9, 10, 57, 61, 20, 54, 15, 53
80, 38, 15, 3, 19, 16, 68, 23, 67, 21, 30, 65, 52, 83, 13, 46, 63, 55, 36, 15, 44, 9, 10, 54, 57, 8, 4, 11, 66, 68, 65, 80, 29, 75, 83, 12, 31, 64, 26
70, 78, 61, 36, 47, 61, 30, 37, 84, 45, 64, 26, 4, 23, 47, 56, 82, 28, 14, 79, 58, 19, 24, 68, 4, 45, 3, 18, 57, 39, 1, 32, 23
0, 58, 55, 27, 5, 17, 69, 56, 68, 82, 56, 3, 47, 22, 6, 8, 27, 36, 76, 32, 83, 2, 67, 28, 11, 29, 30, 64, 2, 4, 78, 63, 27, 66, 66, 2, 23
48, 77, 13, 72, 17, 49, 19, 57, 53, 42, 49, 31, 26, 66, 12, 55, 82, 67, 47, 23, 1, 78, 60, 63, 23, 29, 65, 83, 77, 52, 84, 16, 71, 29, 45, 16, 54, 65, 14, 35, 24
53, 73, 25, 39, 72, 56, 24, 20, 4, 74, 5, 73, 41, 66, 79, 57, 43, 7, 80, 11, 29, 39, 59, 3, 80, 7, 46, 71, 68, 81, 14, 81, 30, 79, 25
35, 22, 33, 75, 17, 13, 31, 62, 23, 29, 40, 20, 0, 81, 54, 14, 58, 7, 25, 75, 10, 23, 24, 48, 38, 67, 16, 49, 71, 75, 81, 39, 16, 70, 62, 23, 48, 52
49, 40, 57, 5, 68, 46, 22, 2, 53, 52, 50, 7, 15, 10, 22, 59, 8, 26, 21, 28, 57, 31, 32, 65, 73, 23, 59, 7, 46, 84, 25
59, 47, 49, 40, 37, 7, 55, 43, 32, 39, 81, 5, 34, 70, 3, 77, 23, 69, 48, 44, 43, 48, 53, 20, 40, 49, 21, 77, 66, 1, 56, 31, 20, 81
59, 84, 36, 59, 64, 34, 79, 33, 66, 12, 73, 48, 43, 44, 44, 9, 30, 11, 24, 11, 33, 55, 74, 5, 41, 26, 72, 82, 27, 28, 36, 16, 46, 43, 23, 72, 49, 56, 76, 28, 63, 20, 2, 18, 44, 24, 4, 50, 33, 40
70, 78, 61, 36, 47, 61, 30, 37, 84, 45, 64, 26, 4, 23, 47, 56, 82, 28, 14, 79, 58, 19, 24, 68, 4, 45, 3, 18, 57, 39, 1, 32, 23
45, 2, 66, 80, 81, 78, 39, 63, 12, 0, 36, 2, 44, 18, 49, 70, 10, 65, 21, 58, 67, 25, 59, 63, 72, 50, 70, 34, 11, 65, 48, 38, 84, 27, 69, 17, 53, 39, 15, 72
10, 6, 25, 16, 49, 49, 62, 52, 0, 33, 73, 31, 84, 78, 83, 28, 32, 73, 46, 44, 35, 39, 52, 41, 65, 57, 58, 36, 49, 34, 45, 23, 28, 15, 2, 21
62, 40, 53, 5, 71, 54, 39, 53, 76, 78, 19, 20, 46, 4, 29, 31, 43, 55, 9, 77, 55, 62, 15, 70, 35, 8, 4, 48, 46, 12, 38, 22, 36, 29, 82
23, 13, 84, 30, 2, 38, 64, 53, 56, 34, 35, 65, 70, 59, 31, 29, 23, 78, 81, 50, 60, 19, 61, 66, 72, 2, 65, 63, 2, 75, 34, 25, 25, 11, 22, 59, 65, 4, 61, 54
58, 26, 63, 49, 29, 63, 24, 30, 22, 59, 5, 9, 77, 49, 69, 62, 10, 17, 28, 74, 66, 79, 28, 61, 81, 66, 12, 35, 65, 59, 42, 2, 80, 55, 61, 42, 21, 59, 8, 25, 37
49, 40, 57, 5, 68, 46, 22, 2, 53, 52, 50, 7, 15, 10, 22, 59, 8, 26, 21, 28, 57, 31, 32, 65, 73, 23, 59, 7, 46, 84, 25
64, 23, 70, 49, 38, 65, 7, 83, 71, 16, 57, 46, 57, 28, 12, 58, 18, 59, 81, 82, 37, 64, 75, 40, 84, 20, 17, 8, 15, 78, 7, 59, 66, 41, 8, 7, 5, 8, 6, 4
72, 43, 77, 50, 59, 76, 60, 40, 72, 24, 39, 22, 38, 35, 43, 61, 59, 67, 73, 2, 16, 42, 7, 23, 3, 51, 27, 2, 82, 0, 62, 23, 59, 74, 79, 51, 80, 17, 26, 16
31, 37, 37, 28, 19, 59, 1, 4, 9, 17, 7, 2, 47, 52, 23, 9, 78, 35, 12, 21, 84, 77, 48, 45, 48, 27, 1, 24, 44, 46, 28, 19, 81, 77, 72
35, 22, 33, 75, 17, 13, 31, 62, 23, 29, 40, 20, 0, 81, 54, 14, 58, 7, 25, 75, 10, 23, 24, 48, 38, 67, 16, 49, 71, 75, 81, 39, 16, 70, 62, 23, 48, 52
35, 22, 33, 75, 17, 13, 31, 62, 23, 29, 40, 20, 0, 81, 54, 14, 58, 7, 25, 75, 10, 23, 24, 48, 38, 67, 16, 49, 71, 75, 81, 39, 16, 70, 62, 23, 48, 52
64, 18, 69, 19, 55, 29, 11, 66, 53, 25, 84, 59, 8, 4, 21, 62, 3, 42, 57, 63, 76, 82, 29, 43, 69, 49, 66, 0, 64, 67, 19, 21, 43, 61, 25, 34, 19
72, 27, 20, 51, 55, 33, 10, 20, 38, 55, 80, 20, 52, 22, 80, 42, 73, 52, 6, 50, 70, 13, 0, 68, 20, 52, 15, 74, 33, 49, 27, 9, 10, 57, 61, 20, 54, 15, 53
74, 33, 80, 39, 5, 69, 53, 10, 29, 75, 76, 77, 31, 81, 44, 6, 62, 50, 40, 65, 59, 11, 57, 74, 79, 30, 52, 57, 37, 74, 21, 42, 20, 28, 35, 18, 32, 44, 69, 23, 63, 20, 73, 34
80, 38, 15, 3, 19, 16, 68, 23, 67, 21, 30, 65, 52, 83, 13, 46, 63, 55, 36, 15, 44, 9, 10, 54, 57, 8, 4, 11, 66, 68, 65, 80, 29, 75, 83, 12, 31, 64, 26
49, 40, 57, 5, 68, 46, 22, 2, 53, 52, 50, 7, 15, 10, 22, 59, 8, 26, 21, 28, 57, 31, 32, 65, 73, 23, 59, 7, 46, 84, 25
59, 84, 36, 59, 64, 34, 79, 33, 66, 12, 73, 48, 43, 44, 44, 9, 30, 11, 24, 11, 33, 55, 74, 5, 41, 26, 72, 82, 27, 28, 36, 16, 46, 43, 23, 72, 49, 56, 76, 28, 63, 20, 2, 18, 44, 24, 4, 50, 33, 40
7, 53, 55, 52, 54, 73, 4, 38, 70, 51, 42, 27, 70, 82, 26, 8, 4, 21, 5, 50, 45, 4, 65, 73, 32, 82, 68, 60, 36, 32, 13, 77, 10, 9, 70, 38, 71, 84, 17, 67, 74, 77, 15, 47, 50, 15
53, 73, 25, 39, 72, 56, 24, 20, 4, 74, 5, 73, 41, 66, 79, 57, 43, 7, 80, 11, 29, 39, 59, 3, 80, 7, 46, 71, 68, 81, 14, 81, 30, 79, 25
0, 58, 55, 27, 5, 17, 69, 56, 68, 82, 56, 3, 47, 22, 6, 8, 27, 36, 76, 32, 83, 2, 67, 28, 11, 29, 30, 64, 2, 4, 78, 63, 27, 66, 66, 2, 23
59, 47, 49, 40, 37, 7, 55, 43, 32, 39, 81, 5, 34, 70, 3, 77, 23, 69, 48, 44, 43, 48, 53, 20, 40, 49, 21, 77, 66, 1, 56, 31, 20, 81
29, 2, 84, 83, 13, 7, 21, 53, 1, 84, 43, 64, 7, 40, 56, 42, 9, 28, 63, 41, 77, 79, 22, 44, 30, 52, 82, 56, 4, 62, 9, 68, 17, 25, 79, 58, 47, 26, 80, 80
31, 6, 78, 15, 75, 40, 6, 38, 9, 8, 41, 38, 11, 84, 14, 81, 12, 64, 43, 6, 69, 39, 30, 41, 66, 60, 81, 73, 10, 31, 21, 26, 61, 48, 39
11, 72, 27, 17, 15, 47, 64, 38, 63, 20, 23, 62, 73, 45, 79, 73, 84, 16, 48, 50, 22, 72, 55, 1, 53, 80, 56, 82, 47, 52, 81, 23, 52, 20, 49, 33, 12
7, 8, 79, 57, 61, 51, 20, 37, 54, 39, 80, 62, 69, 10, 73, 1, 4, 37, 14, 31, 25, 40, 77, 12, 49, 46, 12, 35, 36, 65, 0, 78, 56, 1, 9, 8, 2, 51, 56, 15
49, 22, 3, 5, 81, 14, 14, 74, 81, 26, 1, 11, 55, 79, 21, 52, 18, 20, 64, 32, 54, 16, 3, 14, 60, 69, 16, 52, 1, 71, 65, 74, 8, 6, 76, 0, 45, 71, 39, 59
31, 37, 37, 28, 19, 59, 1, 4, 9, 17, 7, 2, 47, 52, 23, 9, 78, 35, 12, 21, 84, 77, 48, 45, 48, 27, 1, 24, 44, 46, 28, 19, 81, 77, 72
59, 47, 49, 40, 37, 7, 55, 43, 32, 39, 81, 5, 34, 70, 3, 77, 23, 69, 48, 44, 43, 48, 53, 20, 40, 49, 21, 77, 66, 1, 56, 31, 20, 81
8, 2, 82, 9, 73, 45, 58, 65, 5, 39, 34, 34, 15, 34, 78, 1, 63, 17, 16, 24, 38, 72, 49, 54, 31, 15, 7, 43, 43, 39, 8, 48, 54, 68, 33, 63, 10, 9, 3, 68, 12
7, 53, 55, 52, 54, 73, 4, 38, 70, 51, 42, 27, 70, 82, 26, 8, 4, 21, 5, 50, 45, 4, 65, 73, 32, 82, 68, 60, 36, 32, 13, 77, 10, 9, 70, 38, 71, 84, 17, 67, 74, 77, 15, 47, 50, 15
45, 2, 66, 80, 81, 78, 39, 63, 12, 0, 36, 2, 44, 18, 49, 70, 10, 65, 21, 58, 67, 25, 59, 63, 72, 50, 70, 34, 11, 65, 48, 38, 84, 27, 69, 17, 53, 39, 15, 72
64, 23, 70, 49, 38, 65, 7, 83, 71, 16, 57, 46, 57, 28, 12, 58, 18, 59, 81, 82, 37, 64, 75, 40, 84, 20, 17, 8, 15, 78, 7, 59, 66, 41, 8, 7, 5, 8, 6, 4
10, 50, 72, 64, 75, 72, 29, 72, 37, 22, 30, 58, 77, 28, 84, 50, 53, 51, 7, 19, 52, 46, 27, 26, 81, 31, 4, 75, 10, 42, 60, 18, 41, 31, 58
20, 53, 41, 77, 74, 29, 1, 0, 67, 42, 31, 26, 55, 28, 73, 50, 4, 23, 38, 81, 8, 34, 61, 29, 42, 75, 43, 7, 74, 9, 8, 57, 58, 54, 19, 13, 84, 46, 8, 27
49, 40, 57, 5, 68, 46, 22, 2, 53, 52, 50, 7, 15, 10, 22, 59, 8, 26, 21, 28, 57, 31, 32, 65, 73, 23, 59, 7, 46, 84, 25
61, 20, 34, 8, 31, 41, 56, 53, 2, 19, 46, 42, 60, 28, 60, 71, 36, 17, 38, 33, 6, 40, 76, 0, 61, 75, 79, 37, 42, 46, 33, 52, 40, 4, 61, 13, 54, 79, 36, 1, 27
0, 58, 55, 27, 5, 17, 69, 56, 68, 82, 56, 3, 47, 22, 6, 8, 27, 36, 76, 32, 83, 2, 67, 28, 11, 29, 30, 64, 2, 4, 78, 63, 27, 66, 66, 2, 23
46, 23, 11, 4, 65, 52, 63, 69, 79, 71, 82, 64, 84, 51, 0, 11, 60, 57, 18, 0, 15, 58, 19, 82, 51, 11, 13, 47, 26, 40, 8, 4, 18, 76, 23, 70, 9, 27, 11, 49
8, 2, 82, 9, 73, 45, 58, 65, 5, 39, 34, 34, 15, 34, 78, 1, 63, 17, 16, 24, 38, 72, 49, 54, 31, 15, 7, 43, 43, 39, 8, 48, 54, 68, 33, 63, 10, 9, 3, 68, 12
80, 47, 70, 44, 68, 37, 20, 7, 60, 63, 2, 74, 27, 64, 48, 9, 64, 73, 55, 26, 22, 33, 26, 1, 22, 49, 42, 74, 12, 67, 18, 74, 16, 11, 39, 35, 28, 81, 24, 24, 33, 63, 52, 84, 14, 59
7, 8, 79, 57, 61, 51, 20, 37, 54, 39, 80, 62, 69, 10, 73, 1, 4, 37, 14, 31, 25, 40, 77, 12, 49, 46, 12, 35, 36, 65, 0, 78, 56, 1, 9, 8, 2, 51, 56, 15
10, 6, 25, 16, 49, 49, 62, 52, 0, 33, 73, 31, 84, 78, 83, 28, 32, 73, 46, 44, 35, 39, 52, 41, 65, 57, 58, 36, 49, 34, 45, 23, 28, 15, 2, 21
35, 22, 33, 75, 17, 13, 31, 62, 23, 29, 40, 20, 0, 81, 54, 14, 58, 7, 25, 75, 10, 23, 24, 48, 38, 67, 16, 49, 71, 75, 81, 39, 16, 70, 62, 23, 48, 52
31, 6, 78, 15, 75, 40, 6, 38, 9, 8, 41, 38, 11, 84, 14, 81, 12, 64, 43, 6, 69, 39, 30, 41, 66, 60, 81, 73, 10, 31, 21, 26, 61, 48, 39
53, 73, 25, 39, 72, 56, 24, 20, 4, 74, 5, 73, 41, 66, 79, 57, 43, 7, 80, 11, 29, 39, 59, 3, 80, 7, 46, 71, 68, 81, 14, 81, 30, 79, 25
49, 40, 57, 5, 68, 46, 22, 2, 53, 52, 50, 7, 15, 10, 22, 59, 8, 26, 21, 28, 57, 31, 32, 65, 73, 23, 59, 7, 46, 84, 25
80, 38, 15, 3, 19, 16, 68, 23, 67, 21, 30, 65, 52, 83, 13, 46, 63, 55, 36, 15, 44, 9, 10, 54, 57, 8, 4, 11, 66, 68, 65, 80, 29, 75, 83, 12, 31, 64, 26
49, 33, 73, 35, 38, 2, 52, 78, 49, 70, 50, 4, 39, 43, 35, 29, 2, 0, 40, 15, 33, 30, 48, 7, 23, 11, 39, 56, 39, 3, 82, 19, 36, 51, 54, 62, 77, 77, 62
59, 84, 36, 59, 64, 34, 79, 33, 66, 12, 73, 48, 43, 44, 44, 9, 30, 11, 24, 11, 33, 55, 74, 5, 41, 26, 72, 82, 27, 28, 36, 16, 46, 43, 23, 72, 49, 56, 76, 28, 63, 20, 2, 18, 44, 24, 4, 50, 33, 40
58, 26, 63, 49, 29, 63, 24, 30, 22, 59, 5, 9, 77, 49, 69, 62, 10, 17, 28, 74, 66, 79, 28, 61, 81, 66, 12, 35, 65, 59, 42, 2, 80, 55, 61, 42, 21, 59, 8, 25, 37
31, 37, 37, 28, 19, 59, 1, 4, 9, 17, 7, 2, 47, 52, 23, 9, 78, 35, 12, 21, 84, 77, 48, 45, 48, 27, 1, 24, 44, 46, 28, 19, 81, 77, 72
23, 13, 84, 30, 2, 38, 64, 53, 56, 34, 35, 65, 70, 59, 31, 29, 23, 78, 81, 50, 60, 19, 61, 66, 72, 2, 65, 63, 2, 75, 34, 25, 25, 11, 22, 59, 65, 4, 61, 54
58, 26, 63, 49, 29, 63, 24, 30, 22, 59, 5, 9, 77, 49, 69, 62, 10, 17, 28, 74, 66, 79, 28, 61, 81, 66, 12, 35, 65, 59, 42, 2, 80, 55, 61, 42, 21, 59, 8, 25, 37
29, 2, 84, 83, 13, 7, 21, 53, 1, 84, 43, 64, 7, 40, 56, 42, 9, 28, 63, 41, 77, 79, 22, 44, 30, 52, 82, 56, 4, 62, 9, 68, 17, 25, 79, 58, 47, 26, 80, 80
31, 6, 78, 15, 75, 40, 6, 38, 9, 8, 41, 38, 11, 84, 14, 81, 12, 64, 43, 6, 69, 39, 30, 41, 66, 60, 81, 73, 10, 31, 21, 26, 61, 48, 39
10, 50, 72, 64, 75, 72, 29, 72, 37, 22, 30, 58, 77, 28, 84, 50, 53, 51, 7, 19, 52, 46, 27, 26, 81, 31, 4, 75, 10, 42, 60, 18, 41, 31, 58
10, 50, 72, 64, 75, 72, 29, 72, 37, 22, 30, 58, 77, 28, 84, 50, 53, 51, 7, 19, 52, 46, 27, 26, 81, 31, 4, 75, 10, 42, 60, 18, 41, 31, 58
58, 26, 63, 49, 29, 63, 24, 30, 22, 59, 5, 9, 77, 49, 69, 62, 10, 17, 28, 74, 66, 79, 28, 61, 81, 66, 12, 35, 65, 59, 42, 2, 80, 55, 61, 42, 21, 59, 8, 25, 37
74, 33, 80, 39, 5, 69, 53, 10, 29, 75, 76, 77, 31, 81, 44, 6, 62, 50, 40, 65, 59, 11, 57, 74, 79, 30, 52, 57, 37, 74, 21, 42, 20, 28, 35, 18, 32, 44, 69, 23, 63, 20, 73, 34
29, 2, 84, 83, 13, 7, 21, 53, 1, 84, 43, 64, 7, 40, 56, 42, 9, 28, 63, 41, 77, 79, 22, 44, 30, 52, 82, 56, 4, 62, 9, 68, 17, 25, 79, 58, 47, 26, 80, 80
31, 6, 78, 15, 75, 40, 6, 38, 9, 8, 41, 38, 11, 84, 14, 81, 12, 64, 43, 6, 69, 39, 30, 41, 66, 60, 81, 73, 10, 31, 21, 26, 61, 48, 39
7, 8, 79, 57, 61, 51, 20, 37, 54, 39, 80, 62, 69, 10, 73, 1, 4, 37, 14, 31, 25, 40, 77, 12, 49, 46, 12, 35, 36, 65, 0, 78, 56, 1, 9, 8, 2, 51, 56, 15
70, 78, 61, 36, 47, 61, 30, 37, 84, 45, 64, 26, 4, 23, 47, 56, 82, 28, 14, 79, 58, 19, 24, 68, 4, 45, 3, 18, 57, 39, 1, 32, 23
8, 2, 82, 9, 73, 45, 58, 65, 5, 39, 34, 34, 15, 34, 78, 1, 63, 17, 16, 24, 38, 72, 49, 54, 31, 15, 7, 43, 43, 39, 8, 48, 54, 68, 33, 63, 10, 9, 3, 68, 12
49, 40, 57, 5, 68, 46, 22, 2, 53, 52, 50, 7, 15, 10, 22, 59, 8, 26, 21, 28, 57, 31, 32, 65, 73, 23, 59, 7, 46, 84, 25
52, 24, 19, 56, 32, 20, 27, 27, 21, 72, 39, 65, 43, 20, 3, 58, 40, 62, 0, 54, 44, 75, 27, 41, 43, 54, 27, 5, 45, 14, 32, 66, 67, 75, 49, 64, 32, 54, 27, 82, 42, 43, 53, 58, 30
80, 38, 15, 3, 19, 16, 68, 23, 67, 21, 30, 65, 52, 83, 13, 46, 63, 55, 36, 15, 44, 9, 10, 54, 57, 8, 4, 11, 66, 68, 65, 80, 29, 75, 83, 12, 31, 64, 26
29, 2, 84, 83, 13, 7, 21, 53, 1, 84, 43, 64, 7, 40, 56, 42, 9, 28, 63, 41, 77, 79, 22, 44, 30, 52, 82, 56, 4, 62, 9, 68, 17, 25, 79, 58, 47, 26, 80, 80
10, 50, 72, 64, 75, 72, 29, 72, 37, 22, 30, 58, 77, 28, 84, 50, 53, 51, 7, 19, 52, 46, 27, 26, 81, 31, 4, 75, 10, 42, 60, 18, 41, 31, 58
64, 23, 70, 49, 38, 65, 7, 83, 71, 16, 57, 46, 57, 28, 12, 58, 18, 59, 81, 82, 37, 64, 75, 40, 84, 20, 17, 8, 15, 78, 7, 59, 66, 41, 8, 7, 5, 8, 6, 4
52, 24, 19, 56, 32, 20, 27, 27, 21, 72, 39, 65, 43, 20, 3, 58, 40, 62, 0, 54, 44, 75, 27, 41, 43, 54, 27, 5, 45, 14, 32, 66, 67, 75, 49, 64, 32, 54, 27, 82, 42, 43, 53, 58, 30
8, 2, 82, 9, 73, 45, 58, 65, 5, 39, 34, 34, 15, 34, 78, 1, 63, 17, 16, 24, 38, 72, 49, 54, 31, 15, 7, 43, 43, 39, 8, 48, 54, 68, 33, 63, 10, 9, 3, 68, 12
8, 2, 82, 9, 73, 45, 58, 65, 5, 39, 34, 34, 15, 34, 78, 1, 63, 17, 16, 24, 38, 72, 49, 54, 31, 15, 7, 43, 43, 39, 8, 48, 54, 68, 33, 63, 10, 9, 3, 68, 12
58, 26, 63, 49, 29, 63, 24, 30, 22, 59, 5, 9, 77, 49, 69, 62, 10, 17, 28, 74, 66, 79, 28, 61, 81, 66, 12, 35, 65, 59, 42, 2, 80, 55, 61, 42, 21, 59, 8, 25, 37
59, 47, 49, 40, 37, 7, 55, 43, 32, 39, 81, 5, 34, 70, 3, 77, 23, 69, 48, 44, 43, 48, 53, 20, 40, 49, 21, 77, 66, 1, 56, 31, 20, 81
72, 43, 77, 50, 59, 76, 60, 40, 72, 24, 39, 22, 38, 35, 43, 61, 59, 67, 73, 2, 16, 42, 7, 23, 3, 51, 27, 2, 82, 0, 62, 23, 59, 74, 79, 51, 80, 17, 26, 16
35, 22, 33, 75, 17, 13, 31, 62, 23, 29, 40, 20, 0, 81, 54, 14, 58, 7, 25, 75, 10, 23, 24, 48, 38, 67, 16, 49, 71, 75, 81, 39, 16, 70, 62, 23, 48, 52
31, 6, 78, 15, 75, 40, 6, 38, 9, 8, 41, 38, 11, 84, 14, 81, 12, 64, 43, 6, 69, 39, 30, 41, 66, 60, 81, 73, 10, 31, 21, 26, 61, 48, 39
64, 23, 70, 49, 38, 65, 7, 83, 71, 16, 57, 46, 57, 28, 12, 58, 18, 59, 81, 82, 37, 64, 75, 40, 84, 20, 17, 8, 15, 78, 7, 59, 66, 41, 8, 7, 5, 8, 6, 4
35, 22, 33, 75, 17, 13, 31, 62, 23, 29, 40, 20, 0, 81, 54, 14, 58, 7, 25, 75, 10, 23, 24, 48, 38, 67, 16, 49, 71, 75, 81, 39, 16, 70, 62, 23, 48, 52
49, 33, 73, 35, 38, 2, 52, 78, 49, 70, 50, 4, 39, 43, 35, 29, 2, 0, 40, 15, 33, 30, 48, 7, 23, 11, 39, 56, 39, 3, 82, 19, 36, 51, 54, 62, 77, 77, 62
64, 23, 70, 49, 38, 65, 7, 83, 71, 16, 57, 46, 57, 28, 12, 58, 18, 59, 81, 82, 37, 64, 75, 40, 84, 20, 17, 8, 15, 78, 7, 59, 66, 41, 8, 7, 5, 8, 6, 4
59, 84, 36, 59, 64, 34, 79, 33, 66, 12, 73, 48, 43, 44, 44, 9, 30, 11, 24, 11, 33, 55, 74, 5, 41, 26, 72, 82, 27, 28, 36, 16, 46, 43, 23, 72, 49, 56, 76, 28, 63, 20, 2, 18, 44, 24, 4, 50, 33, 40
61, 20, 34, 8, 31, 41, 56, 53, 2, 19, 46, 42, 60, 28, 60, 71, 36, 17, 38, 33, 6, 40, 76, 0, 61, 75, 79, 37, 42, 46, 33, 52, 40, 4, 61, 13, 54, 79, 36, 1, 27
48, 77, 13, 72, 17, 49, 19, 57, 53, 42, 49, 31, 26, 66, 12, 55, 82, 67, 47, 23, 1, 78, 60, 63, 23, 29, 65, 83, 77, 52, 84, 16, 71, 29, 45, 16, 54, 65, 14, 35, 24
46, 23, 11, 4, 65, 52, 63, 69, 79, 71, 82, 64, 84, 51, 0, 11, 60, 57, 18, 0, 15, 58, 19, 82, 51, 11, 13, 47, 26, 40, 8, 4, 18, 76, 23, 70, 9, 27, 11, 49
7, 8, 79, 57, 61, 51, 20, 37, 54, 39, 80, 62, 69, 10, 73, 1, 4, 37, 14, 31, 25, 40, 77, 12, 49, 46, 12, 35, 36, 65, 0, 78, 56, 1, 9, 8, 2, 51, 56, 15
