4, 18, 24, 1, 15, 19, 2, 9, 5, 19, 18
23, 0, 12, 2, 23, 18, 17, 20, 4, 14, 24, 9
18, 23, 10, 19, 6, 11, 11, 14, 11, 4, 4, 9
12, 13, 21, 10, 22, 17, 17, 3, 18, 12, 19, 16
4, 24, 23, 3, 22, 19, 15, 10, 4, 0
23, 18, 2, 17, 9, 20, 4, 14, 0, 24, 23, 12
18, 12, 22, 13, 19, 3, 12, 16, 10, 21, 17, 17
20, 19, 18, 2, 16, 6, 20, 1, 12, 6, 11, 6
18, 23, 4, 11, 10, 4, 11, 11, 9, 19, 14, 6
12, 22, 12, 10, 13, 18, 19, 17, 16, 3, 21, 17
23, 9, 2, 20, 4, 14, 0, 24, 12, 17, 23, 18
23, 2, 23, 0, 4, 14, 18, 24, 20, 17, 12, 9
17, 14, 0, 1, 1, 17, 18, 2, 24, 17, 4, 21
23, 9, 6, 14, 21, 13, 19, 3, 7, 14
21, 23, 6, 9, 14, 19, 13, 3, 7, 14
9, 13, 21, 13, 21, 1, 21, 16, 10, 12
12, 10, 19, 18, 21, 16, 22, 17, 17, 13, 3, 12
4, 24, 15, 1, 19, 5, 18, 2, 19, 9, 18
3, 17, 22, 20, 17, 18, 3, 6, 17, 20, 10
4, 18, 19, 24, 19, 15, 1, 5, 9, 2, 18
4, 1, 24, 18, 18, 15, 2, 19, 5, 19, 9
17, 14, 1, 18, 0, 1, 17, 2, 24, 17, 21, 4
12, 22, 19, 13, 18, 10, 21, 12, 16, 17, 17, 3
18, 23, 6, 11, 4, 19, 9, 4, 11, 14, 11, 10
23, 9, 13, 14, 7, 14, 21, 6, 19, 3
23, 9, 14, 13, 21, 6, 19, 7, 3, 14
4, 18, 24, 9, 1, 2, 15, 18, 19, 5, 19
4, 24, 0, 4, 15, 3, 23, 22, 19, 10
12, 22, 10, 3, 12, 21, 13, 18, 17, 19, 16, 17
1, 18, 18, 10, 3, 20, 5, 5, 13, 6, 8, 5, 17
17, 15, 8, 13, 14, 9, 11, 12, 10, 5, 6
17, 8, 15, 13, 14, 9, 11, 12, 10, 5, 6
20, 6, 12, 6, 2, 6, 18, 16, 19, 20, 1, 11
23, 2, 17, 0, 9, 23, 20, 4, 14, 18, 24, 12
17, 8, 14, 15, 13, 9, 11, 12, 5, 6, 10
12, 22, 13, 18, 19, 16, 12, 10, 17, 17, 3, 21
17, 15, 8, 13, 14, 5, 6, 10, 11, 9, 12
23, 9, 21, 14, 6, 14, 3, 13, 7, 19
17, 24, 1, 2, 14, 1, 18, 17, 0, 21, 17, 4
18, 11, 11, 23, 10, 14, 9, 11, 6, 19, 4, 4
12, 22, 18, 16, 12, 13, 19, 3, 17, 10, 21, 17
17, 15, 8, 14, 13, 11, 10, 12, 9, 5, 6
20, 18, 2, 16, 6, 6, 12, 6, 20, 19, 1, 11
4, 18, 24, 15, 1, 5, 19, 2, 19, 9, 18
4, 24, 1, 18, 15, 19, 5, 2, 19, 9, 18
12, 22, 19, 12, 16, 10, 13, 21, 18, 17, 3, 17
20, 18, 11, 16, 6, 2, 6, 6, 12, 19, 20, 1
4, 24, 23, 10, 4, 15, 22, 0, 19, 3
1, 13, 5, 17, 6, 8, 5, 5, 20, 10, 18, 3, 18
4, 24, 15, 5, 2, 1, 18, 19, 19, 9, 18
23, 2, 12, 14, 17, 4, 9, 20, 23, 0, 24, 18
9, 13, 13, 21, 21, 12, 21, 1, 16, 10
1, 18, 5, 20, 3, 18, 13, 5, 6, 8, 17, 5, 10
4, 24, 0, 15, 4, 22, 19, 23, 10, 3
23, 9, 14, 14, 21, 13, 6, 19, 7, 3
18, 11, 23, 10, 14, 11, 11, 6, 4, 9, 19, 4
12, 21, 22, 19, 3, 17, 12, 16, 17, 13, 10, 18
12, 13, 19, 18, 22, 16, 10, 17, 17, 12, 3, 21
4, 10, 24, 3, 23, 4, 15, 22, 0, 19
3, 22, 20, 6, 17, 3, 18, 17, 10, 20, 17
12, 10, 22, 17, 17, 12, 18, 16, 13, 3, 21, 19
23, 9, 21, 13, 14, 6, 19, 7, 3, 14
20, 11, 6, 18, 6, 16, 6, 2, 12, 19, 1, 20
23, 0, 2, 24, 18, 4, 23, 14, 17, 20, 12, 9
4, 18, 24, 19, 15, 2, 1, 19, 9, 5, 18
12, 16, 22, 3, 19, 10, 17, 18, 21, 13, 12, 17
4, 24, 18, 15, 1, 5, 19, 2, 19, 9, 18
23, 9, 21, 14, 6, 19, 7, 13, 14, 3
4, 1, 24, 15, 9, 18, 19, 18, 5, 2, 19
18, 19, 14, 4, 11, 23, 10, 9, 11, 4, 6, 11
23, 9, 6, 7, 14, 14, 13, 21, 19, 3
23, 9, 14, 19, 13, 6, 14, 21, 3, 7
23, 9, 3, 13, 14, 14, 7, 21, 6, 19
4, 24, 19, 10, 4, 23, 15, 3, 22, 0
4, 5, 1, 19, 18, 24, 2, 19, 9, 15, 18
4, 24, 23, 4, 10, 22, 15, 0, 19, 3
23, 20, 2, 0, 23, 18, 9, 14, 4, 17, 24, 12
9, 13, 13, 21, 21, 21, 16, 1, 12, 10
23, 9, 19, 21, 6, 3, 14, 7, 14, 13
17, 15, 8, 13, 14, 6, 12, 5, 11, 10, 9
20, 6, 6, 6, 18, 2, 16, 12, 19, 11, 20, 1
17, 14, 4, 1, 17, 21, 0, 17, 1, 18, 2, 24
3, 20, 17, 6, 20, 22, 3, 18, 17, 10, 17
12, 22, 13, 12, 18, 10, 19, 16, 17, 17, 21, 3
18, 23, 6, 19, 4, 9, 11, 4, 11, 10, 14, 11
4, 24, 23, 22, 4, 0, 15, 19, 3, 10
9, 13, 13, 21, 21, 21, 16, 1, 12, 10
1, 5, 8, 18, 13, 6, 5, 17, 5, 10, 18, 20, 3
4, 24, 3, 4, 22, 15, 10, 0, 23, 19
20, 6, 6, 18, 12, 16, 6, 2, 19, 20, 11, 1
4, 24, 15, 18, 5, 2, 1, 19, 19, 9, 18
4, 24, 23, 19, 0, 4, 15, 22, 3, 10
20, 18, 20, 16, 1, 2, 6, 11, 6, 12, 6, 19
4, 24, 19, 22, 4, 15, 3, 0, 23, 10
3, 20, 17, 6, 17, 3, 18, 22, 10, 17, 20
4, 22, 24, 0, 4, 23, 15, 10, 3, 19
23, 12, 24, 14, 23, 2, 18, 20, 17, 4, 9, 0
3, 20, 22, 6, 17, 17, 18, 17, 3, 20, 10
20, 18, 16, 2, 6, 6, 6, 19, 12, 1, 20, 11
17, 11, 8, 15, 14, 9, 13, 10, 12, 5, 6
3, 20, 10, 17, 18, 20, 3, 17, 22, 17, 6
3, 20, 6, 3, 18, 17, 17, 22, 10, 17, 20
9, 13, 13, 12, 21, 21, 10, 21, 16, 1
17, 8, 5, 14, 12, 13, 15, 11, 6, 9, 10
4, 24, 18, 19, 1, 15, 5, 2, 19, 9, 18
3, 17, 20, 22, 3, 6, 18, 17, 10, 17, 20
4, 24, 23, 4, 15, 22, 0, 19, 3, 10
1, 5, 10, 18, 5, 13, 20, 3, 6, 18, 8, 17, 5
9, 13, 21, 13, 21, 1, 12, 10, 21, 16
20, 6, 6, 18, 16, 12, 2, 6, 19, 20, 1, 11
20, 18, 6, 16, 2, 6, 19, 6, 20, 12, 1, 11
23, 9, 13, 6, 14, 21, 19, 3, 7, 14
18, 23, 10, 9, 11, 4, 6, 4, 19, 11, 11, 14
9, 13, 21, 21, 13, 10, 12, 16, 1, 21
9, 13, 21, 21, 13, 21, 1, 16, 10, 12
4, 24, 4, 22, 15, 19, 0, 3, 10, 23
9, 13, 21, 10, 21, 13, 21, 16, 1, 12
9, 13, 21, 13, 21, 21, 16, 1, 10, 12
17, 8, 11, 14, 15, 9, 13, 5, 12, 6, 10
4, 24, 0, 22, 19, 4, 15, 10, 3, 23
23, 23, 18, 17, 12, 20, 2, 9, 14, 4, 24, 0
20, 19, 18, 20, 11, 16, 2, 6, 1, 12, 6, 6
18, 23, 11, 4, 9, 4, 11, 10, 11, 14, 19, 6
1, 20, 5, 3, 10, 18, 17, 18, 8, 5, 13, 5, 6
17, 4, 24, 14, 0, 18, 2, 17, 1, 17, 21, 1
17, 1, 0, 24, 14, 1, 21, 2, 18, 17, 4, 17
20, 18, 16, 6, 2, 6, 11, 19, 1, 20, 6, 12
4, 24, 18, 9, 18, 15, 5, 1, 2, 19, 19
12, 22, 17, 10, 18, 16, 12, 13, 17, 3, 19, 21
3, 17, 20, 20, 10, 17, 18, 3, 6, 17, 22
3, 6, 10, 20, 20, 22, 17, 17, 18, 3, 17
23, 14, 2, 12, 24, 23, 4, 20, 17, 18, 9, 0
4, 24, 3, 10, 22, 23, 15, 4, 0, 19
23, 2, 9, 0, 20, 18, 4, 14, 17, 24, 23, 12
17, 8, 14, 9, 6, 15, 11, 10, 13, 12, 5
9, 13, 21, 13, 12, 1, 21, 10, 21, 16
20, 18, 2, 6, 16, 6, 12, 19, 6, 20, 1, 11
12, 22, 12, 21, 13, 18, 16, 10, 3, 19, 17, 17
4, 24, 22, 10, 3, 0, 23, 4, 15, 19
17, 0, 14, 1, 1, 4, 18, 24, 17, 2, 17, 21
23, 9, 21, 7, 3, 13, 6, 14, 19, 14
20, 2, 18, 16, 12, 19, 6, 20, 6, 6, 1, 11
4, 9, 19, 24, 1, 18, 18, 19, 15, 5, 2
12, 22, 12, 19, 16, 10, 13, 18, 17, 3, 21, 17
18, 23, 11, 4, 4, 9, 11, 10, 14, 19, 11, 6
12, 22, 13, 10, 12, 18, 19, 16, 17, 17, 3, 21
17, 11, 8, 9, 13, 12, 15, 14, 5, 6, 10
12, 22, 3, 12, 21, 10, 19, 17, 17, 13, 16, 18
9, 13, 13, 21, 21, 21, 1, 16, 12, 10
23, 2, 24, 4, 23, 14, 12, 18, 17, 20, 9, 0
9, 13, 13, 21, 21, 21, 16, 1, 12, 10
23, 9, 19, 6, 21, 13, 14, 7, 14, 3
17, 24, 1, 1, 14, 0, 17, 18, 2, 17, 21, 4
9, 21, 13, 13, 21, 16, 21, 12, 1, 10
17, 24, 17, 21, 14, 18, 0, 2, 4, 1, 1, 17
17, 1, 18, 14, 0, 1, 2, 17, 24, 21, 17, 4
4, 24, 4, 15, 22, 19, 0, 3, 10, 23
12, 22, 21, 10, 12, 17, 3, 17, 13, 18, 19, 16
9, 13, 21, 21, 13, 21, 16, 1, 12, 10
23, 20, 18, 2, 24, 17, 9, 14, 4, 12, 23, 0
1, 8, 5, 18, 17, 20, 3, 5, 18, 5, 13, 10, 6
20, 11, 18, 6, 12, 6, 16, 6, 2, 19, 20, 1
3, 20, 3, 18, 17, 20, 17, 22, 6, 10, 17
20, 18, 16, 20, 1, 2, 11, 6, 6, 12, 6, 19
23, 9, 6, 13, 14, 21, 19, 7, 3, 14
4, 24, 19, 15, 5, 2, 18, 1, 19, 9, 18
4, 24, 10, 22, 0, 23, 4, 15, 19, 3
20, 6, 6, 12, 18, 20, 6, 2, 16, 1, 19, 11
23, 12, 2, 23, 24, 4, 14, 18, 17, 20, 9, 0
12, 22, 16, 10, 12, 19, 17, 13, 3, 18, 17, 21
17, 10, 8, 15, 6, 14, 13, 5, 9, 11, 12
1, 5, 5, 13, 8, 6, 17, 5, 10, 18, 20, 3, 18
20, 6, 18, 12, 16, 11, 6, 2, 1, 6, 19, 20
20, 20, 2, 12, 19, 6, 1, 6, 18, 6, 16, 11
17, 15, 8, 13, 14, 9, 11, 12, 5, 6, 10
23, 18, 2, 9, 14, 17, 4, 20, 24, 0, 12, 23
23, 9, 20, 0, 23, 2, 24, 4, 18, 17, 14, 12
23, 9, 13, 14, 21, 6, 19, 3, 7, 14
23, 9, 6, 21, 13, 14, 19, 3, 7, 14
4, 24, 10, 4, 23, 22, 15, 0, 3, 19
1, 5, 13, 3, 8, 6, 5, 18, 17, 10, 5, 18, 20
18, 23, 4, 11, 11, 4, 19, 9, 14, 11, 10, 6
9, 13, 21, 16, 21, 21, 10, 13, 12, 1
23, 2, 20, 23, 4, 0, 14, 18, 9, 12, 24, 17
1, 5, 18, 5, 13, 6, 8, 5, 17, 10, 18, 20, 3
18, 6, 4, 23, 9, 10, 19, 4, 11, 11, 11, 14
23, 9, 2, 23, 20, 12, 17, 24, 14, 18, 4, 0
20, 18, 1, 16, 2, 6, 11, 6, 12, 6, 19, 20
1, 17, 5, 10, 5, 5, 18, 13, 20, 6, 8, 3, 18
9, 13, 21, 13, 10, 21, 21, 16, 12, 1
1, 5, 20, 18, 3, 5, 18, 13, 6, 8, 17, 5, 10
4, 18, 18, 9, 24, 15, 1, 19, 2, 5, 19
18, 23, 4, 4, 14, 10, 9, 11, 11, 11, 6, 19
3, 20, 20, 17, 17, 3, 10, 18, 17, 6, 22
23, 9, 14, 13, 21, 6, 19, 3, 7, 14
17, 21, 17, 1, 1, 4, 14, 0, 18, 17, 2, 24
4, 24, 4, 0, 19, 22, 15, 3, 10, 23
23, 2, 14, 17, 9, 4, 20, 24, 0, 23, 12, 18
4, 24, 10, 4, 15, 3, 23, 0, 19, 22
23, 23, 0, 24, 20, 18, 9, 2, 17, 14, 4, 12
