(36, 14), (88, 1), (130, 12), (135, 2), (146, 0), (195, 6), (196, 3), (268, 8), (282, 11), (330, 8), (420, 1)
(28, 4), (62, 2), (131, 14), (133, 5), (156, 3), (167, 9), (272, 13), (347, 3), (440, 7), (540, 1)
(42, 5), (57, 13), (101, 1), (131, 8), (137, 7), (147, 3), (152, 13), (169, 11), (170, 9), (174, 7), (201, 10)
(28, 1), (57, 9), (91, 10), (118, 3), (145, 14), (178, 13), (188, 0), (232, 14), (299, 9)
(5, 5), (86, 13), (105, 8), (110, 11), (140, 9), (148, 13), (167, 1), (199, 7), (230, 10), (322, 7), (364, 3)
(21, 12), (71, 13), (86, 1), (114, 5), (133, 1), (137, 3), (186, 13), (196, 3), (238, 5), (311, 5)
(19, 4), (53, 2), (102, 14), (129, 3), (148, 9), (203, 3), (213, 5), (230, 7), (236, 13), (256, 1)
(38, 1), (64, 9), (97, 10), (152, 3), (170, 9), (191, 14), (222, 13), (262, 0), (267, 14)
(33, 5), (102, 9), (119, 13), (146, 10), (169, 8), (183, 13), (198, 7), (199, 3), (205, 11), (231, 7), (253, 1)
(25, 11), (149, 9), (156, 7), (162, 6), (188, 12), (219, 13), (279, 9), (281, 10), (420, 3), (438, 12)
(6, 9), (83, 9), (104, 0), (137, 4), (175, 12), (289, 13), (320, 7), (355, 3), (465, 4)
(37, 10), (44, 6), (100, 3), (121, 11), (167, 4), (241, 8), (249, 14), (257, 14), (261, 12), (304, 9)
(42, 1), (128, 5), (132, 11), (141, 11), (150, 14), (158, 3), (183, 7), (204, 9), (226, 11), (229, 5)
(43, 11), (106, 10), (112, 12), (142, 9), (196, 6), (197, 7), (221, 9), (230, 12), (235, 3), (238, 13)
(42, 14), (80, 1), (142, 12), (156, 1), (204, 2), (253, 0), (313, 8), (318, 6), (343, 3), (353, 11), (398, 8)
(29, 9), (111, 4), (114, 9), (127, 0), (131, 4), (162, 3), (180, 12), (193, 13), (196, 7)
(2, 2), (62, 3), (66, 11), (78, 11), (107, 7), (111, 8), (135, 9), (153, 14), (165, 13)
(32, 9), (130, 3), (145, 7), (152, 4), (165, 9), (169, 13), (172, 4), (188, 0), (246, 12)
(42, 2), (84, 7), (99, 3), (111, 11), (132, 11), (156, 9), (170, 8), (172, 14), (189, 13)
(11, 1), (50, 9), (66, 10), (110, 3), (118, 0), (119, 14), (143, 14), (172, 13), (186, 9)
(33, 11), (129, 3), (139, 7), (141, 9), (167, 12), (180, 6), (187, 13), (191, 12), (232, 10), (344, 9)
(30, 1), (132, 5), (154, 14), (163, 7), (220, 9), (225, 11), (232, 5), (384, 11), (437, 11), (451, 3)
(10, 5), (63, 7), (96, 13), (113, 10), (129, 13), (148, 1), (187, 7), (200, 8), (230, 3), (237, 11), (347, 9)
(12, 12), (104, 5), (111, 5), (158, 5), (170, 13), (185, 3), (186, 1), (197, 13), (321, 3), (481, 1)
(8, 1), (58, 9), (81, 10), (151, 3), (186, 9), (199, 14), (227, 13), (280, 14), (352, 0)
(37, 5), (77, 13), (215, 1), (242, 13), (290, 7), (322, 10), (339, 11), (358, 8), (380, 7), (392, 3), (416, 9)
(30, 5), (95, 13), (127, 9), (135, 10), (148, 8), (160, 3), (171, 13), (174, 7), (186, 11), (194, 1), (229, 7)
(17, 12), (108, 5), (120, 13), (140, 5), (141, 1), (197, 5), (200, 13), (279, 3), (427, 1), (554, 3)
(14, 11), (125, 12), (126, 9), (182, 9), (211, 13), (241, 6), (275, 12), (314, 7), (331, 3), (445, 10)
(4, 5), (85, 13), (121, 13), (135, 7), (158, 1), (208, 10), (284, 7), (328, 3), (344, 11), (428, 8), (440, 9)
(6, 5), (89, 13), (220, 1), (236, 13), (281, 7), (336, 7), (355, 10), (399, 3), (507, 8), (544, 11), (646, 9)
(17, 14), (63, 1), (96, 12), (120, 2), (162, 6), (182, 0), (189, 3), (235, 8), (296, 11), (342, 8), (400, 1)
(30, 2), (86, 11), (113, 11), (119, 7), (144, 14), (144, 3), (156, 8), (167, 13), (170, 9)
(13, 5), (24, 3), (95, 13), (110, 7), (133, 10), (144, 8), (181, 11), (198, 13), (224, 1), (247, 7), (268, 9)
(46, 11), (124, 10), (156, 7), (158, 12), (181, 9), (237, 9), (296, 13), (304, 12), (306, 6), (328, 3)
(41, 1), (87, 9), (99, 10), (190, 3), (217, 14), (229, 14), (257, 13), (338, 0), (468, 9)
(12, 14), (72, 1), (122, 8), (129, 8), (137, 12), (140, 6), (143, 2), (151, 3), (167, 11), (182, 0), (197, 1)
(44, 10), (73, 6), (85, 11), (97, 8), (127, 3), (141, 4), (149, 14), (182, 9), (192, 12), (224, 14)
(39, 12), (109, 13), (134, 5), (149, 1), (196, 1), (205, 13), (252, 3), (272, 5), (286, 3), (354, 5)
(3, 9), (133, 9), (153, 0), (158, 13), (174, 7), (188, 3), (192, 4), (242, 12), (257, 4)
(28, 9), (128, 13), (140, 9), (144, 7), (147, 4), (162, 0), (180, 3), (187, 12), (205, 4)
(24, 2), (91, 11), (126, 7), (181, 9), (196, 11), (210, 8), (211, 13), (224, 14), (314, 3)
(25, 10), (75, 6), (105, 11), (135, 4), (135, 8), (154, 3), (260, 14), (272, 12), (345, 14), (411, 9)
(14, 4), (52, 2), (77, 7), (98, 13), (109, 3), (117, 5), (119, 9), (121, 1), (145, 3), (158, 14)
(6, 11), (102, 12), (110, 9), (115, 3), (134, 10), (166, 9), (179, 12), (193, 6), (208, 13), (248, 7)
(13, 4), (49, 2), (96, 3), (116, 9), (148, 1), (150, 14), (160, 7), (196, 13), (203, 5), (209, 3)
(12, 2), (42, 7), (61, 11), (119, 8), (146, 9), (151, 3), (153, 11), (170, 14), (176, 13)
(44, 4), (81, 2), (97, 14), (132, 5), (135, 9), (141, 3), (186, 3), (240, 13), (261, 7), (281, 1)
(19, 14), (46, 1), (111, 12), (111, 3), (154, 8), (175, 2), (195, 1), (206, 11), (300, 0), (317, 6), (392, 8)
(6, 1), (37, 9), (69, 10), (169, 14), (196, 13), (199, 3), (244, 14), (366, 0), (416, 9)
(24, 5), (49, 3), (96, 13), (136, 13), (153, 7), (157, 7), (160, 1), (160, 10), (172, 8), (208, 11), (305, 9)
(48, 10), (52, 6), (105, 3), (105, 9), (117, 4), (176, 11), (181, 8), (187, 14), (221, 12), (319, 14)
(9, 14), (54, 1), (77, 1), (101, 8), (105, 12), (146, 3), (188, 2), (207, 8), (234, 6), (244, 0), (254, 11)
(7, 14), (48, 1), (75, 12), (104, 1), (161, 0), (174, 3), (180, 2), (231, 6), (267, 11), (310, 8), (312, 8)
(22, 9), (129, 3), (135, 9), (156, 0), (190, 7), (192, 4), (219, 13), (220, 4), (246, 12)
(5, 1), (67, 5), (166, 5), (168, 11), (248, 11), (308, 11), (325, 3), (376, 14), (478, 7), (560, 9)
(12, 14), (63, 1), (70, 1), (122, 12), (134, 2), (139, 8), (188, 0), (267, 6), (346, 8), (360, 3), (391, 11)
(0, 1), (49, 9), (62, 10), (147, 13), (156, 3), (165, 14), (190, 14), (278, 0), (387, 9)
(10, 2), (78, 11), (90, 14), (128, 9), (160, 13), (183, 7), (183, 11), (215, 8), (269, 3)
(16, 2), (67, 11), (126, 9), (173, 7), (199, 13), (289, 14), (319, 11), (346, 8), (384, 3)
(31, 10), (73, 6), (110, 3), (160, 4), (218, 11), (230, 8), (308, 12), (339, 14), (466, 14), (512, 9)
(39, 2), (107, 11), (124, 14), (148, 13), (153, 11), (154, 3), (179, 7), (180, 8), (222, 9)
(5, 9), (124, 9), (140, 4), (169, 12), (170, 0), (197, 13), (209, 4), (281, 7), (315, 3)
(34, 2), (51, 13), (85, 11), (92, 14), (98, 7), (123, 11), (151, 9), (157, 8), (245, 3)
(36, 2), (88, 11), (91, 11), (92, 7), (126, 8), (143, 9), (162, 14), (184, 3), (204, 13)
(10, 5), (26, 13), (120, 13), (123, 10), (143, 1), (165, 7), (171, 9), (181, 8), (211, 7), (217, 11), (257, 3)
(7, 12), (101, 5), (119, 13), (134, 3), (175, 5), (189, 1), (194, 13), (220, 3), (244, 5), (318, 1)
(32, 9), (109, 4), (156, 9), (167, 3), (170, 0), (203, 4), (233, 12), (301, 13), (384, 7)
(32, 2), (87, 11), (119, 8), (167, 3), (183, 7), (196, 9), (267, 13), (328, 14), (356, 11)
(47, 4), (84, 2), (184, 3), (197, 14), (224, 9), (244, 13), (287, 7), (316, 3), (414, 1), (509, 5)
(31, 9), (108, 9), (116, 13), (124, 0), (178, 4), (209, 7), (227, 12), (244, 3), (348, 4)
(47, 10), (92, 6), (124, 11), (129, 14), (130, 14), (134, 3), (154, 4), (202, 9), (236, 12), (249, 8)
(42, 4), (54, 9), (82, 2), (101, 14), (128, 1), (132, 3), (138, 7), (150, 13), (150, 5), (170, 3)
(48, 2), (100, 11), (157, 7), (191, 9), (192, 3), (193, 8), (195, 14), (226, 11), (241, 13)
(15, 11), (127, 9), (158, 12), (199, 3), (237, 13), (264, 6), (279, 12), (334, 7), (400, 9), (424, 10)
(26, 9), (177, 9), (177, 4), (186, 12), (191, 0), (195, 7), (213, 13), (228, 3), (327, 4)
(6, 4), (41, 2), (138, 3), (176, 14), (218, 9), (263, 3), (323, 13), (349, 7), (450, 5), (475, 1)
(27, 14), (94, 1), (123, 1), (157, 12), (195, 8), (212, 2), (301, 0), (347, 3), (359, 8), (405, 6), (453, 11)
(27, 1), (63, 9), (105, 10), (108, 0), (182, 3), (227, 9), (238, 14), (268, 13), (311, 14)
(39, 2), (104, 11), (107, 11), (110, 7), (120, 13), (144, 3), (147, 9), (147, 8), (235, 14)
(16, 5), (113, 13), (173, 7), (191, 10), (200, 3), (245, 1), (262, 11), (272, 7), (287, 13), (312, 8), (366, 9)
(45, 1), (81, 9), (127, 10), (197, 3), (244, 14), (273, 13), (317, 14), (443, 0), (566, 9)
(21, 3), (38, 2), (101, 11), (105, 8), (126, 11), (162, 13), (172, 9), (189, 7), (214, 14)
(40, 12), (58, 5), (93, 5), (126, 3), (129, 5), (141, 13), (153, 1), (214, 13), (264, 3), (378, 1)
(11, 1), (38, 9), (69, 10), (116, 9), (137, 14), (163, 3), (167, 13), (220, 14), (292, 0)
(12, 2), (75, 11), (94, 7), (134, 9), (174, 13), (256, 14), (282, 11), (317, 8), (353, 3)
(7, 4), (42, 2), (87, 3), (183, 14), (194, 3), (209, 9), (274, 7), (314, 13), (387, 1), (454, 5)
(44, 4), (80, 2), (122, 1), (138, 3), (143, 9), (151, 14), (190, 5), (227, 13), (237, 7), (286, 3)
(3, 10), (61, 6), (107, 4), (114, 3), (165, 11), (265, 8), (399, 12), (432, 14), (530, 14), (574, 9)
(27, 4), (68, 2), (108, 7), (130, 3), (134, 9), (150, 14), (157, 13), (181, 3), (215, 1), (269, 5)
(20, 11), (101, 10), (109, 9), (155, 13), (178, 6), (186, 9), (202, 12), (256, 7), (288, 3), (337, 12)
(46, 4), (82, 2), (104, 9), (147, 14), (177, 13), (184, 1), (190, 3), (228, 3), (254, 5), (289, 7)
(13, 1), (61, 9), (90, 10), (101, 14), (136, 0), (183, 3), (219, 14), (249, 13), (288, 9)
(6, 12), (86, 5), (106, 5), (149, 13), (154, 5), (160, 1), (182, 13), (299, 3), (345, 1), (452, 3)
(11, 12), (101, 5), (104, 1), (104, 5), (162, 13), (163, 1), (170, 5), (179, 3), (182, 13), (274, 3)
(13, 2), (63, 11), (77, 13), (108, 9), (127, 7), (155, 3), (157, 14), (178, 11), (197, 8)
(36, 5), (123, 13), (145, 10), (149, 13), (198, 7), (201, 7), (214, 1), (241, 8), (255, 3), (277, 11), (364, 9)
(5, 1), (55, 11), (67, 5), (70, 3), (124, 11), (136, 14), (168, 5), (170, 11), (196, 9), (237, 7)
(36, 1), (85, 9), (126, 10), (195, 3), (219, 13), (239, 14), (262, 14), (377, 0), (440, 9)
(29, 1), (52, 9), (61, 14), (102, 10), (153, 3), (157, 13), (208, 14), (220, 0), (332, 9)
(15, 10), (20, 6), (59, 4), (70, 3), (116, 11), (161, 12), (192, 14), (208, 9), (225, 14), (277, 8)
(41, 5), (103, 11), (121, 3), (129, 13), (164, 9), (168, 8), (203, 1), (267, 13), (314, 7), (351, 10), (408, 7)
(36, 14), (51, 1), (88, 1), (121, 8), (146, 12), (150, 11), (164, 0), (170, 2), (209, 6), (252, 8), (282, 3)
(36, 11), (147, 9), (166, 3), (186, 13), (189, 12), (197, 7), (221, 10), (230, 6), (275, 12), (322, 9)
(7, 1), (56, 9), (110, 10), (117, 3), (117, 0), (152, 14), (170, 14), (197, 13), (260, 9)
(38, 5), (60, 13), (125, 7), (151, 13), (167, 9), (183, 1), (208, 10), (222, 3), (234, 7), (246, 11), (330, 8)
(9, 1), (108, 5), (153, 9), (208, 5), (254, 11), (290, 3), (345, 14), (368, 11), (370, 11), (447, 7)
(31, 9), (119, 9), (153, 0), (153, 4), (165, 4), (171, 13), (194, 3), (196, 12), (249, 7)
(34, 1), (79, 3), (82, 9), (101, 14), (107, 10), (134, 13), (183, 14), (184, 0), (320, 9)
(17, 4), (55, 2), (64, 7), (65, 14), (114, 3), (135, 9), (155, 3), (168, 1), (226, 13), (238, 5)
(8, 5), (106, 13), (110, 13), (157, 7), (221, 10), (232, 11), (236, 1), (256, 8), (259, 3), (305, 9), (318, 7)
(20, 14), (54, 1), (77, 3), (99, 0), (103, 12), (108, 2), (117, 8), (152, 6), (157, 8), (184, 1), (193, 11)
(7, 1), (99, 5), (153, 11), (165, 14), (177, 3), (186, 11), (201, 5), (202, 9), (215, 11), (266, 7)
(47, 4), (82, 2), (109, 3), (112, 5), (133, 13), (139, 14), (181, 9), (186, 3), (211, 7), (325, 1)
(43, 1), (91, 3), (140, 5), (150, 11), (161, 11), (170, 14), (197, 11), (242, 5), (261, 9), (272, 7)
(17, 1), (103, 5), (117, 3), (132, 11), (141, 14), (163, 11), (186, 11), (203, 5), (240, 7), (337, 9)
(46, 12), (123, 1), (144, 13), (147, 5), (161, 1), (164, 3), (168, 5), (174, 3), (198, 5), (216, 13)
(32, 9), (120, 12), (135, 9), (136, 3), (153, 4), (169, 13), (191, 0), (249, 4), (259, 7)
(3, 4), (37, 2), (40, 14), (126, 1), (139, 5), (150, 3), (199, 9), (269, 3), (288, 13), (372, 7)
(10, 1), (29, 3), (59, 9), (81, 10), (85, 14), (142, 13), (188, 14), (310, 0), (447, 9)
(39, 1), (47, 12), (64, 3), (64, 3), (90, 1), (103, 5), (127, 13), (128, 5), (196, 5), (207, 13)
(1, 14), (28, 1), (54, 8), (85, 3), (87, 12), (109, 2), (109, 11), (113, 1), (117, 8), (122, 6), (210, 0)
(13, 1), (101, 5), (126, 11), (141, 3), (174, 14), (176, 9), (187, 11), (203, 5), (224, 11), (276, 7)
(37, 5), (87, 13), (146, 9), (167, 13), (207, 1), (218, 7), (256, 7), (280, 10), (303, 3), (348, 11), (386, 8)
(22, 12), (51, 1), (122, 5), (125, 5), (153, 3), (160, 13), (179, 5), (211, 3), (215, 13), (224, 1)
(49, 9), (172, 9), (172, 12), (217, 0), (249, 4), (251, 13), (291, 7), (327, 3), (441, 4)
(23, 9), (126, 3), (129, 9), (157, 0), (175, 13), (184, 4), (184, 7), (222, 12), (247, 4)
(48, 9), (117, 4), (196, 9), (241, 4), (245, 0), (294, 12), (400, 13), (425, 7), (459, 3)
(1, 5), (17, 13), (98, 1), (114, 8), (117, 13), (117, 3), (147, 10), (152, 11), (168, 7), (175, 9), (211, 7)
(7, 1), (73, 5), (98, 14), (147, 11), (172, 5), (173, 3), (197, 7), (232, 11), (260, 9), (271, 11)
(35, 1), (64, 9), (109, 10), (145, 9), (151, 0), (161, 3), (181, 14), (209, 14), (242, 13)
(33, 9), (135, 4), (173, 9), (196, 0), (197, 13), (202, 4), (232, 3), (245, 12), (280, 7)
(10, 4), (45, 2), (94, 14), (124, 9), (130, 3), (167, 13), (236, 3), (295, 7), (370, 1), (408, 5)
(3, 1), (75, 5), (102, 3), (154, 11), (155, 14), (156, 11), (174, 5), (205, 9), (257, 7), (293, 11)
(29, 2), (98, 11), (116, 3), (120, 8), (131, 14), (153, 11), (168, 7), (185, 9), (222, 13)
(23, 9), (164, 9), (175, 4), (219, 0), (221, 12), (289, 13), (360, 7), (395, 3), (484, 4)
(40, 5), (134, 13), (215, 1), (224, 13), (238, 7), (302, 10), (361, 7), (396, 3), (484, 8), (520, 11), (592, 9)
(11, 5), (50, 13), (112, 13), (138, 3), (147, 7), (160, 7), (164, 1), (172, 8), (183, 9), (186, 11), (188, 10)
(5, 2), (67, 11), (102, 7), (167, 9), (181, 8), (189, 13), (191, 3), (312, 11), (321, 14)
(1, 14), (54, 1), (105, 8), (110, 12), (126, 2), (181, 6), (188, 0), (196, 3), (295, 11), (329, 1), (340, 8)
(35, 5), (63, 13), (123, 10), (151, 8), (158, 7), (159, 1), (159, 9), (166, 13), (187, 11), (201, 7), (231, 3)
(47, 5), (74, 13), (151, 1), (160, 13), (210, 7), (289, 10), (351, 7), (391, 3), (497, 8), (533, 11), (631, 9)
(28, 10), (29, 6), (58, 4), (82, 3), (86, 8), (118, 11), (167, 12), (200, 14), (249, 14), (320, 9)
(15, 1), (40, 9), (48, 14), (72, 10), (109, 13), (125, 9), (151, 3), (156, 0), (166, 14)
(39, 5), (111, 13), (119, 8), (144, 13), (157, 11), (167, 1), (175, 7), (184, 3), (186, 10), (187, 7), (250, 9)
(42, 1), (72, 11), (103, 11), (118, 3), (131, 5), (167, 14), (231, 5), (264, 11), (268, 7), (324, 9)
(26, 1), (97, 5), (121, 11), (154, 9), (155, 14), (197, 5), (218, 3), (254, 7), (271, 11), (325, 11)
(46, 5), (132, 7), (149, 13), (156, 8), (182, 7), (183, 9), (184, 3), (194, 11), (196, 10), (207, 1), (220, 13)
(9, 11), (126, 9), (200, 6), (211, 12), (220, 13), (253, 7), (338, 10), (424, 9), (561, 3), (586, 12)
(7, 14), (60, 1), (97, 12), (139, 2), (171, 8), (191, 3), (213, 8), (241, 1), (270, 0), (284, 11), (332, 6)
(33, 5), (48, 13), (127, 13), (173, 7), (185, 10), (187, 1), (207, 7), (263, 3), (368, 8), (404, 11), (500, 9)
(17, 12), (93, 1), (101, 5), (162, 5), (163, 13), (184, 13), (232, 3), (236, 5), (249, 3), (260, 1)
(29, 5), (125, 13), (194, 7), (194, 11), (213, 13), (214, 10), (222, 8), (224, 1), (248, 3), (261, 7), (311, 9)
(37, 1), (92, 5), (193, 5), (223, 11), (355, 11), (420, 11), (435, 3), (472, 14), (556, 9), (572, 7)
(23, 10), (48, 9), (105, 6), (111, 14), (117, 14), (120, 4), (142, 3), (164, 8), (175, 11), (190, 12)
(35, 11), (103, 10), (122, 7), (132, 9), (152, 9), (175, 13), (180, 6), (191, 12), (192, 12), (295, 3)
(41, 4), (51, 14), (79, 2), (86, 13), (102, 3), (114, 9), (141, 3), (192, 7), (194, 1), (270, 5)
(19, 5), (66, 7), (95, 13), (102, 10), (129, 7), (131, 8), (139, 13), (167, 3), (168, 1), (169, 11), (186, 9)
(21, 1), (56, 9), (74, 3), (102, 10), (160, 14), (180, 14), (212, 13), (255, 0), (367, 9)
(24, 14), (70, 1), (101, 2), (111, 8), (121, 12), (153, 3), (160, 6), (195, 0), (259, 1), (266, 11), (309, 8)
(24, 2), (73, 11), (156, 13), (177, 9), (189, 14), (199, 7), (219, 11), (242, 8), (300, 3)
(46, 5), (94, 13), (103, 9), (105, 13), (121, 11), (126, 10), (136, 3), (151, 7), (157, 7), (187, 1), (224, 8)
(36, 1), (97, 5), (158, 7), (198, 5), (214, 9), (238, 14), (257, 11), (259, 11), (274, 3), (312, 11)
(29, 1), (58, 9), (66, 3), (81, 10), (196, 0), (197, 14), (229, 13), (232, 14), (297, 9)
(47, 14), (106, 1), (136, 8), (142, 3), (157, 12), (208, 2), (211, 8), (249, 11), (271, 0), (278, 1), (341, 6)
(39, 1), (54, 3), (64, 9), (101, 10), (154, 9), (165, 14), (195, 13), (241, 14), (334, 0)
(5, 11), (122, 9), (133, 12), (184, 13), (212, 7), (224, 6), (233, 10), (316, 9), (447, 12), (468, 3)
(33, 5), (95, 10), (105, 13), (150, 7), (169, 13), (174, 7), (180, 1), (183, 3), (286, 8), (324, 11), (385, 9)
(7, 1), (31, 9), (46, 10), (156, 3), (179, 14), (187, 14), (208, 13), (271, 0), (413, 9)
(26, 14), (34, 10), (75, 6), (99, 11), (108, 12), (110, 3), (136, 8), (140, 4), (194, 14), (264, 9)
(19, 2), (57, 7), (64, 11), (93, 13), (120, 9), (192, 3), (219, 14), (248, 11), (278, 8)
(17, 2), (59, 13), (79, 11), (97, 7), (109, 14), (134, 11), (186, 9), (198, 8), (234, 3)
(10, 10), (42, 6), (101, 4), (114, 14), (116, 3), (150, 9), (153, 11), (183, 12), (216, 14), (269, 8)
(36, 9), (138, 9), (139, 12), (162, 4), (169, 0), (169, 7), (186, 13), (186, 4), (202, 3)
(14, 1), (61, 9), (113, 3), (115, 10), (169, 14), (196, 13), (239, 14), (347, 0), (409, 9)
(22, 11), (141, 3), (155, 9), (158, 9), (170, 12), (179, 12), (208, 6), (217, 10), (242, 7), (247, 13)
(0, 10), (81, 6), (89, 14), (108, 14), (110, 4), (123, 3), (152, 8), (161, 9), (178, 11), (192, 12)
(43, 1), (68, 9), (114, 3), (126, 10), (159, 14), (161, 14), (188, 13), (288, 0), (401, 9)
(14, 12), (49, 1), (106, 5), (121, 13), (148, 3), (188, 13), (271, 1), (278, 5), (352, 5), (380, 3)
(9, 11), (42, 12), (107, 6), (113, 10), (117, 9), (128, 7), (128, 3), (133, 9), (136, 12), (233, 13)
(37, 12), (94, 3), (114, 1), (122, 13), (132, 1), (133, 5), (137, 5), (175, 5), (209, 13), (273, 3)
(30, 1), (64, 9), (96, 10), (119, 3), (127, 14), (133, 9), (193, 14), (221, 0), (224, 13)
(21, 2), (54, 13), (90, 11), (120, 3), (128, 7), (144, 14), (162, 11), (168, 8), (188, 9)
(16, 11), (113, 9), (141, 6), (168, 12), (181, 13), (224, 7), (229, 10), (315, 3), (342, 9), (388, 12)
(6, 10), (38, 6), (88, 3), (117, 4), (157, 11), (160, 14), (174, 14), (225, 9), (296, 8), (334, 12)
(14, 12), (101, 1), (106, 3), (109, 5), (113, 5), (115, 5), (135, 13), (177, 1), (206, 13), (298, 3)
(15, 11), (122, 12), (151, 9), (152, 12), (199, 7), (222, 13), (258, 6), (324, 10), (354, 9), (436, 3)
(7, 1), (85, 5), (160, 14), (181, 11), (187, 5), (195, 11), (201, 3), (248, 11), (262, 7), (320, 9)
(15, 9), (131, 9), (150, 0), (160, 4), (228, 12), (286, 13), (308, 3), (354, 7), (414, 4)
(9, 1), (49, 9), (62, 10), (107, 13), (157, 14), (168, 3), (188, 0), (200, 14), (315, 9)
(20, 1), (55, 14), (70, 9), (82, 10), (131, 3), (196, 9), (199, 13), (243, 14), (325, 0)
(47, 5), (82, 13), (105, 3), (126, 8), (162, 11), (164, 7), (192, 7), (193, 13), (194, 1), (226, 9), (235, 10)
(14, 4), (49, 2), (101, 14), (117, 3), (141, 9), (151, 3), (185, 7), (224, 13), (279, 5), (314, 1)
(22, 14), (74, 1), (103, 2), (135, 12), (137, 8), (167, 11), (199, 1), (228, 0), (298, 6), (311, 3), (373, 8)
(3, 14), (25, 1), (75, 12), (101, 2), (106, 6), (180, 3), (183, 8), (194, 0), (267, 11), (311, 8), (389, 1)
(43, 12), (106, 5), (123, 13), (124, 5), (138, 5), (150, 3), (165, 1), (173, 3), (202, 13), (263, 1)
(25, 12), (105, 13), (113, 1), (120, 5), (133, 3), (160, 1), (200, 13), (228, 3), (305, 5), (330, 5)
(40, 11), (169, 9), (171, 6), (174, 9), (197, 3), (201, 12), (216, 7), (269, 13), (276, 12), (312, 10)
(21, 5), (62, 11), (87, 13), (96, 8), (122, 3), (131, 1), (139, 13), (141, 9), (187, 7), (219, 7), (266, 10)
(33, 9), (98, 7), (145, 13), (147, 4), (157, 3), (171, 4), (187, 9), (213, 0), (219, 12)
(11, 14), (42, 1), (45, 3), (90, 12), (116, 8), (148, 11), (155, 2), (190, 8), (249, 1), (293, 0), (366, 6)
(24, 2), (50, 13), (77, 11), (89, 7), (164, 9), (182, 14), (211, 11), (254, 8), (336, 3)
(19, 12), (99, 5), (166, 13), (192, 13), (193, 1), (316, 3), (416, 1), (531, 5), (551, 3), (595, 5)
(30, 1), (77, 14), (85, 7), (126, 5), (149, 3), (174, 9), (183, 11), (225, 5), (271, 11), (310, 11)
(32, 1), (127, 5), (229, 5), (286, 11), (325, 14), (371, 3), (408, 11), (425, 7), (460, 11), (491, 9)
(17, 9), (66, 13), (83, 7), (134, 4), (152, 3), (153, 9), (154, 12), (167, 4), (170, 0)
(44, 11), (171, 9), (251, 13), (287, 6), (312, 12), (385, 7), (484, 10), (557, 12), (576, 3), (606, 9)
(18, 9), (153, 9), (161, 13), (196, 0), (237, 4), (242, 7), (277, 3), (288, 12), (350, 4)
(9, 12), (64, 13), (77, 1), (100, 5), (107, 5), (136, 1), (145, 5), (165, 13), (192, 3), (199, 3)
(17, 9), (138, 4), (150, 9), (157, 13), (181, 12), (183, 3), (185, 4), (187, 0), (249, 7)
(37, 1), (123, 5), (141, 14), (148, 9), (221, 5), (240, 7), (257, 11), (336, 11), (336, 3), (383, 11)
(18, 4), (56, 2), (87, 14), (124, 3), (151, 1), (167, 3), (186, 9), (205, 13), (228, 5), (260, 7)
(22, 1), (54, 9), (73, 10), (141, 9), (142, 3), (145, 0), (180, 14), (207, 13), (251, 14)
(46, 1), (90, 9), (114, 10), (115, 13), (130, 3), (163, 14), (196, 14), (265, 0), (399, 9)
(41, 14), (58, 1), (117, 6), (125, 12), (140, 0), (171, 1), (175, 2), (192, 8), (209, 8), (223, 3), (276, 11)
(3, 5), (52, 13), (152, 3), (191, 1), (198, 7), (199, 8), (212, 7), (237, 11), (245, 13), (266, 10), (342, 9)
(45, 5), (84, 13), (114, 13), (133, 1), (157, 7), (194, 7), (199, 10), (208, 3), (293, 8), (330, 11), (447, 9)
(16, 5), (55, 13), (119, 9), (158, 13), (185, 11), (187, 1), (196, 7), (203, 7), (230, 3), (231, 10), (330, 8)
(44, 5), (108, 13), (110, 8), (128, 3), (140, 13), (148, 11), (187, 7), (231, 10), (253, 9), (265, 1), (303, 7)
(23, 1), (113, 5), (213, 5), (237, 11), (344, 11), (345, 3), (379, 14), (391, 11), (441, 9), (479, 7)
(17, 5), (74, 13), (148, 7), (161, 1), (164, 3), (165, 10), (172, 13), (219, 7), (246, 8), (284, 11), (366, 9)
(37, 10), (43, 6), (84, 3), (106, 11), (163, 8), (185, 14), (190, 4), (201, 14), (253, 12), (277, 9)
(5, 14), (22, 1), (50, 12), (65, 8), (126, 11), (133, 1), (139, 8), (158, 3), (181, 2), (323, 0), (379, 6)
(1, 9), (76, 9), (94, 0), (110, 4), (157, 12), (200, 13), (232, 3), (292, 7), (309, 4)
(17, 14), (46, 1), (101, 12), (102, 2), (170, 0), (224, 6), (228, 3), (303, 8), (327, 1), (336, 11), (381, 8)
(16, 12), (113, 5), (131, 13), (135, 3), (177, 1), (182, 5), (196, 13), (211, 3), (260, 5), (312, 1)
(1, 14), (34, 1), (79, 12), (130, 2), (130, 0), (185, 6), (221, 8), (258, 8), (270, 3), (270, 11), (309, 1)
(29, 12), (108, 5), (153, 13), (167, 1), (206, 13), (290, 3), (407, 3), (424, 1), (486, 5), (581, 5)
(2, 9), (102, 9), (126, 12), (135, 0), (162, 4), (174, 4), (189, 7), (220, 13), (225, 3)
(3, 1), (44, 9), (63, 10), (163, 3), (184, 13), (186, 9), (221, 14), (237, 14), (328, 0)
(34, 9), (88, 3), (101, 7), (145, 9), (179, 0), (192, 4), (196, 4), (274, 12), (321, 13)
(19, 1), (100, 5), (108, 14), (173, 7), (183, 11), (202, 5), (222, 9), (324, 11), (346, 3), (370, 11)
(4, 4), (44, 2), (112, 3), (146, 14), (155, 3), (162, 7), (183, 9), (203, 1), (212, 13), (294, 5)
(16, 14), (71, 3), (77, 1), (98, 12), (164, 8), (174, 2), (174, 11), (180, 1), (192, 8), (201, 6), (256, 0)
(12, 5), (80, 7), (111, 13), (121, 3), (136, 10), (143, 7), (152, 8), (160, 1), (188, 11), (190, 13), (280, 9)
(28, 4), (65, 2), (83, 14), (132, 9), (138, 1), (143, 3), (168, 3), (184, 5), (215, 7), (217, 13)
(24, 2), (73, 11), (88, 11), (121, 13), (143, 9), (155, 3), (159, 8), (180, 7), (184, 14)
(42, 12), (141, 5), (144, 3), (148, 13), (157, 1), (163, 1), (221, 13), (271, 5), (284, 3), (322, 5)
(30, 11), (128, 9), (178, 12), (198, 6), (203, 13), (215, 12), (267, 7), (369, 10), (480, 9), (565, 3)
(9, 14), (11, 4), (38, 9), (52, 2), (114, 5), (115, 7), (117, 3), (120, 13), (199, 3), (220, 1)
(2, 1), (104, 5), (117, 11), (203, 5), (210, 11), (257, 11), (277, 3), (291, 14), (295, 7), (398, 9)
(10, 14), (44, 1), (111, 12), (123, 8), (124, 2), (127, 6), (165, 3), (167, 0), (171, 1), (191, 11), (203, 8)
(36, 14), (49, 1), (72, 12), (98, 2), (179, 6), (185, 8), (207, 0), (221, 3), (335, 11), (377, 8), (428, 1)
(26, 4), (64, 2), (129, 14), (158, 13), (164, 9), (169, 3), (206, 7), (222, 3), (297, 1), (360, 5)
(44, 10), (72, 6), (93, 4), (103, 9), (135, 3), (144, 8), (149, 11), (183, 14), (276, 12), (324, 14)
(21, 14), (83, 1), (88, 11), (110, 2), (110, 3), (136, 8), (141, 6), (142, 12), (197, 1), (217, 8), (251, 0)
(17, 14), (83, 1), (128, 12), (167, 11), (185, 3), (187, 6), (196, 0), (197, 2), (213, 8), (237, 8), (294, 1)
(48, 14), (66, 1), (111, 0), (117, 12), (119, 2), (130, 11), (133, 1), (137, 8), (170, 6), (245, 8), (268, 3)
(0, 2), (52, 11), (91, 9), (97, 3), (112, 7), (139, 8), (150, 13), (222, 14), (241, 11)
(49, 1), (84, 9), (134, 10), (143, 14), (152, 3), (181, 0), (188, 14), (191, 13), (335, 9)
(48, 11), (101, 12), (141, 9), (158, 10), (165, 6), (169, 9), (170, 7), (197, 13), (293, 3), (380, 12)
(29, 12), (110, 13), (119, 5), (122, 5), (157, 1), (217, 13), (268, 3), (408, 1), (510, 3), (568, 5)
(8, 5), (91, 13), (162, 13), (179, 9), (183, 1), (208, 7), (293, 10), (298, 7), (334, 3), (383, 11), (410, 8)
(30, 10), (100, 9), (108, 6), (117, 14), (141, 11), (149, 3), (159, 4), (262, 8), (380, 12), (412, 14)
(4, 10), (80, 6), (141, 9), (150, 4), (163, 3), (168, 14), (177, 11), (199, 8), (336, 14), (337, 12)
(38, 5), (126, 13), (165, 9), (166, 3), (230, 1), (237, 10), (250, 7), (255, 8), (291, 11), (293, 13), (343, 7)
(39, 10), (67, 6), (77, 11), (104, 4), (107, 14), (117, 12), (138, 3), (149, 14), (153, 9), (218, 8)
(21, 5), (56, 13), (119, 1), (121, 7), (181, 13), (184, 10), (262, 7), (290, 3), (375, 9), (378, 8), (415, 11)
(19, 2), (89, 11), (117, 7), (123, 9), (151, 14), (167, 3), (172, 11), (208, 13), (208, 8)
(19, 4), (55, 2), (77, 14), (114, 3), (139, 13), (152, 3), (192, 9), (208, 1), (210, 7), (278, 5)
(41, 4), (75, 2), (76, 9), (101, 14), (146, 3), (160, 1), (175, 13), (187, 3), (187, 5), (194, 7)
(1, 10), (8, 6), (54, 4), (65, 3), (110, 11), (178, 12), (209, 14), (278, 8), (354, 14), (424, 9)
(46, 12), (124, 5), (196, 13), (212, 1), (215, 3), (221, 13), (237, 1), (350, 3), (367, 5), (384, 5)
(36, 14), (60, 1), (100, 12), (119, 8), (155, 2), (158, 1), (185, 0), (281, 6), (358, 8), (392, 3), (503, 11)
(11, 14), (24, 1), (47, 12), (108, 2), (144, 3), (155, 6), (170, 8), (180, 0), (191, 1), (199, 8), (231, 11)
(14, 14), (25, 1), (52, 12), (171, 2), (258, 0), (344, 6), (420, 11), (421, 8), (443, 3), (465, 8), (501, 1)
(14, 1), (56, 9), (92, 5), (104, 11), (130, 3), (152, 11), (152, 7), (155, 14), (171, 11), (190, 5)
(43, 4), (79, 2), (105, 13), (133, 14), (139, 5), (169, 9), (178, 3), (195, 3), (276, 7), (368, 1)
(26, 11), (81, 7), (126, 9), (141, 12), (152, 9), (160, 6), (162, 10), (176, 3), (225, 12), (255, 13)
(45, 11), (59, 7), (104, 12), (141, 9), (148, 12), (159, 3), (162, 9), (172, 10), (197, 6), (218, 13)
(16, 10), (97, 6), (115, 4), (122, 14), (145, 3), (148, 14), (173, 11), (195, 9), (301, 8), (457, 12)
(32, 2), (81, 3), (103, 11), (133, 7), (135, 8), (146, 9), (256, 13), (314, 11), (385, 14)
(40, 11), (47, 12), (111, 3), (131, 7), (150, 9), (163, 12), (170, 10), (260, 13), (284, 6), (297, 9)
(19, 1), (96, 5), (198, 5), (234, 3), (243, 11), (292, 14), (338, 11), (361, 11), (391, 7), (481, 9)
(17, 10), (69, 6), (142, 3), (176, 11), (195, 4), (196, 9), (327, 8), (407, 12), (440, 14), (491, 14)
(3, 2), (54, 11), (88, 9), (130, 8), (148, 7), (172, 11), (177, 14), (198, 13), (217, 3)
(15, 4), (54, 2), (124, 9), (149, 14), (165, 3), (170, 13), (243, 3), (344, 7), (446, 1), (458, 5)
(26, 10), (75, 6), (123, 3), (133, 12), (153, 8), (158, 9), (166, 14), (182, 14), (190, 4), (246, 11)
(17, 1), (107, 5), (113, 11), (117, 9), (126, 7), (208, 5), (274, 11), (335, 11), (349, 3), (371, 14)
(9, 12), (93, 5), (138, 13), (148, 1), (163, 13), (279, 3), (293, 1), (427, 3), (470, 5), (531, 5)
(14, 12), (101, 5), (104, 3), (149, 13), (159, 1), (178, 3), (186, 13), (206, 5), (227, 1), (238, 5)
(40, 9), (154, 13), (172, 4), (182, 9), (217, 0), (229, 7), (250, 12), (264, 3), (327, 4)
(44, 9), (140, 12), (158, 9), (186, 4), (214, 0), (243, 13), (337, 7), (373, 3), (439, 4)
(43, 1), (104, 5), (142, 14), (160, 7), (198, 11), (201, 9), (205, 5), (217, 3), (220, 11), (316, 11)
(8, 12), (74, 13), (89, 5), (92, 1), (136, 3), (156, 5), (169, 13), (172, 1), (175, 5), (176, 3)
(15, 9), (106, 9), (146, 0), (152, 7), (188, 3), (190, 4), (190, 4), (265, 12), (307, 13)
(19, 11), (94, 7), (108, 10), (127, 9), (128, 6), (140, 9), (157, 3), (159, 12), (181, 13), (255, 12)
(48, 10), (122, 6), (149, 11), (157, 3), (193, 4), (299, 8), (304, 14), (342, 14), (349, 9), (408, 12)
(19, 1), (85, 14), (100, 5), (117, 9), (153, 11), (172, 3), (176, 11), (186, 7), (201, 5), (278, 11)
(33, 11), (169, 9), (200, 7), (221, 12), (265, 13), (304, 6), (333, 10), (415, 9), (452, 3), (494, 12)
(1, 10), (29, 6), (83, 3), (103, 8), (120, 14), (124, 4), (131, 9), (185, 11), (215, 12), (227, 14)
(1, 14), (49, 1), (71, 12), (88, 2), (147, 11), (175, 0), (179, 8), (195, 8), (215, 3), (237, 1), (242, 6)
(17, 9), (151, 9), (166, 4), (186, 0), (212, 12), (250, 13), (323, 7), (359, 3), (458, 4)
(26, 12), (121, 5), (162, 13), (187, 3), (188, 1), (189, 13), (192, 5), (218, 5), (265, 3), (308, 1)
(30, 5), (56, 13), (97, 8), (107, 9), (116, 3), (136, 13), (141, 1), (143, 10), (182, 7), (192, 11), (232, 7)
(14, 14), (22, 1), (50, 1), (97, 12), (99, 11), (110, 3), (114, 8), (124, 2), (200, 0), (271, 8), (285, 6)
(42, 12), (94, 13), (101, 1), (131, 5), (191, 13), (205, 3), (366, 1), (475, 3), (554, 5), (585, 5)
(20, 3), (23, 1), (52, 9), (87, 10), (149, 14), (198, 14), (226, 13), (230, 0), (378, 9)
(26, 14), (89, 1), (103, 8), (129, 12), (134, 11), (164, 1), (193, 2), (231, 3), (254, 6), (302, 0), (328, 8)
(48, 14), (108, 1), (138, 2), (147, 1), (151, 0), (156, 12), (183, 8), (259, 6), (333, 8), (368, 3), (424, 11)
