4, 24, 15, 18, 1, 19, 5, 2, 19, 9, 18
9, 13, 21, 13, 21, 21, 16, 1, 12, 10
3, 20, 3, 18, 17, 10, 20, 17, 22, 17, 6
3, 20, 18, 3, 17, 10, 20, 17, 22, 17, 6
18, 23, 11, 4, 9, 4, 11, 14, 11, 10, 6, 19
12, 10, 22, 12, 13, 18, 19, 16, 17, 17, 3, 21
3, 3, 20, 18, 17, 10, 20, 17, 22, 17, 6
20, 2, 18, 16, 6, 6, 12, 6, 19, 20, 1, 11
1, 13, 5, 6, 5, 8, 17, 5, 10, 18, 20, 3, 18
12, 22, 12, 10, 13, 18, 19, 16, 17, 17, 3, 21
4, 24, 4, 22, 0, 15, 19, 3, 10, 23
17, 8, 14, 15, 13, 9, 11, 12, 5, 6, 10
23, 9, 14, 21, 6, 13, 19, 3, 7, 14
23, 9, 13, 14, 21, 6, 19, 3, 7, 14
23, 2, 4, 14, 24, 12, 23, 18, 17, 20, 9, 0
4, 4, 24, 22, 15, 0, 19, 3, 10, 23
23, 14, 2, 24, 4, 12, 23, 18, 17, 20, 9, 0
20, 18, 16, 2, 6, 6, 12, 6, 19, 20, 1, 11
23, 9, 14, 21, 13, 6, 19, 3, 7, 14
17, 0, 1, 14, 1, 18, 17, 2, 24, 17, 21, 4
9, 13, 21, 13, 21, 21, 16, 1, 12, 10
23, 9, 13, 14, 21, 6, 19, 3, 7, 14
4, 24, 15, 4, 22, 0, 19, 3, 10, 23
4, 24, 4, 22, 15, 0, 19, 3, 10, 23
12, 22, 12, 10, 13, 18, 19, 16, 17, 17, 3, 21
1, 13, 5, 6, 5, 8, 17, 5, 10, 18, 20, 3, 18
23, 9, 13, 14, 21, 6, 19, 3, 7, 14
12, 22, 12, 10, 13, 18, 19, 16, 17, 17, 3, 21
1, 5, 5, 13, 6, 8, 17, 5, 10, 18, 20, 3, 18
17, 14, 17, 0, 1, 1, 18, 2, 24, 17, 21, 4
23, 9, 13, 14, 21, 6, 19, 3, 7, 14
4, 18, 24, 15, 1, 19, 5, 2, 19, 9, 18
23, 2, 4, 14, 24, 12, 23, 18, 17, 20, 9, 0
4, 24, 18, 15, 1, 19, 5, 2, 19, 9, 18
4, 24, 15, 18, 1, 19, 5, 2, 19, 9, 18
23, 9, 14, 21, 13, 6, 19, 3, 7, 14
17, 8, 15, 13, 14, 9, 11, 12, 5, 6, 10
1, 5, 5, 13, 6, 8, 17, 5, 10, 18, 20, 3, 18
23, 9, 14, 21, 13, 6, 19, 3, 7, 14
9, 13, 21, 13, 21, 21, 16, 1, 12, 10
1, 13, 5, 6, 8, 5, 17, 5, 10, 18, 20, 3, 18
9, 13, 21, 13, 21, 21, 16, 1, 12, 10
9, 13, 13, 21, 21, 21, 16, 1, 12, 10
3, 3, 20, 18, 17, 10, 20, 17, 22, 17, 6
18, 23, 11, 4, 9, 4, 11, 14, 11, 10, 6, 19
23, 14, 2, 24, 4, 12, 23, 18, 17, 20, 9, 0
23, 14, 2, 24, 4, 12, 23, 18, 17, 20, 9, 0
23, 9, 13, 14, 21, 6, 19, 3, 7, 14
18, 23, 4, 9, 11, 4, 11, 14, 11, 10, 6, 19
18, 23, 11, 4, 9, 4, 11, 14, 11, 10, 6, 19
17, 8, 14, 15, 13, 9, 11, 12, 5, 6, 10
23, 14, 24, 2, 4, 12, 23, 18, 17, 20, 9, 0
20, 18, 16, 2, 6, 6, 12, 6, 19, 20, 1, 11
23, 14, 24, 2, 4, 12, 23, 18, 17, 20, 9, 0
9, 13, 13, 21, 21, 21, 16, 1, 12, 10
17, 8, 14, 15, 13, 9, 11, 12, 5, 6, 10
20, 2, 6, 18, 16, 6, 12, 6, 19, 20, 1, 11
18, 23, 4, 9, 11, 4, 11, 14, 11, 10, 6, 19
18, 23, 11, 4, 9, 4, 11, 14, 11, 10, 6, 19
9, 13, 13, 21, 21, 21, 16, 1, 12, 10
12, 22, 10, 13, 12, 18, 19, 16, 17, 17, 3, 21
20, 2, 6, 18, 16, 6, 12, 6, 19, 20, 1, 11
17, 14, 0, 1, 1, 17, 18, 2, 24, 17, 21, 4
3, 3, 20, 17, 18, 10, 20, 17, 22, 17, 6
4, 4, 24, 22, 15, 0, 19, 3, 10, 23
17, 0, 14, 1, 1, 17, 18, 2, 24, 17, 21, 4
20, 2, 18, 6, 16, 6, 12, 6, 19, 20, 1, 11
1, 5, 5, 13, 6, 8, 17, 5, 10, 18, 20, 3, 18
9, 13, 13, 21, 21, 21, 16, 1, 12, 10
17, 8, 14, 15, 13, 9, 11, 12, 5, 6, 10
12, 22, 10, 12, 13, 18, 19, 16, 17, 17, 3, 21
4, 18, 24, 1, 15, 19, 5, 2, 19, 9, 18
1, 13, 5, 6, 8, 5, 17, 5, 10, 18, 20, 3, 18
23, 9, 14, 21, 13, 6, 19, 3, 7, 14
9, 13, 21, 13, 21, 21, 16, 1, 12, 10
17, 14, 17, 0, 1, 1, 18, 2, 24, 17, 21, 4
4, 18, 24, 15, 1, 19, 5, 2, 19, 9, 18
1, 13, 5, 6, 8, 5, 17, 5, 10, 18, 20, 3, 18
12, 22, 12, 10, 13, 18, 19, 16, 17, 17, 3, 21
3, 3, 20, 17, 10, 18, 20, 17, 22, 17, 6
4, 24, 15, 4, 22, 0, 19, 3, 10, 23
3, 20, 18, 3, 17, 10, 20, 17, 22, 17, 6
23, 14, 2, 4, 24, 12, 23, 18, 17, 20, 9, 0
4, 24, 15, 4, 22, 0, 19, 3, 10, 23
17, 14, 17, 0, 1, 1, 18, 2, 24, 17, 21, 4
18, 23, 11, 4, 9, 4, 11, 14, 11, 10, 6, 19
23, 9, 13, 14, 21, 6, 19, 3, 7, 14
3, 20, 18, 3, 17, 10, 20, 17, 22, 17, 6
18, 23, 11, 4, 9, 4, 11, 14, 11, 10, 6, 19
17, 0, 14, 1, 1, 17, 18, 2, 24, 17, 21, 4
23, 2, 4, 14, 24, 12, 23, 18, 17, 20, 9, 0
23, 2, 4, 14, 24, 12, 23, 18, 17, 20, 9, 0
9, 13, 21, 13, 21, 21, 16, 1, 12, 10
23, 2, 14, 4, 24, 12, 23, 18, 17, 20, 9, 0
17, 14, 17, 0, 1, 1, 18, 2, 24, 17, 21, 4
23, 9, 13, 14, 21, 6, 19, 3, 7, 14
4, 4, 24, 22, 0, 15, 19, 3, 10, 23
1, 13, 5, 6, 8, 5, 17, 5, 10, 18, 20, 3, 18
17, 0, 14, 1, 1, 17, 18, 2, 24, 17, 21, 4
20, 18, 16, 2, 6, 6, 12, 6, 19, 20, 1, 11
18, 23, 11, 4, 9, 4, 11, 14, 11, 10, 6, 19
4, 24, 15, 18, 1, 19, 5, 2, 19, 9, 18
20, 18, 16, 2, 6, 6, 12, 6, 19, 20, 1, 11
1, 13, 5, 6, 8, 5, 17, 5, 10, 18, 20, 3, 18
12, 22, 12, 10, 13, 18, 19, 16, 17, 17, 3, 21
17, 8, 15, 14, 13, 9, 11, 12, 5, 6, 10
17, 0, 14, 1, 1, 17, 18, 2, 24, 17, 21, 4
3, 20, 3, 18, 17, 10, 20, 17, 22, 17, 6
4, 24, 15, 4, 22, 0, 19, 3, 10, 23
1, 5, 5, 13, 6, 8, 17, 5, 10, 18, 20, 3, 18
18, 23, 11, 4, 9, 4, 11, 14, 11, 10, 6, 19
9, 13, 13, 21, 21, 21, 16, 1, 12, 10
4, 4, 24, 22, 15, 0, 19, 3, 10, 23
23, 9, 14, 21, 13, 6, 19, 3, 7, 14
12, 22, 12, 10, 13, 18, 19, 16, 17, 17, 3, 21
17, 0, 1, 14, 1, 17, 18, 2, 24, 17, 21, 4
1, 13, 5, 6, 8, 5, 17, 5, 10, 18, 20, 3, 18
1, 13, 5, 6, 8, 5, 17, 5, 10, 18, 20, 3, 18
17, 8, 14, 15, 13, 9, 11, 12, 5, 6, 10
9, 13, 21, 13, 21, 21, 16, 1, 12, 10
12, 22, 12, 10, 13, 18, 19, 16, 17, 17, 3, 21
23, 14, 2, 24, 4, 12, 23, 18, 17, 20, 9, 0
17, 0, 14, 1, 1, 17, 18, 2, 24, 17, 21, 4
17, 0, 14, 1, 1, 17, 18, 2, 24, 17, 21, 4
4, 24, 4, 15, 22, 0, 19, 3, 10, 23
23, 9, 13, 14, 21, 6, 19, 3, 7, 14
12, 22, 12, 10, 13, 18, 19, 16, 17, 17, 3, 21
17, 8, 14, 15, 13, 9, 11, 12, 5, 6, 10
17, 14, 17, 0, 1, 1, 18, 2, 24, 17, 21, 4
20, 2, 6, 18, 16, 6, 12, 6, 19, 20, 1, 11
23, 14, 2, 24, 4, 12, 23, 18, 17, 20, 9, 0
3, 20, 3, 17, 18, 10, 20, 17, 22, 17, 6
23, 9, 13, 14, 21, 6, 19, 3, 7, 14
9, 13, 21, 13, 21, 21, 16, 1, 12, 10
23, 9, 14, 21, 6, 13, 19, 3, 7, 14
1, 5, 5, 13, 6, 8, 17, 5, 10, 18, 20, 3, 18
3, 20, 18, 3, 17, 10, 20, 17, 22, 17, 6
3, 3, 20, 18, 17, 10, 20, 17, 22, 17, 6
23, 9, 13, 14, 21, 6, 19, 3, 7, 14
4, 24, 15, 4, 22, 0, 19, 3, 10, 23
3, 3, 20, 17, 18, 10, 20, 17, 22, 17, 6
23, 2, 4, 14, 24, 12, 23, 18, 17, 20, 9, 0
23, 14, 2, 24, 4, 12, 23, 18, 17, 20, 9, 0
4, 24, 15, 18, 1, 19, 5, 2, 19, 9, 18
17, 14, 17, 0, 1, 1, 18, 2, 24, 17, 21, 4
23, 14, 2, 24, 4, 12, 23, 18, 17, 20, 9, 0
23, 14, 2, 24, 4, 12, 23, 18, 17, 20, 9, 0
18, 23, 11, 4, 9, 4, 11, 14, 11, 10, 6, 19
18, 23, 4, 9, 11, 4, 11, 14, 11, 10, 6, 19
4, 24, 18, 15, 1, 19, 5, 2, 19, 9, 18
18, 4, 23, 9, 11, 4, 11, 14, 11, 10, 6, 19
1, 5, 5, 13, 6, 8, 17, 5, 10, 18, 20, 3, 18
23, 9, 14, 21, 13, 6, 19, 3, 7, 14
12, 22, 10, 12, 13, 18, 19, 16, 17, 17, 3, 21
3, 3, 20, 18, 17, 10, 20, 17, 22, 17, 6
23, 9, 13, 14, 21, 6, 19, 3, 7, 14
3, 3, 20, 17, 18, 10, 20, 17, 22, 17, 6
17, 14, 17, 0, 1, 1, 18, 2, 24, 17, 21, 4
23, 2, 4, 14, 24, 12, 23, 18, 17, 20, 9, 0
17, 14, 17, 0, 1, 1, 18, 2, 24, 17, 21, 4
20, 18, 16, 2, 6, 6, 12, 6, 19, 20, 1, 11
17, 8, 14, 15, 13, 9, 11, 12, 5, 6, 10
23, 2, 4, 14, 24, 12, 23, 18, 17, 20, 9, 0
20, 2, 18, 16, 6, 6, 12, 6, 19, 20, 1, 11
20, 18, 16, 2, 6, 6, 12, 6, 19, 20, 1, 11
17, 0, 14, 1, 1, 17, 18, 2, 24, 17, 21, 4
1, 13, 5, 6, 8, 5, 17, 5, 10, 18, 20, 3, 18
17, 8, 15, 14, 13, 9, 11, 12, 5, 6, 10
20, 18, 16, 2, 6, 6, 12, 6, 19, 20, 1, 11
23, 14, 2, 24, 4, 12, 23, 18, 17, 20, 9, 0
17, 8, 14, 15, 13, 9, 11, 12, 5, 6, 10
9, 13, 21, 13, 21, 21, 16, 1, 12, 10
23, 14, 24, 2, 4, 12, 23, 18, 17, 20, 9, 0
4, 24, 4, 22, 15, 0, 19, 3, 10, 23
1, 13, 5, 6, 5, 8, 17, 5, 10, 18, 20, 3, 18
23, 9, 14, 21, 6, 13, 19, 3, 7, 14
4, 24, 18, 15, 1, 19, 5, 2, 19, 9, 18
18, 23, 4, 9, 11, 4, 11, 14, 11, 10, 6, 19
23, 2, 4, 14, 24, 12, 23, 18, 17, 20, 9, 0
23, 9, 14, 21, 6, 13, 19, 3, 7, 14
18, 23, 4, 9, 11, 4, 11, 14, 11, 10, 6, 19
23, 9, 13, 14, 21, 6, 19, 3, 7, 14
4, 4, 24, 22, 15, 0, 19, 3, 10, 23
1, 5, 5, 13, 6, 8, 17, 5, 10, 18, 20, 3, 18
20, 18, 2, 16, 6, 6, 12, 6, 19, 20, 1, 11
12, 22, 12, 10, 13, 18, 19, 16, 17, 17, 3, 21
23, 2, 4, 14, 24, 12, 23, 18, 17, 20, 9, 0
3, 3, 20, 17, 18, 10, 20, 17, 22, 17, 6
9, 13, 21, 13, 21, 21, 16, 1, 12, 10
17, 8, 14, 15, 13, 9, 11, 12, 5, 6, 10
4, 18, 24, 15, 1, 19, 5, 2, 19, 9, 18
23, 2, 4, 14, 24, 12, 23, 18, 17, 20, 9, 0
9, 13, 21, 13, 21, 21, 16, 1, 12, 10
4, 4, 24, 22, 15, 0, 19, 3, 10, 23
18, 4, 23, 9, 11, 4, 11, 14, 11, 10, 6, 19
23, 2, 4, 14, 24, 12, 23, 18, 17, 20, 9, 0
17, 14, 17, 0, 1, 1, 18, 2, 24, 17, 21, 4
4, 24, 15, 4, 22, 0, 19, 3, 10, 23
17, 8, 14, 15, 13, 9, 11, 12, 5, 6, 10
4, 24, 4, 22, 15, 0, 19, 3, 10, 23
