23, 9, 13, 14, 21, 6, 19, 3, 7, 14
12, 22, 12, 10, 13, 18, 19, 16, 17, 17, 3, 21
4, 24, 15, 18, 1, 19, 5, 2, 19, 9, 18
4, 24, 15, 18, 1, 19, 5, 2, 19, 9, 18
18, 23, 11, 4, 9, 4, 11, 14, 11, 10, 6, 19
23, 2, 4, 14, 24, 12, 23, 18, 17, 20, 9, 0
23, 2, 4, 14, 24, 12, 23, 18, 17, 20, 9, 0
23, 9, 13, 14, 21, 6, 19, 3, 7, 14
23, 2, 4, 14, 24, 12, 23, 18, 17, 20, 9, 0
1, 5, 5, 13, 6, 8, 17, 5, 10, 18, 20, 3, 18
23, 9, 13, 14, 21, 6, 19, 3, 7, 14
20, 18, 16, 2, 6, 6, 12, 6, 19, 20, 1, 11
23, 9, 13, 14, 21, 6, 19, 3, 7, 14
23, 2, 4, 14, 24, 12, 23, 18, 17, 20, 9, 0
23, 2, 4, 14, 24, 12, 23, 18, 17, 20, 9, 0
18, 23, 11, 4, 9, 4, 11, 14, 11, 10, 6, 19
4, 24, 15, 18, 1, 19, 5, 2, 19, 9, 18
12, 22, 12, 10, 13, 18, 19, 16, 17, 17, 3, 21
23, 9, 13, 14, 21, 6, 19, 3, 7, 14
4, 24, 15, 4, 22, 0, 19, 3, 10, 23
4, 24, 15, 4, 22, 0, 19, 3, 10, 23
20, 18, 16, 2, 6, 6, 12, 6, 19, 20, 1, 11
12, 22, 12, 10, 13, 18, 19, 16, 17, 17, 3, 21
17, 14, 17, 0, 1, 1, 18, 2, 24, 17, 21, 4
9, 13, 21, 13, 21, 21, 16, 1, 12, 10
4, 24, 15, 4, 22, 0, 19, 3, 10, 23
3, 20, 18, 3, 17, 10, 20, 17, 22, 17, 6
23, 9, 13, 14, 21, 6, 19, 3, 7, 14
23, 2, 4, 14, 24, 12, 23, 18, 17, 20, 9, 0
9, 13, 21, 13, 21, 21, 16, 1, 12, 10
9, 13, 21, 13, 21, 21, 16, 1, 12, 10
1, 5, 5, 13, 6, 8, 17, 5, 10, 18, 20, 3, 18
17, 14, 17, 0, 1, 1, 18, 2, 24, 17, 21, 4
12, 22, 12, 10, 13, 18, 19, 16, 17, 17, 3, 21
9, 13, 21, 13, 21, 21, 16, 1, 12, 10
23, 2, 4, 14, 24, 12, 23, 18, 17, 20, 9, 0
9, 13, 21, 13, 21, 21, 16, 1, 12, 10
3, 20, 18, 3, 17, 10, 20, 17, 22, 17, 6
18, 23, 11, 4, 9, 4, 11, 14, 11, 10, 6, 19
4, 24, 15, 4, 22, 0, 19, 3, 10, 23
9, 13, 21, 13, 21, 21, 16, 1, 12, 10
12, 22, 12, 10, 13, 18, 19, 16, 17, 17, 3, 21
17, 8, 14, 15, 13, 9, 11, 12, 5, 6, 10
17, 8, 14, 15, 13, 9, 11, 12, 5, 6, 10
12, 22, 12, 10, 13, 18, 19, 16, 17, 17, 3, 21
4, 24, 15, 4, 22, 0, 19, 3, 10, 23
4, 24, 15, 4, 22, 0, 19, 3, 10, 23
1, 5, 5, 13, 6, 8, 17, 5, 10, 18, 20, 3, 18
23, 9, 13, 14, 21, 6, 19, 3, 7, 14
17, 8, 14, 15, 13, 9, 11, 12, 5, 6, 10
4, 24, 15, 4, 22, 0, 19, 3, 10, 23
23, 9, 13, 14, 21, 6, 19, 3, 7, 14
23, 2, 4, 14, 24, 12, 23, 18, 17, 20, 9, 0
3, 20, 18, 3, 17, 10, 20, 17, 22, 17, 6
23, 2, 4, 14, 24, 12, 23, 18, 17, 20, 9, 0
18, 23, 11, 4, 9, 4, 11, 14, 11, 10, 6, 19
23, 9, 13, 14, 21, 6, 19, 3, 7, 14
20, 18, 16, 2, 6, 6, 12, 6, 19, 20, 1, 11
20, 18, 16, 2, 6, 6, 12, 6, 19, 20, 1, 11
17, 14, 17, 0, 1, 1, 18, 2, 24, 17, 21, 4
20, 18, 16, 2, 6, 6, 12, 6, 19, 20, 1, 11
3, 20, 18, 3, 17, 10, 20, 17, 22, 17, 6
3, 20, 18, 3, 17, 10, 20, 17, 22, 17, 6
23, 9, 13, 14, 21, 6, 19, 3, 7, 14
4, 24, 15, 4, 22, 0, 19, 3, 10, 23
23, 2, 4, 14, 24, 12, 23, 18, 17, 20, 9, 0
18, 23, 11, 4, 9, 4, 11, 14, 11, 10, 6, 19
23, 2, 4, 14, 24, 12, 23, 18, 17, 20, 9, 0
17, 8, 14, 15, 13, 9, 11, 12, 5, 6, 10
23, 9, 13, 14, 21, 6, 19, 3, 7, 14
23, 9, 13, 14, 21, 6, 19, 3, 7, 14
23, 2, 4, 14, 24, 12, 23, 18, 17, 20, 9, 0
23, 2, 4, 14, 24, 12, 23, 18, 17, 20, 9, 0
4, 24, 15, 4, 22, 0, 19, 3, 10, 23
23, 2, 4, 14, 24, 12, 23, 18, 17, 20, 9, 0
17, 14, 17, 0, 1, 1, 18, 2, 24, 17, 21, 4
23, 9, 13, 14, 21, 6, 19, 3, 7, 14
4, 24, 15, 4, 22, 0, 19, 3, 10, 23
23, 2, 4, 14, 24, 12, 23, 18, 17, 20, 9, 0
4, 24, 15, 4, 22, 0, 19, 3, 10, 23
4, 24, 15, 4, 22, 0, 19, 3, 10, 23
3, 20, 18, 3, 17, 10, 20, 17, 22, 17, 6
20, 18, 16, 2, 6, 6, 12, 6, 19, 20, 1, 11
18, 23, 11, 4, 9, 4, 11, 14, 11, 10, 6, 19
17, 8, 14, 15, 13, 9, 11, 12, 5, 6, 10
17, 14, 17, 0, 1, 1, 18, 2, 24, 17, 21, 4
12, 22, 12, 10, 13, 18, 19, 16, 17, 17, 3, 21
23, 9, 13, 14, 21, 6, 19, 3, 7, 14
3, 20, 18, 3, 17, 10, 20, 17, 22, 17, 6
3, 20, 18, 3, 17, 10, 20, 17, 22, 17, 6
12, 22, 12, 10, 13, 18, 19, 16, 17, 17, 3, 21
4, 24, 15, 4, 22, 0, 19, 3, 10, 23
9, 13, 21, 13, 21, 21, 16, 1, 12, 10
3, 20, 18, 3, 17, 10, 20, 17, 22, 17, 6
4, 24, 15, 4, 22, 0, 19, 3, 10, 23
23, 2, 4, 14, 24, 12, 23, 18, 17, 20, 9, 0
20, 18, 16, 2, 6, 6, 12, 6, 19, 20, 1, 11
23, 2, 4, 14, 24, 12, 23, 18, 17, 20, 9, 0
20, 18, 16, 2, 6, 6, 12, 6, 19, 20, 1, 11
12, 22, 12, 10, 13, 18, 19, 16, 17, 17, 3, 21
17, 14, 17, 0, 1, 1, 18, 2, 24, 17, 21, 4
1, 5, 5, 13, 6, 8, 17, 5, 10, 18, 20, 3, 18
12, 22, 12, 10, 13, 18, 19, 16, 17, 17, 3, 21
17, 14, 17, 0, 1, 1, 18, 2, 24, 17, 21, 4
3, 20, 18, 3, 17, 10, 20, 17, 22, 17, 6
12, 22, 12, 10, 13, 18, 19, 16, 17, 17, 3, 21
4, 24, 15, 18, 1, 19, 5, 2, 19, 9, 18
1, 5, 5, 13, 6, 8, 17, 5, 10, 18, 20, 3, 18
20, 18, 16, 2, 6, 6, 12, 6, 19, 20, 1, 11
4, 24, 15, 18, 1, 19, 5, 2, 19, 9, 18
12, 22, 12, 10, 13, 18, 19, 16, 17, 17, 3, 21
1, 5, 5, 13, 6, 8, 17, 5, 10, 18, 20, 3, 18
4, 24, 15, 18, 1, 19, 5, 2, 19, 9, 18
9, 13, 21, 13, 21, 21, 16, 1, 12, 10
18, 23, 11, 4, 9, 4, 11, 14, 11, 10, 6, 19
17, 8, 14, 15, 13, 9, 11, 12, 5, 6, 10
20, 18, 16, 2, 6, 6, 12, 6, 19, 20, 1, 11
3, 20, 18, 3, 17, 10, 20, 17, 22, 17, 6
23, 2, 4, 14, 24, 12, 23, 18, 17, 20, 9, 0
4, 24, 15, 4, 22, 0, 19, 3, 10, 23
17, 14, 17, 0, 1, 1, 18, 2, 24, 17, 21, 4
12, 22, 12, 10, 13, 18, 19, 16, 17, 17, 3, 21
23, 9, 13, 14, 21, 6, 19, 3, 7, 14
20, 18, 16, 2, 6, 6, 12, 6, 19, 20, 1, 11
3, 20, 18, 3, 17, 10, 20, 17, 22, 17, 6
20, 18, 16, 2, 6, 6, 12, 6, 19, 20, 1, 11
17, 14, 17, 0, 1, 1, 18, 2, 24, 17, 21, 4
9, 13, 21, 13, 21, 21, 16, 1, 12, 10
17, 8, 14, 15, 13, 9, 11, 12, 5, 6, 10
9, 13, 21, 13, 21, 21, 16, 1, 12, 10
4, 24, 15, 4, 22, 0, 19, 3, 10, 23
4, 24, 15, 18, 1, 19, 5, 2, 19, 9, 18
3, 20, 18, 3, 17, 10, 20, 17, 22, 17, 6
3, 20, 18, 3, 17, 10, 20, 17, 22, 17, 6
18, 23, 11, 4, 9, 4, 11, 14, 11, 10, 6, 19
1, 5, 5, 13, 6, 8, 17, 5, 10, 18, 20, 3, 18
17, 14, 17, 0, 1, 1, 18, 2, 24, 17, 21, 4
4, 24, 15, 4, 22, 0, 19, 3, 10, 23
4, 24, 15, 4, 22, 0, 19, 3, 10, 23
1, 5, 5, 13, 6, 8, 17, 5, 10, 18, 20, 3, 18
23, 9, 13, 14, 21, 6, 19, 3, 7, 14
12, 22, 12, 10, 13, 18, 19, 16, 17, 17, 3, 21
23, 9, 13, 14, 21, 6, 19, 3, 7, 14
17, 14, 17, 0, 1, 1, 18, 2, 24, 17, 21, 4
23, 2, 4, 14, 24, 12, 23, 18, 17, 20, 9, 0
20, 18, 16, 2, 6, 6, 12, 6, 19, 20, 1, 11
23, 9, 13, 14, 21, 6, 19, 3, 7, 14
12, 22, 12, 10, 13, 18, 19, 16, 17, 17, 3, 21
4, 24, 15, 4, 22, 0, 19, 3, 10, 23
4, 24, 15, 4, 22, 0, 19, 3, 10, 23
23, 2, 4, 14, 24, 12, 23, 18, 17, 20, 9, 0
18, 23, 11, 4, 9, 4, 11, 14, 11, 10, 6, 19
3, 20, 18, 3, 17, 10, 20, 17, 22, 17, 6
4, 24, 15, 18, 1, 19, 5, 2, 19, 9, 18
23, 9, 13, 14, 21, 6, 19, 3, 7, 14
1, 5, 5, 13, 6, 8, 17, 5, 10, 18, 20, 3, 18
23, 9, 13, 14, 21, 6, 19, 3, 7, 14
1, 5, 5, 13, 6, 8, 17, 5, 10, 18, 20, 3, 18
4, 24, 15, 18, 1, 19, 5, 2, 19, 9, 18
4, 24, 15, 18, 1, 19, 5, 2, 19, 9, 18
3, 20, 18, 3, 17, 10, 20, 17, 22, 17, 6
23, 9, 13, 14, 21, 6, 19, 3, 7, 14
12, 22, 12, 10, 13, 18, 19, 16, 17, 17, 3, 21
20, 18, 16, 2, 6, 6, 12, 6, 19, 20, 1, 11
23, 9, 13, 14, 21, 6, 19, 3, 7, 14
1, 5, 5, 13, 6, 8, 17, 5, 10, 18, 20, 3, 18
12, 22, 12, 10, 13, 18, 19, 16, 17, 17, 3, 21
4, 24, 15, 18, 1, 19, 5, 2, 19, 9, 18
18, 23, 11, 4, 9, 4, 11, 14, 11, 10, 6, 19
9, 13, 21, 13, 21, 21, 16, 1, 12, 10
23, 9, 13, 14, 21, 6, 19, 3, 7, 14
17, 8, 14, 15, 13, 9, 11, 12, 5, 6, 10
20, 18, 16, 2, 6, 6, 12, 6, 19, 20, 1, 11
4, 24, 15, 18, 1, 19, 5, 2, 19, 9, 18
23, 9, 13, 14, 21, 6, 19, 3, 7, 14
4, 24, 15, 18, 1, 19, 5, 2, 19, 9, 18
23, 9, 13, 14, 21, 6, 19, 3, 7, 14
4, 24, 15, 4, 22, 0, 19, 3, 10, 23
18, 23, 11, 4, 9, 4, 11, 14, 11, 10, 6, 19
17, 8, 14, 15, 13, 9, 11, 12, 5, 6, 10
1, 5, 5, 13, 6, 8, 17, 5, 10, 18, 20, 3, 18
3, 20, 18, 3, 17, 10, 20, 17, 22, 17, 6
3, 20, 18, 3, 17, 10, 20, 17, 22, 17, 6
12, 22, 12, 10, 13, 18, 19, 16, 17, 17, 3, 21
18, 23, 11, 4, 9, 4, 11, 14, 11, 10, 6, 19
20, 18, 16, 2, 6, 6, 12, 6, 19, 20, 1, 11
18, 23, 11, 4, 9, 4, 11, 14, 11, 10, 6, 19
3, 20, 18, 3, 17, 10, 20, 17, 22, 17, 6
1, 5, 5, 13, 6, 8, 17, 5, 10, 18, 20, 3, 18
18, 23, 11, 4, 9, 4, 11, 14, 11, 10, 6, 19
17, 14, 17, 0, 1, 1, 18, 2, 24, 17, 21, 4
17, 8, 14, 15, 13, 9, 11, 12, 5, 6, 10
23, 2, 4, 14, 24, 12, 23, 18, 17, 20, 9, 0
17, 8, 14, 15, 13, 9, 11, 12, 5, 6, 10
3, 20, 18, 3, 17, 10, 20, 17, 22, 17, 6
17, 8, 14, 15, 13, 9, 11, 12, 5, 6, 10
18, 23, 11, 4, 9, 4, 11, 14, 11, 10, 6, 19
4, 24, 15, 18, 1, 19, 5, 2, 19, 9, 18
3, 20, 18, 3, 17, 10, 20, 17, 22, 17, 6
12, 22, 12, 10, 13, 18, 19, 16, 17, 17, 3, 21
