(19, 10), (49, 6), (116, 3), (226, 4), (285, 11), (387, 8), (531, 12), (564, 14), (712, 14), (768, 9)
(49, 4), (87, 2), (157, 3), (182, 14), (222, 9), (312, 13), (357, 3), (444, 7), (563, 1), (602, 5)
(34, 14), (56, 1), (116, 12), (242, 2), (356, 0), (413, 6), (490, 8), (510, 3), (615, 11), (657, 8), (747, 1)
(47, 9), (188, 9), (236, 0), (341, 4), (373, 12), (440, 13), (515, 7), (550, 3), (669, 4)
(18, 9), (110, 9), (130, 0), (229, 4), (280, 12), (312, 13), (388, 7), (422, 3), (542, 4)
(0, 4), (40, 2), (121, 3), (131, 14), (159, 9), (242, 13), (315, 3), (410, 7), (509, 1), (589, 5)
(32, 5), (58, 13), (102, 1), (216, 13), (267, 7), (317, 10), (391, 7), (404, 3), (507, 8), (544, 11), (648, 9)
(13, 11), (121, 9), (218, 13), (297, 6), (326, 12), (379, 7), (502, 10), (635, 9), (754, 3), (854, 12)
(29, 1), (83, 5), (183, 5), (271, 11), (363, 11), (396, 11), (418, 3), (472, 14), (571, 7), (655, 9)
(47, 12), (132, 5), (232, 13), (259, 13), (276, 1), (367, 3), (527, 1), (645, 3), (726, 5), (787, 5)
(10, 1), (68, 5), (166, 5), (278, 11), (353, 11), (378, 11), (396, 3), (432, 14), (532, 7), (586, 9)
(9, 12), (90, 5), (176, 13), (179, 13), (204, 1), (304, 3), (428, 1), (535, 3), (588, 5), (654, 5)
(1, 9), (71, 9), (125, 0), (211, 4), (280, 12), (362, 13), (456, 7), (491, 3), (585, 4)
(35, 14), (93, 1), (125, 12), (287, 2), (405, 0), (502, 6), (578, 8), (608, 3), (705, 11), (747, 8), (781, 1)
(35, 9), (124, 9), (160, 0), (261, 4), (330, 12), (379, 13), (450, 7), (486, 3), (600, 4)
(22, 9), (130, 9), (156, 0), (237, 4), (316, 12), (345, 13), (428, 7), (464, 3), (526, 4)
(16, 4), (56, 2), (131, 3), (153, 14), (193, 9), (296, 13), (345, 3), (437, 7), (551, 1), (598, 5)
(45, 4), (84, 2), (199, 3), (225, 14), (260, 9), (351, 13), (425, 3), (494, 7), (589, 1), (679, 5)
(35, 12), (130, 5), (216, 13), (220, 13), (245, 1), (328, 3), (430, 1), (532, 3), (630, 5), (694, 5)
(48, 4), (84, 2), (137, 3), (155, 14), (182, 9), (290, 13), (345, 3), (404, 7), (493, 1), (537, 5)
(12, 2), (70, 11), (136, 9), (188, 7), (261, 13), (376, 14), (400, 11), (432, 8), (536, 3)
(9, 12), (98, 5), (155, 13), (183, 13), (209, 1), (296, 3), (412, 1), (530, 3), (621, 5), (639, 5)
(18, 1), (67, 9), (116, 10), (233, 3), (264, 14), (294, 13), (343, 14), (414, 0), (554, 9)
(31, 4), (70, 2), (186, 3), (194, 14), (218, 9), (291, 13), (337, 3), (416, 7), (522, 1), (606, 5)
(31, 4), (65, 2), (153, 3), (188, 14), (219, 9), (307, 13), (377, 3), (476, 7), (606, 1), (686, 5)
(15, 10), (79, 6), (152, 3), (266, 4), (326, 11), (456, 8), (534, 12), (567, 14), (702, 14), (732, 9)
(21, 11), (153, 9), (236, 13), (336, 6), (360, 12), (418, 7), (532, 10), (636, 9), (772, 3), (816, 12)
(16, 9), (117, 9), (172, 0), (273, 4), (343, 12), (419, 13), (503, 7), (537, 3), (633, 4)
(25, 1), (75, 9), (89, 10), (138, 3), (193, 14), (221, 13), (275, 14), (407, 0), (559, 9)
(29, 12), (111, 5), (180, 13), (195, 13), (216, 1), (316, 3), (470, 1), (609, 3), (634, 5), (684, 5)
(8, 9), (150, 9), (184, 0), (290, 4), (333, 12), (370, 13), (454, 7), (490, 3), (573, 4)
(37, 9), (160, 9), (181, 0), (269, 4), (333, 12), (413, 13), (488, 7), (522, 3), (622, 4)
(8, 12), (87, 5), (165, 13), (173, 13), (190, 1), (311, 3), (429, 1), (539, 3), (628, 5), (677, 5)
(14, 4), (49, 2), (155, 3), (173, 14), (213, 9), (298, 13), (337, 3), (438, 7), (559, 1), (597, 5)
(9, 1), (88, 5), (189, 5), (287, 11), (431, 11), (470, 11), (483, 3), (538, 14), (640, 7), (737, 9)
(46, 5), (133, 13), (200, 1), (312, 13), (360, 7), (445, 10), (536, 7), (578, 3), (690, 8), (728, 11), (807, 9)
(37, 5), (96, 13), (157, 1), (276, 13), (323, 7), (345, 10), (445, 7), (458, 3), (549, 8), (585, 11), (655, 9)
(29, 4), (66, 2), (123, 3), (149, 14), (189, 9), (270, 13), (326, 3), (387, 7), (466, 1), (505, 5)
(46, 9), (154, 9), (209, 0), (301, 4), (360, 12), (474, 13), (544, 7), (577, 3), (656, 4)
(25, 5), (106, 13), (189, 1), (305, 13), (354, 7), (381, 10), (447, 7), (502, 3), (609, 8), (646, 11), (707, 9)
(44, 10), (132, 6), (199, 3), (293, 4), (348, 11), (433, 8), (557, 12), (590, 14), (744, 14), (808, 9)
(6, 5), (57, 13), (130, 1), (241, 13), (291, 7), (358, 10), (423, 7), (454, 3), (543, 8), (581, 11), (691, 9)
(10, 2), (55, 11), (118, 9), (152, 7), (190, 13), (233, 14), (256, 11), (296, 8), (351, 3)
(11, 5), (86, 13), (143, 1), (269, 13), (319, 7), (369, 10), (449, 7), (491, 3), (567, 8), (603, 11), (686, 9)
(38, 12), (136, 5), (220, 13), (242, 13), (266, 1), (401, 3), (509, 1), (630, 3), (672, 5), (699, 5)
(5, 4), (45, 2), (104, 3), (115, 14), (150, 9), (229, 13), (280, 3), (363, 7), (459, 1), (528, 5)
(48, 5), (79, 13), (207, 1), (300, 13), (350, 7), (393, 10), (471, 7), (507, 3), (618, 8), (655, 11), (759, 9)
(6, 1), (89, 5), (187, 5), (270, 11), (417, 11), (446, 11), (464, 3), (528, 14), (629, 7), (648, 9)
(28, 11), (149, 9), (226, 13), (339, 6), (369, 12), (424, 7), (525, 10), (600, 9), (694, 3), (771, 12)
(20, 12), (107, 5), (187, 13), (196, 13), (210, 1), (315, 3), (428, 1), (528, 3), (556, 5), (607, 5)
(6, 4), (45, 2), (120, 3), (153, 14), (194, 9), (267, 13), (341, 3), (441, 7), (518, 1), (608, 5)
(42, 2), (95, 11), (145, 9), (160, 7), (266, 13), (367, 14), (398, 11), (414, 8), (455, 3)
(21, 9), (92, 9), (143, 0), (237, 4), (306, 12), (403, 13), (478, 7), (512, 3), (585, 4)
(21, 11), (118, 9), (208, 13), (299, 6), (316, 12), (365, 7), (497, 10), (601, 9), (678, 3), (765, 12)
(44, 11), (170, 9), (221, 13), (331, 6), (342, 12), (381, 7), (491, 10), (614, 9), (741, 3), (788, 12)
(43, 1), (129, 5), (231, 5), (315, 11), (430, 11), (457, 11), (473, 3), (525, 14), (626, 7), (698, 9)
(24, 5), (63, 13), (176, 1), (276, 13), (325, 7), (386, 10), (443, 7), (463, 3), (577, 8), (614, 11), (698, 9)
(17, 1), (54, 9), (77, 10), (133, 3), (171, 14), (204, 13), (252, 14), (322, 0), (453, 9)
(3, 11), (94, 9), (198, 13), (311, 6), (345, 12), (387, 7), (528, 10), (612, 9), (758, 3), (862, 12)
(45, 10), (123, 6), (164, 3), (249, 4), (309, 11), (392, 8), (480, 12), (513, 14), (613, 14), (675, 9)
(34, 10), (116, 6), (196, 3), (315, 4), (370, 11), (452, 8), (549, 12), (580, 14), (727, 14), (787, 9)
(29, 14), (90, 1), (134, 12), (276, 2), (386, 0), (464, 6), (538, 8), (568, 3), (678, 11), (720, 8), (782, 1)
(34, 5), (105, 13), (162, 1), (251, 13), (301, 7), (317, 10), (373, 7), (399, 3), (490, 8), (528, 11), (623, 9)
(18, 14), (54, 1), (81, 12), (236, 2), (361, 0), (411, 6), (490, 8), (515, 3), (616, 11), (660, 8), (726, 1)
(48, 1), (72, 9), (118, 10), (171, 3), (194, 14), (222, 13), (268, 14), (345, 0), (499, 9)
(47, 2), (108, 11), (196, 9), (234, 7), (334, 13), (377, 14), (407, 11), (432, 8), (527, 3)
(7, 11), (134, 9), (165, 13), (242, 6), (254, 12), (321, 7), (419, 10), (540, 9), (675, 3), (729, 12)
(8, 1), (91, 5), (189, 5), (302, 11), (425, 11), (470, 11), (488, 3), (516, 14), (617, 7), (680, 9)
(29, 12), (111, 5), (201, 13), (224, 13), (252, 1), (385, 3), (531, 1), (644, 3), (731, 5), (813, 5)
(40, 12), (121, 5), (211, 13), (223, 13), (233, 1), (374, 3), (503, 1), (621, 3), (671, 5), (703, 5)
(14, 12), (103, 5), (161, 13), (176, 13), (188, 1), (304, 3), (423, 1), (531, 3), (570, 5), (612, 5)
(1, 9), (111, 9), (150, 0), (231, 4), (272, 12), (393, 13), (465, 7), (501, 3), (586, 4)
(17, 12), (113, 5), (210, 13), (226, 13), (242, 1), (366, 3), (478, 1), (587, 3), (623, 5), (679, 5)
(22, 10), (42, 6), (115, 3), (231, 4), (291, 11), (392, 8), (477, 12), (510, 14), (670, 14), (742, 9)
(39, 14), (55, 1), (109, 12), (253, 2), (327, 0), (432, 6), (507, 8), (532, 3), (617, 11), (661, 8), (700, 1)
(23, 10), (29, 6), (107, 3), (215, 4), (271, 11), (367, 8), (446, 12), (479, 14), (573, 14), (602, 9)
(5, 14), (23, 1), (54, 12), (212, 2), (351, 0), (453, 6), (529, 8), (555, 3), (668, 11), (715, 8), (774, 1)
(30, 9), (127, 9), (160, 0), (249, 4), (300, 12), (417, 13), (488, 7), (521, 3), (645, 4)
(12, 10), (92, 6), (171, 3), (268, 4), (328, 11), (427, 8), (562, 12), (595, 14), (747, 14), (795, 9)
(10, 14), (44, 1), (108, 12), (232, 2), (340, 0), (435, 6), (513, 8), (535, 3), (647, 11), (693, 8), (730, 1)
(22, 14), (60, 1), (128, 12), (285, 2), (340, 0), (408, 6), (484, 8), (509, 3), (594, 11), (639, 8), (715, 1)
(32, 10), (86, 6), (146, 3), (242, 4), (299, 11), (461, 8), (614, 12), (645, 14), (748, 14), (774, 9)
(33, 1), (68, 9), (81, 10), (153, 3), (177, 14), (208, 13), (256, 14), (372, 0), (502, 9)
(13, 4), (54, 2), (144, 3), (176, 14), (217, 9), (313, 13), (358, 3), (419, 7), (540, 1), (586, 5)
(49, 2), (100, 11), (223, 9), (242, 7), (324, 13), (384, 14), (406, 11), (427, 8), (468, 3)
(31, 12), (120, 5), (206, 13), (212, 13), (233, 1), (316, 3), (457, 1), (569, 3), (649, 5), (672, 5)
(42, 2), (99, 11), (154, 9), (188, 7), (252, 13), (351, 14), (375, 11), (412, 8), (456, 3)
(25, 5), (69, 13), (122, 1), (232, 13), (281, 7), (301, 10), (370, 7), (403, 3), (500, 8), (538, 11), (606, 9)
(39, 4), (75, 2), (185, 3), (201, 14), (232, 9), (334, 13), (399, 3), (500, 7), (608, 1), (676, 5)
(20, 2), (72, 11), (116, 9), (130, 7), (164, 13), (228, 14), (258, 11), (301, 8), (392, 3)
(3, 9), (100, 9), (145, 0), (235, 4), (302, 12), (335, 13), (429, 7), (464, 3), (557, 4)
(2, 12), (94, 5), (168, 13), (174, 13), (192, 1), (316, 3), (445, 1), (573, 3), (676, 5), (692, 5)
(13, 11), (113, 9), (145, 13), (236, 6), (258, 12), (312, 7), (401, 10), (504, 9), (650, 3), (761, 12)
(4, 1), (88, 5), (188, 5), (291, 11), (402, 11), (466, 11), (485, 3), (544, 14), (643, 7), (682, 9)
(30, 1), (102, 5), (204, 5), (302, 11), (406, 11), (440, 11), (457, 3), (490, 14), (591, 7), (687, 9)
(24, 2), (80, 11), (138, 9), (157, 7), (195, 13), (231, 14), (260, 11), (287, 8), (364, 3)
(33, 12), (135, 5), (209, 13), (213, 13), (241, 1), (336, 3), (473, 1), (606, 3), (631, 5), (650, 5)
(39, 11), (173, 9), (202, 13), (295, 6), (313, 12), (389, 7), (474, 10), (598, 9), (730, 3), (807, 12)
(33, 1), (70, 9), (95, 10), (163, 3), (214, 14), (245, 13), (292, 14), (365, 0), (509, 9)
(46, 4), (80, 2), (139, 3), (168, 14), (204, 9), (279, 13), (320, 3), (393, 7), (467, 1), (538, 5)
(21, 1), (56, 9), (98, 10), (189, 3), (229, 14), (258, 13), (308, 14), (405, 0), (539, 9)
(43, 11), (173, 9), (248, 13), (350, 6), (362, 12), (439, 7), (570, 10), (655, 9), (748, 3), (830, 12)
(1, 10), (8, 6), (73, 3), (192, 4), (253, 11), (391, 8), (524, 12), (556, 14), (716, 14), (739, 9)
(20, 5), (77, 13), (127, 1), (218, 13), (269, 7), (332, 10), (396, 7), (459, 3), (544, 8), (582, 11), (683, 9)
(15, 4), (52, 2), (121, 3), (139, 14), (165, 9), (245, 13), (300, 3), (393, 7), (488, 1), (570, 5)
(12, 1), (92, 5), (191, 5), (304, 11), (412, 11), (470, 11), (486, 3), (510, 14), (612, 7), (658, 9)
(47, 5), (140, 13), (226, 1), (324, 13), (370, 7), (419, 10), (498, 7), (555, 3), (663, 8), (701, 11), (787, 9)
(20, 1), (57, 9), (112, 10), (204, 3), (239, 14), (271, 13), (320, 14), (425, 0), (583, 9)
(32, 14), (82, 1), (149, 12), (244, 2), (361, 0), (442, 6), (521, 8), (546, 3), (649, 11), (697, 8), (735, 1)
(42, 2), (88, 11), (190, 9), (211, 7), (311, 13), (392, 14), (421, 11), (464, 8), (504, 3)
(21, 11), (135, 9), (250, 13), (370, 6), (403, 12), (447, 7), (544, 10), (654, 9), (739, 3), (789, 12)
(14, 14), (71, 1), (139, 12), (263, 2), (345, 0), (437, 6), (513, 8), (537, 3), (624, 11), (672, 8), (729, 1)
(3, 9), (105, 9), (135, 0), (227, 4), (277, 12), (316, 13), (383, 7), (416, 3), (517, 4)
(1, 1), (44, 9), (71, 10), (183, 3), (220, 14), (248, 13), (294, 14), (425, 0), (570, 9)
(10, 11), (145, 9), (172, 13), (253, 6), (272, 12), (313, 7), (433, 10), (534, 9), (682, 3), (731, 12)
(10, 9), (92, 9), (104, 0), (193, 4), (255, 12), (334, 13), (419, 7), (455, 3), (517, 4)
(36, 2), (100, 11), (225, 9), (244, 7), (364, 13), (449, 14), (475, 11), (504, 8), (546, 3)
(43, 11), (179, 9), (240, 13), (323, 6), (340, 12), (410, 7), (529, 10), (650, 9), (740, 3), (803, 12)
(42, 4), (79, 2), (193, 3), (219, 14), (259, 9), (349, 13), (398, 3), (479, 7), (584, 1), (652, 5)
(20, 2), (67, 11), (188, 9), (201, 7), (263, 13), (319, 14), (344, 11), (371, 8), (446, 3)
(17, 12), (111, 5), (196, 13), (216, 13), (227, 1), (366, 3), (515, 1), (616, 3), (648, 5), (724, 5)
(15, 11), (133, 9), (224, 13), (300, 6), (324, 12), (371, 7), (504, 10), (612, 9), (765, 3), (852, 12)
(32, 2), (102, 11), (172, 9), (198, 7), (319, 13), (382, 14), (404, 11), (425, 8), (512, 3)
(34, 2), (92, 11), (219, 9), (270, 7), (307, 13), (387, 14), (409, 11), (432, 8), (523, 3)
(35, 1), (62, 9), (75, 10), (155, 3), (196, 14), (226, 13), (272, 14), (380, 0), (535, 9)
(29, 11), (158, 9), (199, 13), (328, 6), (345, 12), (392, 7), (512, 10), (637, 9), (738, 3), (844, 12)
(42, 9), (159, 9), (184, 0), (279, 4), (340, 12), (377, 13), (457, 7), (492, 3), (600, 4)
(11, 2), (64, 11), (132, 9), (155, 7), (259, 13), (363, 14), (381, 11), (397, 8), (436, 3)
(38, 4), (76, 2), (165, 3), (191, 14), (230, 9), (338, 13), (399, 3), (472, 7), (582, 1), (646, 5)
(44, 4), (84, 2), (181, 3), (197, 14), (237, 9), (339, 13), (390, 3), (452, 7), (560, 1), (615, 5)
(26, 14), (69, 1), (109, 12), (207, 2), (295, 0), (404, 6), (483, 8), (506, 3), (595, 11), (643, 8), (692, 1)
(34, 4), (75, 2), (144, 3), (177, 14), (215, 9), (310, 13), (382, 3), (470, 7), (587, 1), (640, 5)
(33, 1), (72, 9), (93, 10), (183, 3), (232, 14), (261, 13), (314, 14), (442, 0), (553, 9)
(14, 14), (68, 1), (102, 12), (210, 2), (293, 0), (357, 6), (434, 8), (470, 3), (569, 11), (615, 8), (681, 1)
(4, 11), (120, 9), (198, 13), (302, 6), (315, 12), (361, 7), (465, 10), (591, 9), (733, 3), (752, 12)
(39, 4), (76, 2), (181, 3), (212, 14), (236, 9), (318, 13), (393, 3), (468, 7), (549, 1), (612, 5)
(15, 10), (27, 6), (94, 3), (203, 4), (259, 11), (376, 8), (513, 12), (544, 14), (672, 14), (732, 9)
(35, 1), (70, 9), (113, 10), (228, 3), (261, 14), (291, 13), (342, 14), (410, 0), (563, 9)
(18, 5), (109, 13), (167, 1), (265, 13), (310, 7), (383, 10), (453, 7), (495, 3), (598, 8), (636, 11), (704, 9)
(1, 5), (101, 13), (178, 1), (296, 13), (342, 7), (421, 10), (480, 7), (516, 3), (620, 8), (658, 11), (749, 9)
(11, 10), (87, 6), (167, 3), (265, 4), (325, 11), (482, 8), (569, 12), (600, 14), (722, 14), (775, 9)
(13, 11), (113, 9), (226, 13), (346, 6), (361, 12), (444, 7), (570, 10), (664, 9), (753, 3), (774, 12)
(21, 14), (66, 1), (96, 12), (209, 2), (306, 0), (382, 6), (456, 8), (470, 3), (565, 11), (614, 8), (699, 1)
(36, 1), (75, 9), (104, 10), (158, 3), (187, 14), (216, 13), (265, 14), (391, 0), (535, 9)
(20, 12), (120, 5), (217, 13), (235, 13), (249, 1), (389, 3), (538, 1), (658, 3), (749, 5), (820, 5)
(29, 1), (118, 5), (216, 5), (341, 11), (460, 11), (524, 11), (548, 3), (583, 14), (683, 7), (757, 9)
(24, 12), (124, 5), (190, 13), (217, 13), (244, 1), (364, 3), (467, 1), (590, 3), (616, 5), (643, 5)
(41, 11), (160, 9), (195, 13), (293, 6), (323, 12), (373, 7), (516, 10), (622, 9), (765, 3), (856, 12)
(3, 4), (43, 2), (125, 3), (141, 14), (174, 9), (251, 13), (309, 3), (402, 7), (518, 1), (582, 5)
(30, 10), (45, 6), (117, 3), (231, 4), (290, 11), (444, 8), (585, 12), (618, 14), (769, 14), (799, 9)
(3, 2), (65, 11), (155, 9), (168, 7), (282, 13), (351, 14), (382, 11), (417, 8), (496, 3)
(16, 10), (65, 6), (145, 3), (238, 4), (295, 11), (416, 8), (529, 12), (560, 14), (663, 14), (705, 9)
(35, 14), (90, 1), (138, 12), (274, 2), (372, 0), (471, 6), (546, 8), (579, 3), (669, 11), (715, 8), (806, 1)
(21, 5), (120, 13), (166, 1), (276, 13), (327, 7), (342, 10), (428, 7), (490, 3), (599, 8), (636, 11), (725, 9)
(22, 5), (39, 13), (140, 1), (259, 13), (304, 7), (327, 10), (387, 7), (439, 3), (520, 8), (556, 11), (673, 9)
(24, 9), (138, 9), (191, 0), (282, 4), (331, 12), (406, 13), (495, 7), (530, 3), (614, 4)
(36, 10), (122, 6), (193, 3), (308, 4), (364, 11), (527, 8), (651, 12), (683, 14), (843, 14), (908, 9)
(32, 2), (89, 11), (129, 9), (160, 7), (203, 13), (303, 14), (331, 11), (370, 8), (471, 3)
(40, 2), (97, 11), (159, 9), (195, 7), (238, 13), (355, 14), (384, 11), (400, 8), (452, 3)
(40, 9), (168, 9), (218, 0), (323, 4), (386, 12), (506, 13), (584, 7), (617, 3), (689, 4)
(47, 4), (87, 2), (182, 3), (194, 14), (221, 9), (299, 13), (354, 3), (455, 7), (554, 1), (635, 5)
(19, 11), (136, 9), (189, 13), (326, 6), (339, 12), (409, 7), (542, 10), (664, 9), (751, 3), (795, 12)
(6, 9), (118, 9), (131, 0), (215, 4), (278, 12), (374, 13), (452, 7), (488, 3), (568, 4)
(22, 14), (34, 1), (100, 12), (223, 2), (286, 0), (363, 6), (436, 8), (462, 3), (568, 11), (610, 8), (670, 1)
(16, 1), (103, 5), (202, 5), (318, 11), (413, 11), (462, 11), (488, 3), (500, 14), (600, 7), (647, 9)
(14, 11), (153, 9), (246, 13), (352, 6), (385, 12), (438, 7), (572, 10), (649, 9), (784, 3), (854, 12)
(24, 5), (101, 13), (181, 1), (302, 13), (353, 7), (383, 10), (481, 7), (526, 3), (629, 8), (666, 11), (750, 9)
(4, 10), (83, 6), (143, 3), (231, 4), (291, 11), (406, 8), (494, 12), (526, 14), (602, 14), (655, 9)
(45, 1), (147, 5), (249, 5), (349, 11), (463, 11), (490, 11), (513, 3), (540, 14), (642, 7), (709, 9)
(22, 1), (56, 9), (111, 10), (206, 3), (262, 14), (293, 13), (342, 14), (431, 0), (566, 9)
(48, 2), (116, 11), (174, 9), (185, 7), (254, 13), (365, 14), (383, 11), (425, 8), (486, 3)
(17, 14), (75, 1), (141, 12), (280, 2), (373, 0), (470, 6), (543, 8), (574, 3), (667, 11), (713, 8), (758, 1)
(41, 5), (114, 13), (230, 1), (340, 13), (390, 7), (441, 10), (535, 7), (557, 3), (663, 8), (700, 11), (816, 9)
(38, 2), (102, 11), (158, 9), (173, 7), (252, 13), (376, 14), (401, 11), (440, 8), (527, 3)
(32, 11), (157, 9), (266, 13), (350, 6), (372, 12), (414, 7), (551, 10), (642, 9), (795, 3), (879, 12)
(2, 1), (73, 5), (175, 5), (290, 11), (407, 11), (442, 11), (455, 3), (482, 14), (582, 7), (640, 9)
(24, 14), (46, 1), (77, 12), (188, 2), (247, 0), (318, 6), (394, 8), (414, 3), (501, 11), (549, 8), (604, 1)
(22, 9), (116, 9), (135, 0), (213, 4), (269, 12), (337, 13), (411, 7), (445, 3), (522, 4)
(2, 1), (63, 5), (161, 5), (269, 11), (343, 11), (372, 11), (384, 3), (411, 14), (510, 7), (591, 9)
(0, 5), (98, 13), (176, 1), (305, 13), (356, 7), (419, 10), (475, 7), (498, 3), (594, 8), (630, 11), (724, 9)
(20, 1), (85, 5), (185, 5), (309, 11), (461, 11), (518, 11), (530, 3), (566, 14), (668, 7), (761, 9)
(25, 4), (61, 2), (145, 3), (155, 14), (187, 9), (262, 13), (323, 3), (390, 7), (479, 1), (565, 5)
(36, 1), (66, 9), (97, 10), (147, 3), (170, 14), (198, 13), (243, 14), (341, 0), (448, 9)
(5, 1), (33, 9), (71, 10), (126, 3), (178, 14), (205, 13), (259, 14), (328, 0), (481, 9)
(8, 2), (57, 11), (124, 9), (169, 7), (217, 13), (256, 14), (281, 11), (322, 8), (395, 3)
(1, 4), (40, 2), (155, 3), (161, 14), (187, 9), (266, 13), (306, 3), (381, 7), (475, 1), (525, 5)
(1, 2), (66, 11), (158, 9), (185, 7), (256, 13), (312, 14), (342, 11), (384, 8), (425, 3)
(45, 1), (85, 9), (99, 10), (156, 3), (176, 14), (204, 13), (249, 14), (339, 0), (462, 9)
(27, 12), (115, 5), (197, 13), (204, 13), (223, 1), (313, 3), (432, 1), (570, 3), (608, 5), (668, 5)
(15, 1), (56, 9), (104, 10), (148, 3), (209, 14), (242, 13), (289, 14), (357, 0), (501, 9)
(2, 14), (58, 1), (110, 12), (246, 2), (369, 0), (441, 6), (514, 8), (545, 3), (638, 11), (687, 8), (771, 1)
(30, 2), (89, 11), (170, 9), (204, 7), (280, 13), (351, 14), (381, 11), (403, 8), (446, 3)
(33, 11), (163, 9), (258, 13), (389, 6), (423, 12), (498, 7), (610, 10), (736, 9), (856, 3), (946, 12)
(0, 4), (40, 2), (113, 3), (136, 14), (172, 9), (268, 13), (340, 3), (415, 7), (495, 1), (563, 5)
(17, 11), (131, 9), (232, 13), (337, 6), (370, 12), (435, 7), (558, 10), (691, 9), (809, 3), (824, 12)
(37, 11), (169, 9), (194, 13), (299, 6), (320, 12), (364, 7), (471, 10), (569, 9), (674, 3), (768, 12)
(37, 1), (63, 9), (102, 10), (153, 3), (168, 14), (197, 13), (244, 14), (312, 0), (415, 9)
(14, 2), (72, 11), (196, 9), (251, 7), (310, 13), (433, 14), (461, 11), (498, 8), (591, 3)
(32, 1), (133, 5), (234, 5), (357, 11), (446, 11), (503, 11), (515, 3), (573, 14), (675, 7), (720, 9)
(40, 1), (80, 9), (111, 10), (169, 3), (223, 14), (254, 13), (306, 14), (424, 0), (578, 9)
(35, 2), (102, 11), (198, 9), (209, 7), (320, 13), (410, 14), (438, 11), (465, 8), (523, 3)
(1, 1), (69, 5), (169, 5), (257, 11), (333, 11), (385, 11), (397, 3), (469, 14), (568, 7), (593, 9)
(28, 5), (49, 13), (134, 1), (222, 13), (272, 7), (359, 10), (421, 7), (440, 3), (534, 8), (572, 11), (671, 9)
(36, 9), (163, 9), (213, 0), (305, 4), (378, 12), (496, 13), (574, 7), (608, 3), (683, 4)
(41, 1), (77, 9), (129, 10), (224, 3), (241, 14), (274, 13), (319, 14), (408, 0), (541, 9)
(20, 2), (73, 11), (157, 9), (182, 7), (287, 13), (376, 14), (403, 11), (443, 8), (543, 3)
(47, 12), (148, 5), (246, 13), (257, 13), (273, 1), (352, 3), (505, 1), (614, 3), (686, 5), (715, 5)
(13, 12), (108, 5), (195, 13), (212, 13), (223, 1), (319, 3), (461, 1), (576, 3), (668, 5), (737, 5)
(28, 9), (157, 9), (193, 0), (298, 4), (369, 12), (445, 13), (514, 7), (548, 3), (624, 4)
(38, 2), (93, 11), (157, 9), (187, 7), (298, 13), (372, 14), (402, 11), (438, 8), (538, 3)
(7, 5), (69, 13), (156, 1), (275, 13), (325, 7), (366, 10), (436, 7), (477, 3), (574, 8), (612, 11), (707, 9)
(5, 14), (16, 1), (37, 12), (200, 2), (264, 0), (332, 6), (409, 8), (426, 3), (511, 11), (555, 8), (629, 1)
(40, 10), (106, 6), (159, 3), (271, 4), (328, 11), (444, 8), (551, 12), (583, 14), (658, 14), (734, 9)
(11, 1), (47, 9), (67, 10), (147, 3), (193, 14), (220, 13), (266, 14), (357, 0), (516, 9)
(4, 9), (126, 9), (138, 0), (241, 4), (303, 12), (353, 13), (426, 7), (461, 3), (578, 4)
(25, 9), (162, 9), (198, 0), (288, 4), (322, 12), (350, 13), (429, 7), (465, 3), (532, 4)
(19, 9), (131, 9), (163, 0), (270, 4), (335, 12), (369, 13), (449, 7), (483, 3), (601, 4)
(5, 2), (53, 11), (153, 9), (165, 7), (256, 13), (359, 14), (390, 11), (432, 8), (525, 3)
(36, 1), (71, 9), (100, 10), (198, 3), (255, 14), (283, 13), (329, 14), (442, 0), (566, 9)
(34, 14), (97, 1), (123, 12), (267, 2), (381, 0), (463, 6), (540, 8), (557, 3), (666, 11), (713, 8), (756, 1)
(44, 1), (70, 9), (106, 10), (170, 3), (207, 14), (234, 13), (288, 14), (368, 0), (514, 9)
(46, 4), (81, 2), (130, 3), (136, 14), (173, 9), (273, 13), (326, 3), (389, 7), (473, 1), (524, 5)
(11, 10), (73, 6), (122, 3), (209, 4), (266, 11), (388, 8), (533, 12), (566, 14), (715, 14), (778, 9)
(5, 10), (93, 6), (173, 3), (282, 4), (343, 11), (444, 8), (561, 12), (593, 14), (671, 14), (697, 9)
(12, 4), (48, 2), (136, 3), (153, 14), (192, 9), (276, 13), (319, 3), (418, 7), (538, 1), (602, 5)
(3, 11), (102, 9), (167, 13), (247, 6), (277, 12), (327, 7), (444, 10), (530, 9), (620, 3), (725, 12)
(27, 10), (63, 6), (143, 3), (220, 4), (275, 11), (362, 8), (461, 12), (493, 14), (644, 14), (717, 9)
(23, 11), (127, 9), (242, 13), (366, 6), (401, 12), (455, 7), (566, 10), (666, 9), (779, 3), (832, 12)
(42, 2), (103, 11), (179, 9), (232, 7), (304, 13), (430, 14), (461, 11), (486, 8), (556, 3)
(39, 4), (76, 2), (173, 3), (199, 14), (227, 9), (320, 13), (369, 3), (454, 7), (564, 1), (647, 5)
(15, 1), (98, 5), (197, 5), (300, 11), (376, 11), (410, 11), (427, 3), (485, 14), (587, 7), (683, 9)
(44, 11), (148, 9), (223, 13), (325, 6), (339, 12), (389, 7), (500, 10), (614, 9), (707, 3), (770, 12)
(28, 9), (100, 9), (146, 0), (232, 4), (297, 12), (335, 13), (427, 7), (463, 3), (574, 4)
(44, 2), (103, 11), (220, 9), (245, 7), (323, 13), (444, 14), (474, 11), (495, 8), (564, 3)
(41, 2), (96, 11), (150, 9), (200, 7), (234, 13), (289, 14), (308, 11), (334, 8), (429, 3)
(7, 11), (128, 9), (206, 13), (306, 6), (337, 12), (419, 7), (544, 10), (631, 9), (764, 3), (808, 12)
(9, 2), (55, 11), (135, 9), (155, 7), (239, 13), (289, 14), (316, 11), (338, 8), (378, 3)
(1, 4), (39, 2), (105, 3), (132, 14), (164, 9), (257, 13), (318, 3), (402, 7), (512, 1), (598, 5)
(12, 5), (96, 13), (226, 1), (349, 13), (398, 7), (465, 10), (537, 7), (568, 3), (676, 8), (712, 11), (789, 9)
(40, 1), (77, 9), (107, 10), (224, 3), (254, 14), (282, 13), (332, 14), (455, 0), (574, 9)
(9, 5), (29, 13), (75, 1), (199, 13), (244, 7), (291, 10), (350, 7), (380, 3), (467, 8), (503, 11), (612, 9)
(5, 10), (43, 6), (91, 3), (178, 4), (239, 11), (398, 8), (485, 12), (516, 14), (625, 14), (653, 9)
(21, 5), (86, 13), (180, 1), (269, 13), (315, 7), (353, 10), (415, 7), (437, 3), (523, 8), (561, 11), (658, 9)
(15, 12), (109, 5), (192, 13), (196, 13), (206, 1), (340, 3), (448, 1), (564, 3), (583, 5), (598, 5)
(2, 12), (94, 5), (171, 13), (179, 13), (190, 1), (330, 3), (426, 1), (543, 3), (630, 5), (712, 5)
(36, 4), (71, 2), (118, 3), (138, 14), (179, 9), (285, 13), (353, 3), (439, 7), (533, 1), (575, 5)
(49, 2), (113, 11), (172, 9), (201, 7), (239, 13), (275, 14), (304, 11), (333, 8), (423, 3)
(4, 1), (91, 5), (191, 5), (289, 11), (365, 11), (406, 11), (427, 3), (442, 14), (543, 7), (637, 9)
(11, 12), (112, 5), (200, 13), (224, 13), (236, 1), (331, 3), (433, 1), (561, 3), (657, 5), (750, 5)
(23, 11), (153, 9), (268, 13), (356, 6), (389, 12), (438, 7), (554, 10), (640, 9), (718, 3), (791, 12)
(14, 5), (46, 13), (181, 1), (292, 13), (342, 7), (374, 10), (434, 7), (457, 3), (551, 8), (589, 11), (651, 9)
(26, 12), (112, 5), (173, 13), (177, 13), (204, 1), (283, 3), (398, 1), (512, 3), (529, 5), (569, 5)
(9, 10), (75, 6), (120, 3), (239, 4), (298, 11), (432, 8), (509, 12), (541, 14), (625, 14), (703, 9)
(42, 12), (137, 5), (220, 13), (229, 13), (250, 1), (385, 3), (541, 1), (648, 3), (711, 5), (771, 5)
(25, 14), (40, 1), (67, 12), (215, 2), (286, 0), (394, 6), (468, 8), (501, 3), (617, 11), (665, 8), (748, 1)
(46, 14), (74, 1), (102, 12), (229, 2), (329, 0), (379, 6), (456, 8), (490, 3), (588, 11), (634, 8), (722, 1)
(6, 11), (141, 9), (230, 13), (340, 6), (361, 12), (427, 7), (516, 10), (618, 9), (766, 3), (800, 12)
(28, 4), (64, 2), (140, 3), (159, 14), (200, 9), (286, 13), (348, 3), (419, 7), (514, 1), (568, 5)
(31, 1), (63, 9), (98, 10), (173, 3), (214, 14), (244, 13), (294, 14), (383, 0), (485, 9)
(43, 5), (119, 13), (243, 1), (363, 13), (414, 7), (455, 10), (545, 7), (592, 3), (692, 8), (730, 11), (809, 9)
(28, 1), (67, 9), (124, 10), (177, 3), (214, 14), (242, 13), (289, 14), (368, 0), (496, 9)
(31, 4), (72, 2), (135, 3), (154, 14), (184, 9), (287, 13), (341, 3), (432, 7), (514, 1), (564, 5)
(22, 12), (122, 5), (205, 13), (215, 13), (234, 1), (338, 3), (479, 1), (584, 3), (636, 5), (706, 5)
(9, 1), (77, 5), (175, 5), (265, 11), (381, 11), (429, 11), (441, 3), (476, 14), (578, 7), (627, 9)
(5, 2), (55, 11), (111, 9), (167, 7), (209, 13), (274, 14), (294, 11), (319, 8), (409, 3)
(37, 12), (115, 5), (180, 13), (184, 13), (211, 1), (337, 3), (495, 1), (615, 3), (648, 5), (744, 5)
(20, 14), (32, 1), (61, 12), (208, 2), (326, 0), (416, 6), (491, 8), (525, 3), (623, 11), (671, 8), (729, 1)
(31, 5), (128, 13), (241, 1), (369, 13), (420, 7), (462, 10), (548, 7), (587, 3), (676, 8), (712, 11), (775, 9)
(37, 11), (169, 9), (250, 13), (387, 6), (417, 12), (489, 7), (618, 10), (733, 9), (850, 3), (889, 12)
(30, 9), (137, 9), (171, 0), (268, 4), (308, 12), (429, 13), (518, 7), (554, 3), (662, 4)
(2, 5), (85, 13), (213, 1), (330, 13), (380, 7), (456, 10), (550, 7), (581, 3), (690, 8), (727, 11), (806, 9)
(29, 12), (110, 5), (181, 13), (186, 13), (207, 1), (336, 3), (480, 1), (598, 3), (689, 5), (763, 5)
(17, 1), (53, 9), (84, 10), (199, 3), (215, 14), (243, 13), (290, 14), (411, 0), (561, 9)
(48, 1), (77, 9), (114, 10), (202, 3), (228, 14), (257, 13), (301, 14), (378, 0), (516, 9)
(3, 12), (87, 5), (179, 13), (192, 13), (205, 1), (280, 3), (388, 1), (521, 3), (623, 5), (640, 5)
(17, 11), (127, 9), (164, 13), (238, 6), (261, 12), (341, 7), (426, 10), (529, 9), (622, 3), (724, 12)
(25, 4), (63, 2), (111, 3), (131, 14), (156, 9), (238, 13), (286, 3), (372, 7), (501, 1), (592, 5)
(7, 1), (35, 9), (74, 10), (155, 3), (202, 14), (233, 13), (281, 14), (394, 0), (495, 9)
(25, 14), (52, 1), (89, 12), (229, 2), (316, 0), (427, 6), (504, 8), (518, 3), (612, 11), (661, 8), (750, 1)
(32, 5), (75, 13), (163, 1), (260, 13), (311, 7), (327, 10), (387, 7), (401, 3), (478, 8), (514, 11), (605, 9)
(26, 12), (126, 5), (221, 13), (225, 13), (241, 1), (316, 3), (474, 1), (580, 3), (636, 5), (668, 5)
(36, 1), (99, 5), (200, 5), (287, 11), (373, 11), (432, 11), (445, 3), (493, 14), (594, 7), (656, 9)
(23, 4), (63, 2), (143, 3), (157, 14), (185, 9), (261, 13), (310, 3), (385, 7), (495, 1), (580, 5)
(15, 1), (45, 9), (89, 10), (137, 3), (180, 14), (210, 13), (253, 14), (372, 0), (481, 9)
(28, 1), (120, 5), (220, 5), (313, 11), (450, 11), (514, 11), (533, 3), (576, 14), (677, 7), (736, 9)
(44, 9), (129, 9), (182, 0), (295, 4), (360, 12), (447, 13), (515, 7), (548, 3), (623, 4)
(30, 5), (120, 13), (220, 1), (329, 13), (377, 7), (428, 10), (504, 7), (565, 3), (674, 8), (711, 11), (803, 9)
(26, 9), (152, 9), (169, 0), (264, 4), (301, 12), (370, 13), (466, 7), (499, 3), (614, 4)
(22, 5), (90, 13), (142, 1), (267, 13), (314, 7), (360, 10), (445, 7), (483, 3), (595, 8), (633, 11), (730, 9)
(23, 2), (90, 11), (189, 9), (233, 7), (293, 13), (362, 14), (387, 11), (405, 8), (472, 3)
(12, 1), (60, 9), (99, 10), (165, 3), (214, 14), (245, 13), (298, 14), (408, 0), (544, 9)
(45, 1), (136, 5), (237, 5), (351, 11), (495, 11), (554, 11), (568, 3), (601, 14), (702, 7), (785, 9)
(23, 11), (159, 9), (191, 13), (302, 6), (334, 12), (377, 7), (489, 10), (601, 9), (721, 3), (746, 12)
(29, 12), (115, 5), (184, 13), (211, 13), (222, 1), (348, 3), (461, 1), (569, 3), (645, 5), (689, 5)
(20, 4), (59, 2), (116, 3), (132, 14), (172, 9), (270, 13), (318, 3), (414, 7), (512, 1), (584, 5)
(1, 4), (38, 2), (107, 3), (121, 14), (145, 9), (225, 13), (276, 3), (351, 7), (428, 1), (494, 5)
(38, 14), (88, 1), (139, 12), (257, 2), (324, 0), (426, 6), (501, 8), (530, 3), (643, 11), (692, 8), (762, 1)
(25, 9), (119, 9), (163, 0), (237, 4), (271, 12), (338, 13), (410, 7), (444, 3), (505, 4)
(19, 11), (117, 9), (215, 13), (345, 6), (375, 12), (425, 7), (517, 10), (637, 9), (790, 3), (810, 12)
(23, 5), (119, 13), (173, 1), (296, 13), (347, 7), (405, 10), (486, 7), (549, 3), (635, 8), (672, 11), (787, 9)
