20, 24, 2, 7, 19, 12, 10, 18
10, 9, 9, 5, 18, 13, 15, 14, 24, 9, 20
18, 13, 23, 5, 5, 6, 7, 20, 15
14, 18, 11, 2, 23, 23, 11, 14, 9, 14
18, 13, 5, 15, 7, 20, 6, 5, 23
20, 24, 2, 7, 18, 12, 19, 10
23, 9, 23, 0, 17, 21, 20, 17, 20, 8
18, 13, 5, 23, 5, 6, 7, 15, 20
10, 9, 9, 24, 14, 9, 20, 5, 18, 13, 15
23, 9, 0, 23, 21, 8, 20, 17, 17, 20
14, 18, 11, 2, 23, 23, 14, 11, 9, 14
23, 9, 23, 0, 21, 17, 20, 8, 17, 20
10, 9, 9, 5, 14, 15, 18, 9, 20, 24, 13
10, 9, 9, 5, 9, 24, 20, 15, 18, 13, 14
20, 24, 7, 2, 18, 10, 19, 12
14, 18, 11, 2, 23, 23, 11, 14, 9, 14
23, 9, 23, 0, 20, 8, 21, 20, 17, 17
14, 18, 2, 11, 23, 11, 23, 14, 14, 9
14, 18, 11, 2, 23, 23, 14, 14, 11, 9
14, 18, 2, 11, 23, 23, 11, 9, 14, 14
18, 13, 23, 5, 5, 7, 15, 20, 6
10, 9, 5, 9, 9, 24, 18, 20, 14, 15, 13
14, 18, 2, 11, 23, 23, 11, 9, 14, 14
20, 24, 2, 7, 18, 19, 12, 10
18, 13, 5, 23, 5, 6, 20, 15, 7
18, 13, 5, 23, 5, 7, 6, 20, 15
14, 18, 2, 11, 23, 23, 14, 11, 9, 14
18, 13, 5, 6, 5, 23, 15, 20, 7
18, 13, 5, 5, 23, 6, 20, 7, 15
14, 18, 2, 11, 23, 9, 14, 14, 23, 11
20, 24, 2, 7, 18, 12, 10, 19
18, 13, 23, 5, 5, 6, 20, 15, 7
10, 9, 9, 20, 24, 5, 9, 14, 13, 18, 15
20, 24, 18, 19, 12, 7, 2, 10
14, 18, 2, 11, 23, 23, 14, 11, 9, 14
10, 9, 9, 5, 13, 18, 14, 9, 15, 24, 20
10, 9, 9, 5, 9, 13, 18, 15, 24, 20, 14
20, 24, 7, 2, 18, 19, 12, 10
20, 24, 2, 7, 18, 10, 19, 12
20, 24, 7, 2, 18, 19, 12, 10
10, 9, 9, 5, 9, 24, 14, 20, 15, 18, 13
20, 24, 7, 19, 10, 2, 12, 18
20, 12, 24, 18, 19, 7, 2, 10
20, 24, 2, 7, 18, 19, 10, 12
18, 13, 5, 23, 5, 6, 7, 20, 15
10, 9, 5, 9, 9, 24, 15, 20, 18, 14, 13
20, 24, 7, 2, 18, 19, 12, 10
20, 24, 2, 18, 7, 19, 12, 10
14, 18, 11, 2, 23, 23, 11, 14, 14, 9
14, 18, 11, 2, 23, 23, 14, 11, 14, 9
20, 24, 7, 2, 18, 19, 10, 12
10, 9, 9, 5, 9, 24, 18, 14, 20, 13, 15
23, 9, 0, 23, 21, 17, 20, 8, 17, 20
18, 13, 5, 23, 5, 7, 6, 20, 15
10, 9, 9, 9, 5, 24, 20, 15, 14, 18, 13
18, 23, 13, 5, 5, 6, 20, 7, 15
10, 9, 5, 9, 9, 24, 18, 14, 15, 13, 20
23, 9, 23, 0, 17, 21, 20, 8, 17, 20
18, 13, 5, 23, 5, 6, 20, 7, 15
14, 18, 11, 2, 23, 14, 14, 11, 9, 23
18, 13, 5, 23, 5, 6, 15, 7, 20
23, 9, 0, 23, 17, 21, 17, 8, 20, 20
23, 9, 23, 0, 21, 17, 8, 20, 17, 20
23, 9, 8, 0, 21, 20, 20, 17, 23, 17
23, 9, 23, 0, 17, 8, 20, 20, 21, 17
18, 13, 5, 23, 5, 6, 20, 7, 15
10, 9, 9, 20, 24, 14, 5, 18, 13, 9, 15
10, 9, 5, 9, 9, 24, 18, 20, 14, 13, 15
14, 18, 11, 2, 23, 14, 14, 9, 23, 11
14, 18, 11, 2, 23, 23, 11, 9, 14, 14
10, 9, 9, 5, 9, 24, 20, 14, 18, 13, 15
23, 9, 0, 23, 21, 8, 20, 17, 20, 17
23, 9, 23, 0, 21, 17, 17, 20, 20, 8
10, 9, 9, 5, 20, 14, 24, 9, 18, 13, 15
14, 18, 11, 2, 23, 23, 9, 11, 14, 14
10, 9, 5, 9, 20, 9, 24, 14, 15, 18, 13
10, 9, 9, 5, 9, 14, 15, 20, 24, 13, 18
18, 13, 5, 23, 5, 20, 6, 7, 15
23, 9, 23, 0, 8, 20, 17, 21, 20, 17
18, 13, 23, 5, 5, 6, 20, 7, 15
14, 23, 23, 18, 2, 11, 11, 9, 14, 14
18, 13, 5, 5, 23, 6, 15, 20, 7
23, 9, 0, 23, 21, 17, 20, 8, 17, 20
10, 9, 9, 5, 20, 24, 9, 14, 18, 15, 13
23, 9, 21, 0, 23, 17, 20, 8, 17, 20
20, 24, 2, 7, 18, 19, 12, 10
18, 13, 5, 5, 23, 6, 20, 15, 7
18, 13, 5, 5, 23, 6, 20, 7, 15
14, 18, 2, 11, 23, 23, 11, 9, 14, 14
20, 24, 7, 2, 18, 19, 12, 10
23, 9, 23, 0, 21, 17, 20, 8, 17, 20
20, 24, 7, 2, 18, 19, 12, 10
23, 9, 23, 0, 21, 17, 8, 20, 20, 17
18, 23, 13, 5, 5, 6, 20, 7, 15
10, 9, 9, 9, 5, 20, 14, 24, 18, 13, 15
20, 24, 2, 18, 7, 10, 19, 12
14, 18, 11, 2, 23, 23, 11, 14, 9, 14
14, 18, 11, 2, 23, 11, 23, 14, 9, 14
20, 24, 18, 19, 12, 7, 10, 2
18, 13, 5, 5, 23, 6, 20, 7, 15
18, 13, 5, 23, 5, 7, 6, 15, 20
20, 24, 2, 18, 7, 19, 12, 10
20, 24, 2, 7, 19, 12, 18, 10
10, 9, 9, 5, 24, 9, 20, 14, 18, 15, 13
10, 9, 9, 9, 5, 24, 20, 14, 13, 18, 15
10, 9, 9, 14, 20, 5, 9, 24, 18, 13, 15
20, 24, 2, 7, 18, 19, 12, 10
10, 9, 9, 5, 9, 18, 24, 14, 20, 15, 13
14, 18, 2, 11, 23, 11, 23, 9, 14, 14
23, 9, 0, 23, 21, 17, 20, 8, 17, 20
20, 24, 2, 18, 7, 19, 12, 10
20, 24, 2, 7, 18, 19, 12, 10
14, 18, 11, 2, 23, 23, 14, 11, 14, 9
23, 9, 23, 0, 21, 8, 17, 20, 17, 20
23, 9, 23, 0, 21, 20, 8, 17, 17, 20
10, 9, 9, 9, 5, 24, 20, 14, 18, 13, 15
15, 7, 6, 18, 5, 13, 20, 23, 5
20, 24, 2, 18, 19, 12, 7, 10
14, 18, 2, 11, 23, 23, 11, 9, 14, 14
14, 18, 11, 2, 23, 23, 14, 14, 11, 9
7, 20, 24, 2, 18, 19, 12, 10
14, 18, 2, 11, 23, 23, 9, 11, 14, 14
20, 24, 2, 18, 7, 19, 12, 10
10, 9, 9, 5, 9, 20, 18, 24, 14, 15, 13
12, 20, 18, 24, 19, 7, 10, 2
23, 9, 23, 0, 21, 17, 20, 8, 17, 20
23, 9, 0, 23, 21, 17, 20, 8, 17, 20
18, 13, 5, 23, 5, 7, 6, 15, 20
10, 9, 5, 9, 9, 20, 18, 13, 24, 14, 15
14, 18, 2, 11, 23, 23, 11, 9, 14, 14
23, 9, 0, 23, 21, 17, 20, 8, 17, 20
10, 9, 5, 9, 9, 18, 24, 20, 14, 13, 15
20, 24, 2, 7, 18, 19, 12, 10
23, 9, 0, 23, 17, 21, 20, 20, 8, 17
23, 9, 23, 8, 21, 0, 17, 20, 20, 17
10, 9, 9, 5, 9, 24, 20, 14, 15, 13, 18
18, 13, 5, 23, 5, 6, 7, 20, 15
10, 9, 9, 5, 15, 9, 24, 20, 14, 18, 13
10, 9, 9, 9, 18, 5, 15, 14, 13, 20, 24
20, 24, 7, 2, 18, 19, 12, 10
14, 18, 11, 2, 23, 23, 11, 14, 9, 14
10, 9, 5, 9, 9, 20, 14, 24, 18, 13, 15
10, 5, 9, 9, 9, 24, 14, 20, 18, 13, 15
18, 13, 5, 23, 5, 20, 6, 7, 15
14, 18, 11, 2, 23, 23, 11, 9, 14, 14
18, 13, 5, 23, 5, 6, 20, 7, 15
14, 18, 11, 2, 23, 23, 11, 9, 14, 14
18, 13, 5, 23, 5, 7, 15, 20, 6
18, 13, 5, 5, 23, 15, 6, 7, 20
10, 9, 9, 5, 9, 24, 20, 13, 15, 14, 18
23, 9, 23, 0, 21, 17, 20, 17, 8, 20
10, 9, 5, 9, 9, 24, 14, 20, 18, 15, 13
23, 9, 0, 21, 23, 17, 20, 8, 17, 20
20, 24, 2, 7, 19, 10, 12, 18
18, 13, 5, 23, 5, 20, 6, 7, 15
10, 9, 9, 5, 9, 14, 18, 24, 20, 13, 15
18, 13, 23, 5, 5, 6, 20, 7, 15
18, 13, 5, 23, 5, 20, 7, 6, 15
10, 9, 9, 5, 9, 24, 14, 20, 15, 13, 18
23, 9, 0, 23, 21, 17, 20, 8, 17, 20
14, 18, 2, 11, 23, 23, 11, 14, 14, 9
23, 9, 0, 23, 21, 20, 17, 8, 17, 20
20, 24, 2, 7, 18, 12, 10, 19
14, 18, 2, 23, 11, 23, 14, 11, 9, 14
10, 9, 9, 20, 24, 9, 14, 5, 13, 18, 15
18, 13, 5, 23, 5, 6, 20, 15, 7
18, 13, 5, 5, 23, 6, 20, 7, 15
18, 13, 5, 23, 5, 20, 6, 7, 15
18, 13, 5, 23, 5, 6, 20, 7, 15
14, 18, 23, 2, 23, 11, 11, 9, 14, 14
20, 24, 2, 7, 18, 19, 12, 10
10, 9, 5, 9, 9, 24, 15, 20, 18, 14, 13
23, 9, 23, 0, 21, 17, 20, 17, 8, 20
14, 18, 11, 2, 23, 23, 11, 14, 9, 14
23, 9, 23, 8, 20, 0, 17, 20, 21, 17
20, 24, 7, 12, 2, 10, 18, 19
14, 18, 2, 11, 23, 23, 14, 14, 9, 11
14, 18, 11, 2, 23, 11, 23, 9, 14, 14
10, 9, 9, 5, 9, 18, 24, 14, 20, 13, 15
14, 18, 11, 2, 23, 23, 11, 9, 14, 14
14, 18, 2, 11, 23, 14, 23, 9, 11, 14
18, 13, 5, 23, 5, 7, 15, 20, 6
10, 9, 9, 9, 24, 5, 20, 18, 14, 13, 15
10, 9, 24, 5, 9, 9, 20, 14, 18, 13, 15
18, 13, 5, 23, 5, 6, 20, 7, 15
14, 18, 2, 11, 23, 23, 11, 14, 14, 9
20, 24, 18, 7, 19, 2, 10, 12
14, 18, 11, 2, 23, 23, 11, 9, 14, 14
23, 9, 23, 0, 20, 17, 21, 20, 8, 17
23, 9, 23, 0, 21, 17, 20, 17, 8, 20
14, 18, 11, 2, 23, 23, 11, 9, 14, 14
14, 18, 2, 11, 23, 23, 11, 14, 14, 9
18, 13, 5, 23, 5, 6, 15, 7, 20
18, 13, 23, 5, 5, 6, 20, 7, 15
20, 24, 2, 7, 19, 12, 18, 10
10, 9, 5, 9, 9, 24, 18, 20, 14, 13, 15
20, 24, 7, 2, 18, 12, 19, 10
10, 9, 9, 9, 5, 24, 20, 18, 14, 13, 15
23, 9, 0, 23, 21, 17, 8, 20, 17, 20
20, 24, 2, 7, 18, 19, 12, 10
14, 18, 11, 2, 23, 14, 9, 14, 11, 23
18, 13, 5, 5, 23, 6, 20, 7, 15
23, 9, 23, 0, 17, 17, 20, 21, 20, 8
23, 9, 23, 8, 0, 17, 21, 20, 20, 17
14, 18, 2, 11, 23, 23, 11, 14, 9, 14
20, 24, 2, 7, 12, 10, 19, 18
10, 9, 9, 5, 9, 20, 24, 14, 15, 18, 13
10, 9, 5, 9, 9, 18, 14, 24, 15, 13, 20
20, 24, 7, 2, 18, 19, 10, 12
23, 9, 23, 0, 21, 17, 17, 8, 20, 20
20, 18, 24, 12, 7, 19, 2, 10
20, 24, 2, 7, 18, 19, 12, 10
18, 13, 5, 23, 6, 5, 7, 20, 15
20, 24, 2, 7, 18, 12, 19, 10
18, 13, 5, 23, 5, 6, 7, 20, 15
14, 18, 2, 11, 23, 23, 11, 14, 9, 14
23, 9, 23, 0, 21, 17, 20, 8, 17, 20
20, 7, 24, 2, 18, 10, 12, 19
23, 9, 23, 0, 17, 20, 8, 21, 17, 20
10, 9, 5, 9, 9, 24, 20, 14, 18, 13, 15
18, 13, 5, 23, 5, 6, 7, 15, 20
20, 24, 2, 7, 18, 12, 10, 19
10, 9, 9, 5, 18, 13, 15, 14, 9, 24, 20
18, 13, 5, 23, 5, 6, 20, 7, 15
10, 20, 24, 12, 18, 7, 19, 2
18, 13, 7, 15, 20, 6, 23, 5, 5
20, 7, 24, 2, 18, 19, 10, 12
18, 20, 19, 24, 7, 12, 2, 10
20, 18, 24, 7, 2, 19, 10, 12
20, 24, 12, 18, 19, 7, 2, 10
14, 18, 11, 2, 14, 14, 23, 23, 11, 9
20, 24, 7, 2, 18, 12, 19, 10
18, 13, 5, 23, 5, 6, 7, 15, 20
23, 9, 23, 0, 21, 17, 8, 20, 17, 20
23, 9, 0, 23, 17, 21, 20, 8, 20, 17
14, 18, 11, 2, 14, 23, 23, 14, 9, 11
23, 9, 23, 0, 21, 8, 17, 17, 20, 20
18, 13, 23, 5, 5, 6, 20, 7, 15
10, 5, 9, 9, 24, 9, 20, 14, 18, 15, 13
20, 24, 7, 2, 10, 18, 12, 19
20, 24, 12, 10, 7, 19, 2, 18
20, 24, 2, 7, 10, 18, 12, 19
10, 19, 20, 18, 12, 24, 7, 2
10, 9, 5, 9, 9, 20, 24, 14, 18, 15, 13
14, 18, 11, 2, 23, 23, 11, 9, 14, 14
23, 9, 0, 21, 23, 17, 20, 17, 20, 8
20, 24, 2, 7, 12, 19, 10, 18
20, 24, 7, 18, 2, 12, 19, 10
20, 24, 2, 7, 18, 12, 19, 10
23, 9, 23, 21, 0, 17, 20, 20, 8, 17
10, 9, 9, 18, 5, 20, 14, 24, 13, 15, 9
10, 9, 9, 9, 5, 14, 18, 20, 24, 15, 13
14, 18, 11, 2, 23, 23, 11, 9, 14, 14
18, 13, 6, 20, 5, 5, 7, 23, 15
18, 23, 13, 5, 5, 6, 7, 20, 15
10, 9, 9, 9, 20, 24, 5, 14, 18, 13, 15
18, 13, 23, 5, 5, 6, 20, 15, 7
20, 24, 2, 7, 19, 12, 18, 10
14, 18, 11, 2, 23, 23, 11, 9, 14, 14
14, 18, 11, 2, 23, 23, 11, 9, 14, 14
20, 24, 2, 7, 18, 12, 19, 10
14, 23, 2, 18, 23, 11, 11, 9, 14, 14
18, 13, 23, 5, 5, 6, 15, 7, 20
10, 9, 5, 9, 9, 24, 20, 14, 15, 13, 18
14, 18, 23, 11, 2, 23, 11, 9, 14, 14
20, 24, 2, 18, 7, 10, 12, 19
23, 9, 0, 23, 21, 17, 17, 8, 20, 20
18, 13, 23, 5, 5, 6, 20, 15, 7
20, 24, 7, 2, 10, 12, 18, 19
10, 9, 9, 5, 9, 24, 20, 13, 18, 14, 15
14, 18, 11, 2, 23, 23, 11, 9, 14, 14
18, 13, 23, 5, 5, 6, 20, 7, 15
14, 18, 11, 2, 23, 23, 11, 14, 9, 14
20, 24, 2, 7, 18, 19, 12, 10
23, 9, 23, 0, 21, 17, 20, 17, 8, 20
18, 13, 5, 23, 5, 7, 20, 15, 6
20, 24, 7, 2, 18, 19, 12, 10
18, 13, 5, 23, 6, 5, 20, 7, 15
18, 13, 23, 5, 20, 7, 6, 5, 15
20, 24, 2, 18, 7, 19, 12, 10
18, 13, 5, 23, 5, 6, 20, 7, 15
20, 24, 2, 7, 18, 19, 12, 10
10, 9, 9, 5, 24, 9, 20, 15, 18, 14, 13
18, 13, 5, 6, 5, 23, 15, 20, 7
20, 24, 2, 7, 12, 18, 19, 10
10, 9, 9, 5, 14, 20, 24, 9, 18, 13, 15
18, 13, 5, 23, 6, 5, 20, 15, 7
14, 18, 11, 2, 23, 23, 11, 14, 9, 14
10, 9, 9, 9, 5, 24, 20, 15, 13, 18, 14
20, 24, 2, 7, 12, 19, 18, 10
10, 9, 9, 5, 9, 24, 20, 18, 13, 14, 15
10, 9, 9, 5, 9, 24, 20, 14, 18, 15, 13
14, 18, 11, 23, 2, 11, 23, 9, 14, 14
10, 9, 5, 9, 9, 24, 13, 20, 15, 18, 14
23, 9, 23, 0, 21, 17, 8, 20, 17, 20
23, 9, 23, 0, 21, 20, 17, 8, 20, 17
23, 9, 23, 21, 0, 17, 20, 17, 8, 20
18, 13, 23, 5, 5, 6, 20, 7, 15
18, 6, 13, 5, 23, 5, 7, 20, 15
18, 13, 23, 5, 6, 5, 15, 7, 20
