(330, 20), (444, 24), (465, 2), (633, 7), (760, 18), (856, 19), (875, 12), (931, 10)
(460, 23), (480, 9), (566, 23), (731, 0), (950, 21), (1137, 17), (1463, 20), (1524, 8), (1776, 17), (1848, 20)
(398, 14), (494, 18), (593, 11), (679, 2), (800, 23), (909, 23), (1158, 11), (1306, 9), (1357, 14), (1669, 14)
(84, 14), (226, 18), (299, 11), (386, 2), (454, 23), (560, 23), (860, 11), (1006, 9), (1045, 14), (1293, 14)
(376, 14), (506, 18), (582, 11), (685, 2), (894, 23), (997, 23), (1056, 11), (1219, 9), (1258, 14), (1545, 14)
(270, 23), (316, 9), (440, 23), (631, 0), (717, 21), (891, 17), (998, 20), (1022, 8), (1114, 17), (1187, 20)
(184, 10), (256, 9), (496, 9), (662, 5), (823, 9), (888, 24), (1159, 20), (1252, 14), (1302, 18), (1394, 13), (1441, 15)
(81, 10), (173, 9), (390, 9), (511, 5), (558, 9), (705, 24), (832, 20), (927, 14), (986, 18), (1094, 13), (1147, 15)
(329, 14), (432, 18), (532, 11), (609, 2), (854, 23), (958, 23), (1055, 11), (1226, 9), (1265, 14), (1430, 14)
(76, 20), (188, 24), (257, 2), (385, 7), (559, 18), (642, 19), (653, 12), (879, 10)
(125, 18), (201, 13), (227, 5), (328, 23), (491, 5), (626, 6), (870, 20), (891, 7), (954, 15)
(228, 20), (299, 24), (375, 2), (506, 7), (711, 18), (764, 19), (794, 12), (878, 10)
(482, 14), (606, 18), (710, 11), (815, 2), (989, 23), (1092, 23), (1215, 11), (1308, 9), (1360, 14), (1688, 14)
(291, 10), (381, 9), (440, 9), (741, 5), (1036, 9), (1124, 24), (1316, 20), (1388, 14), (1616, 18), (1744, 13), (1900, 15)
(427, 14), (540, 18), (627, 11), (722, 2), (977, 23), (1089, 23), (1295, 11), (1480, 9), (1486, 14), (1585, 14)
(388, 18), (414, 13), (502, 5), (586, 23), (734, 5), (779, 6), (920, 20), (958, 7), (1066, 15)
(81, 10), (120, 9), (266, 9), (457, 5), (577, 9), (692, 24), (799, 20), (865, 14), (926, 18), (1087, 13), (1143, 15)
(25, 14), (150, 18), (239, 11), (334, 2), (510, 23), (622, 23), (766, 11), (872, 9), (903, 14), (973, 14)
(320, 23), (531, 9), (686, 23), (977, 0), (1077, 21), (1359, 17), (1501, 20), (1558, 8), (1663, 17), (1745, 20)
(252, 14), (354, 18), (412, 11), (489, 2), (659, 23), (762, 23), (927, 11), (1110, 9), (1120, 14), (1321, 14)
(273, 14), (459, 18), (533, 11), (614, 2), (718, 23), (824, 23), (998, 11), (1140, 9), (1176, 14), (1285, 14)
(436, 20), (540, 24), (617, 2), (684, 7), (850, 18), (942, 19), (963, 12), (1020, 10)
(490, 20), (591, 24), (768, 2), (943, 7), (1048, 18), (1114, 19), (1125, 12), (1314, 10)
(227, 20), (324, 24), (475, 2), (576, 7), (667, 18), (728, 19), (751, 12), (957, 10)
(235, 23), (344, 9), (520, 23), (668, 0), (842, 21), (932, 17), (1027, 20), (1087, 8), (1315, 17), (1398, 20)
(393, 10), (502, 9), (600, 9), (881, 5), (1042, 9), (1118, 24), (1405, 20), (1492, 14), (1752, 18), (1946, 13), (1988, 15)
(246, 18), (296, 13), (393, 5), (538, 23), (721, 5), (857, 6), (1013, 20), (1052, 7), (1169, 15)
(70, 18), (148, 13), (238, 5), (359, 23), (422, 5), (478, 6), (719, 20), (747, 7), (857, 15)
(56, 10), (101, 9), (134, 9), (187, 5), (222, 9), (327, 24), (550, 20), (630, 14), (766, 18), (912, 13), (1045, 15)
(378, 14), (576, 18), (652, 11), (710, 2), (915, 23), (1014, 23), (1243, 11), (1336, 9), (1383, 14), (1615, 14)
(150, 23), (222, 9), (288, 23), (381, 0), (484, 21), (747, 17), (921, 20), (984, 8), (1299, 17), (1369, 20)
(350, 10), (406, 9), (645, 9), (900, 5), (922, 9), (1066, 24), (1248, 20), (1316, 14), (1568, 18), (1742, 13), (1781, 15)
(296, 23), (326, 9), (576, 23), (635, 0), (698, 21), (855, 17), (1074, 20), (1099, 8), (1211, 17), (1274, 20)
(206, 20), (261, 24), (466, 2), (480, 7), (589, 18), (674, 19), (704, 12), (878, 10)
(390, 18), (432, 13), (487, 5), (683, 23), (805, 5), (978, 6), (1168, 20), (1203, 7), (1281, 15)
(211, 14), (338, 18), (399, 11), (456, 2), (714, 23), (823, 23), (892, 11), (982, 9), (1004, 14), (1229, 14)
(127, 14), (243, 18), (337, 11), (397, 2), (552, 23), (650, 23), (895, 11), (1014, 9), (1078, 14), (1388, 14)
(107, 10), (204, 9), (243, 9), (385, 5), (617, 9), (736, 24), (825, 20), (903, 14), (961, 18), (1185, 13), (1214, 15)
(47, 10), (97, 9), (305, 9), (498, 5), (555, 9), (666, 24), (699, 20), (810, 14), (949, 18), (1126, 13), (1145, 15)
(67, 23), (183, 9), (431, 23), (674, 0), (840, 21), (1125, 17), (1402, 20), (1424, 8), (1548, 17), (1607, 20)
(10, 14), (179, 18), (270, 11), (361, 2), (606, 23), (710, 23), (849, 11), (988, 9), (1009, 14), (1235, 14)
(330, 18), (357, 13), (447, 5), (540, 23), (677, 5), (759, 6), (941, 20), (980, 7), (1096, 15)
(236, 10), (275, 9), (416, 9), (475, 5), (722, 9), (910, 24), (1040, 20), (1148, 14), (1402, 18), (1553, 13), (1578, 15)
(147, 20), (204, 24), (408, 2), (441, 7), (535, 18), (623, 19), (629, 12), (759, 10)
(424, 18), (501, 13), (580, 5), (700, 23), (878, 5), (1084, 6), (1340, 20), (1366, 7), (1460, 15)
(93, 10), (143, 9), (211, 9), (347, 5), (429, 9), (614, 24), (859, 20), (942, 14), (1099, 18), (1318, 13), (1348, 15)
(214, 10), (272, 9), (322, 9), (613, 5), (711, 9), (847, 24), (909, 20), (1033, 14), (1274, 18), (1469, 13), (1533, 15)
(79, 23), (154, 9), (219, 23), (379, 0), (466, 21), (592, 17), (665, 20), (722, 8), (978, 17), (1060, 20)
(89, 10), (184, 9), (243, 9), (443, 5), (516, 9), (610, 24), (673, 20), (790, 14), (1039, 18), (1262, 13), (1285, 15)
(431, 23), (602, 9), (692, 23), (911, 0), (1145, 21), (1337, 17), (1530, 20), (1551, 8), (1794, 17), (1883, 20)
(431, 10), (497, 9), (540, 9), (828, 5), (1011, 9), (1184, 24), (1311, 20), (1418, 14), (1631, 18), (1769, 13), (1836, 15)
(458, 14), (605, 18), (701, 11), (770, 2), (994, 23), (1092, 23), (1147, 11), (1249, 9), (1283, 14), (1418, 14)
(203, 14), (393, 18), (465, 11), (558, 2), (644, 23), (752, 23), (956, 11), (1143, 9), (1180, 14), (1471, 14)
(306, 10), (379, 9), (637, 9), (858, 5), (1102, 9), (1305, 24), (1434, 20), (1545, 14), (1781, 18), (1869, 13), (2045, 15)
(480, 18), (550, 13), (633, 5), (710, 23), (918, 5), (1076, 6), (1231, 20), (1252, 7), (1364, 15)
(257, 20), (337, 24), (521, 2), (591, 7), (712, 18), (775, 19), (793, 12), (877, 10)
(118, 18), (189, 13), (303, 5), (446, 23), (500, 5), (601, 6), (659, 20), (684, 7), (759, 15)
(108, 18), (131, 13), (207, 5), (297, 23), (453, 5), (702, 6), (962, 20), (986, 7), (1067, 15)
(40, 23), (256, 9), (397, 23), (651, 0), (812, 21), (1001, 17), (1121, 20), (1151, 8), (1471, 17), (1534, 20)
(418, 14), (510, 18), (596, 11), (669, 2), (884, 23), (993, 23), (1309, 11), (1466, 9), (1530, 14), (1745, 14)
(76, 10), (147, 9), (288, 9), (501, 5), (542, 9), (602, 24), (868, 20), (968, 14), (1223, 18), (1383, 13), (1479, 15)
(205, 20), (264, 24), (301, 2), (431, 7), (645, 18), (727, 19), (745, 12), (918, 10)
(498, 18), (524, 13), (579, 5), (744, 23), (834, 5), (1000, 6), (1110, 20), (1151, 7), (1290, 15)
(401, 10), (450, 9), (491, 9), (667, 5), (948, 9), (1102, 24), (1303, 20), (1387, 14), (1511, 18), (1614, 13), (1793, 15)
(434, 14), (632, 18), (698, 11), (763, 2), (895, 23), (996, 23), (1081, 11), (1185, 9), (1214, 14), (1397, 14)
(332, 10), (441, 9), (685, 9), (868, 5), (1103, 9), (1173, 24), (1403, 20), (1479, 14), (1570, 18), (1716, 13), (1877, 15)
(469, 23), (672, 9), (780, 23), (980, 0), (1096, 21), (1325, 17), (1446, 20), (1478, 8), (1719, 17), (1792, 20)
(408, 18), (474, 13), (597, 5), (755, 23), (860, 5), (1076, 6), (1245, 20), (1279, 7), (1406, 15)
(67, 18), (140, 13), (244, 5), (359, 23), (421, 5), (509, 6), (597, 20), (619, 7), (697, 15)
(270, 20), (355, 24), (382, 2), (562, 7), (663, 18), (725, 19), (741, 12), (965, 10)
(114, 14), (233, 18), (337, 11), (429, 2), (662, 23), (769, 23), (1032, 11), (1166, 9), (1183, 14), (1430, 14)
(356, 20), (429, 24), (482, 2), (574, 7), (657, 18), (762, 19), (781, 12), (982, 10)
(371, 18), (393, 13), (460, 5), (646, 23), (693, 5), (790, 6), (914, 20), (943, 7), (1049, 15)
(11, 23), (139, 9), (224, 23), (406, 0), (560, 21), (800, 17), (890, 20), (918, 8), (1150, 17), (1219, 20)
(108, 14), (289, 18), (372, 11), (466, 2), (628, 23), (736, 23), (972, 11), (1136, 9), (1188, 14), (1253, 14)
(410, 18), (455, 13), (499, 5), (672, 23), (734, 5), (901, 6), (1087, 20), (1122, 7), (1241, 15)
(317, 10), (378, 9), (540, 9), (712, 5), (882, 9), (1025, 24), (1249, 20), (1330, 14), (1597, 18), (1696, 13), (1781, 15)
(370, 18), (431, 13), (549, 5), (691, 23), (827, 5), (1026, 6), (1265, 20), (1297, 7), (1404, 15)
(266, 18), (335, 13), (468, 5), (601, 23), (693, 5), (858, 6), (1071, 20), (1113, 7), (1191, 15)
(145, 18), (218, 13), (262, 5), (459, 23), (507, 5), (760, 6), (896, 20), (915, 7), (1005, 15)
(268, 10), (371, 9), (464, 9), (588, 5), (665, 9), (811, 24), (931, 20), (1042, 14), (1092, 18), (1191, 13), (1351, 15)
(38, 23), (177, 9), (342, 23), (486, 0), (689, 21), (784, 17), (917, 20), (949, 8), (1259, 17), (1336, 20)
(242, 10), (314, 9), (486, 9), (764, 5), (964, 9), (1078, 24), (1267, 20), (1343, 14), (1536, 18), (1735, 13), (1858, 15)
(335, 14), (442, 18), (528, 11), (585, 2), (831, 23), (937, 23), (1254, 11), (1398, 9), (1408, 14), (1711, 14)
(268, 10), (328, 9), (598, 9), (902, 5), (958, 9), (1035, 24), (1109, 20), (1196, 14), (1289, 18), (1431, 13), (1554, 15)
(139, 23), (256, 9), (383, 23), (553, 0), (622, 21), (775, 17), (899, 20), (936, 8), (1159, 17), (1232, 20)
(207, 10), (273, 9), (406, 9), (638, 5), (713, 9), (830, 24), (1114, 20), (1207, 14), (1243, 18), (1486, 13), (1530, 15)
(3, 10), (75, 9), (326, 9), (541, 5), (563, 9), (737, 24), (882, 20), (992, 14), (1227, 18), (1389, 13), (1463, 15)
(200, 18), (278, 13), (374, 5), (471, 23), (634, 5), (776, 6), (984, 20), (1023, 7), (1148, 15)
(265, 20), (327, 24), (395, 2), (526, 7), (606, 18), (666, 19), (672, 12), (756, 10)
(494, 10), (550, 9), (694, 9), (779, 5), (920, 9), (1105, 24), (1352, 20), (1428, 14), (1560, 18), (1787, 13), (1929, 15)
(476, 18), (519, 13), (576, 5), (728, 23), (821, 5), (1031, 6), (1170, 20), (1185, 7), (1279, 15)
(380, 14), (561, 18), (632, 11), (740, 2), (872, 23), (983, 23), (1068, 11), (1248, 9), (1261, 14), (1376, 14)
(81, 14), (241, 18), (339, 11), (414, 2), (540, 23), (639, 23), (958, 11), (1106, 9), (1122, 14), (1334, 14)
(278, 10), (318, 9), (439, 9), (665, 5), (728, 9), (831, 24), (936, 20), (1014, 14), (1196, 18), (1322, 13), (1365, 15)
(440, 14), (533, 18), (630, 11), (738, 2), (971, 23), (1073, 23), (1323, 11), (1523, 9), (1562, 14), (1776, 14)
(468, 20), (524, 24), (681, 2), (731, 7), (859, 18), (938, 19), (960, 12), (1180, 10)
(10, 20), (76, 24), (171, 2), (273, 7), (487, 18), (574, 19), (583, 12), (653, 10)
(386, 10), (494, 9), (779, 9), (1065, 5), (1301, 9), (1434, 24), (1465, 20), (1552, 14), (1587, 18), (1749, 13), (1777, 15)
(36, 10), (104, 9), (330, 9), (535, 5), (810, 9), (936, 24), (1202, 20), (1274, 14), (1408, 18), (1601, 13), (1711, 15)
(230, 23), (429, 9), (494, 23), (559, 0), (786, 21), (993, 17), (1322, 20), (1364, 8), (1671, 17), (1733, 20)
(340, 20), (418, 24), (501, 2), (713, 7), (880, 18), (941, 19), (961, 12), (1181, 10)
(243, 20), (303, 24), (496, 2), (517, 7), (563, 18), (643, 19), (651, 12), (865, 10)
(96, 14), (273, 18), (337, 11), (435, 2), (674, 23), (782, 23), (963, 11), (1078, 9), (1131, 14), (1435, 14)
(407, 14), (598, 18), (681, 11), (750, 2), (889, 23), (990, 23), (1107, 11), (1278, 9), (1337, 14), (1622, 14)
(100, 18), (138, 13), (165, 5), (289, 23), (471, 5), (680, 6), (944, 20), (972, 7), (1051, 15)
(262, 18), (328, 13), (407, 5), (590, 23), (680, 5), (771, 6), (1012, 20), (1037, 7), (1170, 15)
(287, 23), (415, 9), (600, 23), (882, 0), (1028, 21), (1139, 17), (1388, 20), (1429, 8), (1609, 17), (1679, 20)
(129, 23), (184, 9), (373, 23), (462, 0), (633, 21), (855, 17), (1035, 20), (1079, 8), (1343, 17), (1399, 20)
(413, 10), (453, 9), (751, 9), (905, 5), (950, 9), (1118, 24), (1176, 20), (1244, 14), (1370, 18), (1593, 13), (1702, 15)
(430, 10), (533, 9), (741, 9), (795, 5), (1072, 9), (1188, 24), (1405, 20), (1479, 14), (1730, 18), (1946, 13), (2084, 15)
(418, 20), (456, 24), (555, 2), (738, 7), (839, 18), (922, 19), (938, 12), (1181, 10)
(308, 14), (499, 18), (560, 11), (650, 2), (802, 23), (900, 23), (1065, 11), (1238, 9), (1247, 14), (1382, 14)
(81, 20), (117, 24), (147, 2), (228, 7), (391, 18), (461, 19), (477, 12), (728, 10)
(177, 20), (241, 24), (286, 2), (374, 7), (599, 18), (649, 19), (670, 12), (849, 10)
(320, 20), (430, 24), (632, 2), (784, 7), (1030, 18), (1116, 19), (1127, 12), (1235, 10)
(375, 18), (399, 13), (464, 5), (574, 23), (640, 5), (837, 6), (986, 20), (1024, 7), (1124, 15)
(383, 20), (470, 24), (577, 2), (770, 7), (944, 18), (1036, 19), (1065, 12), (1243, 10)
(354, 18), (380, 13), (447, 5), (567, 23), (707, 5), (818, 6), (985, 20), (1022, 7), (1158, 15)
(475, 14), (636, 18), (726, 11), (798, 2), (1028, 23), (1137, 23), (1253, 11), (1451, 9), (1479, 14), (1763, 14)
(362, 14), (492, 18), (587, 11), (644, 2), (768, 23), (879, 23), (959, 11), (1135, 9), (1144, 14), (1408, 14)
(136, 20), (199, 24), (361, 2), (517, 7), (597, 18), (695, 19), (703, 12), (870, 10)
(430, 20), (488, 24), (562, 2), (611, 7), (739, 18), (821, 19), (848, 12), (1095, 10)
(158, 14), (282, 18), (353, 11), (419, 2), (547, 23), (656, 23), (769, 11), (872, 9), (907, 14), (1067, 14)
(151, 23), (300, 9), (562, 23), (842, 0), (1008, 21), (1186, 17), (1320, 20), (1378, 8), (1641, 17), (1712, 20)
(121, 18), (190, 13), (266, 5), (419, 23), (468, 5), (544, 6), (842, 20), (868, 7), (982, 15)
(402, 14), (603, 18), (686, 11), (779, 2), (964, 23), (1076, 23), (1329, 11), (1458, 9), (1469, 14), (1699, 14)
(69, 10), (144, 9), (230, 9), (421, 5), (680, 9), (733, 24), (794, 20), (866, 14), (1071, 18), (1301, 13), (1465, 15)
(398, 10), (467, 9), (596, 9), (899, 5), (994, 9), (1076, 24), (1266, 20), (1351, 14), (1560, 18), (1743, 13), (1837, 15)
(196, 20), (230, 24), (349, 2), (511, 7), (738, 18), (839, 19), (854, 12), (1038, 10)
(224, 14), (320, 18), (413, 11), (496, 2), (661, 23), (770, 23), (888, 11), (1036, 9), (1079, 14), (1196, 14)
(230, 14), (400, 18), (495, 11), (572, 2), (670, 23), (779, 23), (991, 11), (1109, 9), (1170, 14), (1371, 14)
(361, 20), (417, 24), (625, 2), (722, 7), (952, 18), (1055, 19), (1067, 12), (1172, 10)
(351, 23), (541, 9), (645, 23), (789, 0), (968, 21), (1067, 17), (1316, 20), (1379, 8), (1616, 17), (1678, 20)
(99, 14), (258, 18), (333, 11), (420, 2), (657, 23), (761, 23), (886, 11), (1038, 9), (1094, 14), (1235, 14)
(63, 20), (160, 24), (175, 2), (336, 7), (530, 18), (609, 19), (616, 12), (849, 10)
(16, 20), (123, 24), (200, 2), (248, 7), (379, 18), (470, 19), (477, 12), (537, 10)
(152, 14), (346, 18), (435, 11), (535, 2), (630, 23), (733, 23), (940, 11), (1143, 9), (1161, 14), (1437, 14)
(224, 18), (248, 13), (275, 5), (419, 23), (455, 5), (583, 6), (873, 20), (911, 7), (1037, 15)
(29, 23), (248, 9), (350, 23), (453, 0), (579, 21), (868, 17), (980, 20), (1014, 8), (1327, 17), (1394, 20)
(435, 10), (475, 9), (505, 9), (795, 5), (885, 9), (963, 24), (1212, 20), (1292, 14), (1399, 18), (1576, 13), (1682, 15)
(13, 14), (184, 18), (243, 11), (340, 2), (578, 23), (689, 23), (859, 11), (1039, 9), (1098, 14), (1325, 14)
(255, 20), (336, 24), (429, 2), (576, 7), (698, 18), (773, 19), (791, 12), (969, 10)
(19, 20), (53, 24), (86, 2), (179, 7), (255, 18), (307, 19), (325, 12), (484, 10)
(96, 10), (188, 9), (372, 9), (575, 5), (743, 9), (834, 24), (874, 20), (989, 14), (1103, 18), (1212, 13), (1252, 15)
(316, 23), (420, 9), (655, 23), (843, 0), (1006, 21), (1170, 17), (1455, 20), (1500, 8), (1766, 17), (1833, 20)
(111, 10), (222, 9), (323, 9), (551, 5), (757, 9), (890, 24), (990, 20), (1097, 14), (1224, 18), (1394, 13), (1464, 15)
(470, 18), (526, 13), (555, 5), (666, 23), (723, 5), (781, 6), (858, 20), (876, 7), (948, 15)
(313, 23), (505, 9), (732, 23), (993, 0), (1137, 21), (1404, 17), (1589, 20), (1636, 8), (1938, 17), (2004, 20)
(34, 18), (104, 13), (147, 5), (332, 23), (418, 5), (645, 6), (714, 20), (754, 7), (849, 15)
(337, 23), (409, 9), (626, 23), (716, 0), (977, 21), (1210, 17), (1283, 20), (1339, 8), (1498, 17), (1560, 20)
(68, 20), (151, 24), (187, 2), (379, 7), (511, 18), (604, 19), (617, 12), (709, 10)
(336, 18), (408, 13), (446, 5), (572, 23), (685, 5), (883, 6), (1105, 20), (1129, 7), (1234, 15)
(475, 23), (647, 9), (717, 23), (1003, 0), (1083, 21), (1196, 17), (1338, 20), (1396, 8), (1486, 17), (1549, 20)
(89, 14), (226, 18), (316, 11), (389, 2), (622, 23), (724, 23), (788, 11), (951, 9), (962, 14), (1249, 14)
(442, 20), (483, 24), (525, 2), (707, 7), (843, 18), (926, 19), (954, 12), (1051, 10)
(368, 23), (537, 9), (794, 23), (989, 0), (1198, 21), (1310, 17), (1371, 20), (1413, 8), (1636, 17), (1699, 20)
(130, 14), (236, 18), (308, 11), (377, 2), (516, 23), (626, 23), (781, 11), (898, 9), (924, 14), (1130, 14)
(89, 18), (161, 13), (196, 5), (389, 23), (469, 5), (552, 6), (667, 20), (687, 7), (777, 15)
(32, 14), (211, 18), (280, 11), (348, 2), (547, 23), (645, 23), (712, 11), (907, 9), (934, 14), (1118, 14)
(435, 23), (454, 9), (588, 23), (676, 0), (762, 21), (885, 17), (984, 20), (1031, 8), (1246, 17), (1330, 20)
(16, 20), (73, 24), (229, 2), (365, 7), (498, 18), (580, 19), (599, 12), (686, 10)
(483, 23), (630, 9), (747, 23), (811, 0), (948, 21), (1112, 17), (1184, 20), (1206, 8), (1349, 17), (1432, 20)
(270, 23), (442, 9), (576, 23), (633, 0), (754, 21), (915, 17), (998, 20), (1059, 8), (1266, 17), (1334, 20)
(234, 20), (311, 24), (487, 2), (571, 7), (714, 18), (823, 19), (851, 12), (1013, 10)
(305, 20), (374, 24), (456, 2), (599, 7), (678, 18), (741, 19), (771, 12), (873, 10)
(23, 20), (56, 24), (108, 2), (254, 7), (355, 18), (437, 19), (460, 12), (521, 10)
(318, 20), (418, 24), (480, 2), (636, 7), (798, 18), (873, 19), (893, 12), (953, 10)
(44, 10), (153, 9), (208, 9), (274, 5), (415, 9), (575, 24), (760, 20), (835, 14), (1067, 18), (1313, 13), (1484, 15)
(51, 14), (194, 18), (263, 11), (357, 2), (609, 23), (714, 23), (788, 11), (945, 9), (987, 14), (1275, 14)
(381, 18), (443, 13), (481, 5), (652, 23), (700, 5), (776, 6), (953, 20), (991, 7), (1086, 15)
(398, 18), (419, 13), (508, 5), (662, 23), (849, 5), (912, 6), (1164, 20), (1191, 7), (1261, 15)
(158, 18), (188, 13), (271, 5), (362, 23), (408, 5), (453, 6), (698, 20), (718, 7), (783, 15)
(245, 23), (303, 9), (406, 23), (584, 0), (697, 21), (843, 17), (933, 20), (960, 8), (1063, 17), (1123, 20)
(324, 20), (428, 24), (496, 2), (546, 7), (609, 18), (705, 19), (710, 12), (924, 10)
(199, 20), (288, 24), (351, 2), (498, 7), (705, 18), (812, 19), (817, 12), (918, 10)
(264, 23), (285, 9), (432, 23), (670, 0), (877, 21), (1064, 17), (1160, 20), (1223, 8), (1476, 17), (1554, 20)
(311, 23), (467, 9), (653, 23), (804, 0), (968, 21), (1062, 17), (1271, 20), (1300, 8), (1446, 17), (1501, 20)
(210, 23), (361, 9), (587, 23), (699, 0), (850, 21), (971, 17), (1084, 20), (1124, 8), (1291, 17), (1358, 20)
(25, 23), (186, 9), (394, 23), (554, 0), (705, 21), (877, 17), (1162, 20), (1185, 8), (1501, 17), (1590, 20)
(105, 23), (261, 9), (365, 23), (647, 0), (747, 21), (926, 17), (1003, 20), (1045, 8), (1145, 17), (1224, 20)
(457, 20), (551, 24), (657, 2), (797, 7), (888, 18), (939, 19), (970, 12), (1213, 10)
(308, 10), (377, 9), (619, 9), (797, 5), (929, 9), (1088, 24), (1225, 20), (1329, 14), (1371, 18), (1451, 13), (1567, 15)
(249, 14), (401, 18), (460, 11), (563, 2), (821, 23), (929, 23), (1135, 11), (1229, 9), (1269, 14), (1560, 14)
(453, 23), (551, 9), (707, 23), (1006, 0), (1217, 21), (1445, 17), (1677, 20), (1703, 8), (1912, 17), (1973, 20)
(396, 23), (619, 9), (865, 23), (954, 0), (1118, 21), (1222, 17), (1473, 20), (1533, 8), (1632, 17), (1689, 20)
(151, 14), (353, 18), (417, 11), (506, 2), (738, 23), (848, 23), (1013, 11), (1121, 9), (1162, 14), (1343, 14)
(453, 23), (545, 9), (643, 23), (884, 0), (1129, 21), (1401, 17), (1654, 20), (1719, 8), (2042, 17), (2101, 20)
(121, 20), (206, 24), (299, 2), (395, 7), (481, 18), (576, 19), (593, 12), (754, 10)
(336, 14), (431, 18), (519, 11), (599, 2), (703, 23), (803, 23), (927, 11), (1033, 9), (1069, 14), (1331, 14)
(388, 10), (428, 9), (538, 9), (660, 5), (700, 9), (841, 24), (920, 20), (1036, 14), (1217, 18), (1388, 13), (1463, 15)
(168, 18), (209, 13), (253, 5), (352, 23), (396, 5), (556, 6), (666, 20), (690, 7), (811, 15)
(407, 18), (461, 13), (561, 5), (720, 23), (886, 5), (1111, 6), (1272, 20), (1306, 7), (1445, 15)
(191, 23), (404, 9), (608, 23), (740, 0), (977, 21), (1101, 17), (1163, 20), (1211, 8), (1523, 17), (1600, 20)
(72, 18), (136, 13), (204, 5), (370, 23), (406, 5), (530, 6), (800, 20), (820, 7), (910, 15)
(142, 14), (234, 18), (292, 11), (396, 2), (601, 23), (709, 23), (998, 11), (1171, 9), (1196, 14), (1415, 14)
(361, 18), (420, 13), (482, 5), (652, 23), (797, 5), (1042, 6), (1096, 20), (1127, 7), (1228, 15)
(28, 14), (227, 18), (311, 11), (407, 2), (651, 23), (754, 23), (1086, 11), (1238, 9), (1281, 14), (1519, 14)
(18, 20), (83, 24), (279, 2), (330, 7), (514, 18), (614, 19), (624, 12), (855, 10)
(403, 18), (448, 13), (554, 5), (692, 23), (863, 5), (940, 6), (1202, 20), (1231, 7), (1306, 15)
(198, 23), (376, 9), (609, 23), (906, 0), (1079, 21), (1379, 17), (1550, 20), (1602, 8), (1745, 17), (1828, 20)
(439, 23), (615, 9), (861, 23), (1138, 0), (1217, 21), (1427, 17), (1549, 20), (1584, 8), (1720, 17), (1800, 20)
(115, 23), (173, 9), (284, 23), (470, 0), (621, 21), (917, 17), (1101, 20), (1152, 8), (1390, 17), (1461, 20)
(456, 20), (497, 24), (671, 2), (711, 7), (931, 18), (1000, 19), (1026, 12), (1182, 10)
(306, 10), (386, 9), (680, 9), (976, 5), (1026, 9), (1076, 24), (1367, 20), (1491, 14), (1718, 18), (1870, 13), (1900, 15)
(347, 14), (532, 18), (598, 11), (694, 2), (828, 23), (926, 23), (1185, 11), (1344, 9), (1398, 14), (1652, 14)
(168, 14), (262, 18), (331, 11), (398, 2), (581, 23), (691, 23), (803, 11), (908, 9), (937, 14), (1168, 14)
(143, 14), (242, 18), (325, 11), (398, 2), (645, 23), (751, 23), (940, 11), (1059, 9), (1068, 14), (1212, 14)
(207, 23), (238, 9), (422, 23), (692, 0), (886, 21), (1122, 17), (1383, 20), (1440, 8), (1609, 17), (1672, 20)
(111, 14), (225, 18), (310, 11), (369, 2), (480, 23), (579, 23), (891, 11), (1082, 9), (1118, 14), (1196, 14)
(18, 14), (166, 18), (262, 11), (321, 2), (515, 23), (617, 23), (848, 11), (968, 9), (1031, 14), (1119, 14)
(241, 23), (335, 9), (400, 23), (545, 0), (624, 21), (767, 17), (1063, 20), (1117, 8), (1219, 17), (1298, 20)
(93, 14), (267, 18), (371, 11), (468, 2), (655, 23), (754, 23), (878, 11), (1057, 9), (1102, 14), (1275, 14)
(27, 14), (206, 18), (301, 11), (399, 2), (630, 23), (730, 23), (887, 11), (990, 9), (1051, 14), (1338, 14)
(325, 23), (425, 9), (647, 23), (842, 0), (931, 21), (1078, 17), (1268, 20), (1306, 8), (1417, 17), (1491, 20)
(355, 14), (454, 18), (513, 11), (575, 2), (668, 23), (766, 23), (928, 11), (1116, 9), (1167, 14), (1367, 14)
(469, 10), (524, 9), (813, 9), (1068, 5), (1306, 9), (1467, 24), (1743, 20), (1815, 14), (2018, 18), (2139, 13), (2237, 15)
(332, 14), (534, 18), (636, 11), (732, 2), (868, 23), (976, 23), (1096, 11), (1273, 9), (1307, 14), (1559, 14)
(5, 14), (182, 18), (280, 11), (370, 2), (549, 23), (658, 23), (761, 11), (878, 9), (882, 14), (1156, 14)
(155, 18), (186, 13), (261, 5), (438, 23), (648, 5), (800, 6), (944, 20), (983, 7), (1076, 15)
(126, 18), (163, 13), (249, 5), (325, 23), (431, 5), (526, 6), (748, 20), (773, 7), (888, 15)
(230, 10), (306, 9), (468, 9), (731, 5), (940, 9), (1029, 24), (1162, 20), (1280, 14), (1348, 18), (1525, 13), (1659, 15)
(384, 18), (431, 13), (454, 5), (628, 23), (702, 5), (754, 6), (860, 20), (893, 7), (1025, 15)
(372, 23), (479, 9), (584, 23), (764, 0), (933, 21), (1098, 17), (1427, 20), (1473, 8), (1662, 17), (1724, 20)
(479, 23), (700, 9), (897, 23), (983, 0), (1143, 21), (1333, 17), (1564, 20), (1614, 8), (1858, 17), (1919, 20)
(484, 14), (599, 18), (671, 11), (752, 2), (853, 23), (954, 23), (1047, 11), (1182, 9), (1242, 14), (1347, 14)
(346, 20), (430, 24), (569, 2), (702, 7), (896, 18), (996, 19), (1004, 12), (1186, 10)
(349, 10), (414, 9), (547, 9), (681, 5), (960, 9), (1030, 24), (1132, 20), (1212, 14), (1338, 18), (1576, 13), (1636, 15)
(286, 14), (437, 18), (497, 11), (598, 2), (736, 23), (837, 23), (1058, 11), (1159, 9), (1202, 14), (1396, 14)
(309, 23), (478, 9), (725, 23), (856, 0), (1105, 21), (1206, 17), (1388, 20), (1437, 8), (1606, 17), (1663, 20)
(327, 18), (373, 13), (405, 5), (526, 23), (604, 5), (721, 6), (947, 20), (977, 7), (1058, 15)
(415, 23), (448, 9), (617, 23), (702, 0), (935, 21), (1059, 17), (1327, 20), (1352, 8), (1511, 17), (1588, 20)
(226, 14), (320, 18), (399, 11), (508, 2), (605, 23), (707, 23), (944, 11), (1100, 9), (1111, 14), (1283, 14)
(417, 20), (461, 24), (530, 2), (708, 7), (933, 18), (1011, 19), (1031, 12), (1069, 10)
(329, 23), (486, 9), (595, 23), (860, 0), (1110, 21), (1277, 17), (1609, 20), (1648, 8), (1839, 17), (1905, 20)
(272, 23), (350, 9), (460, 23), (632, 0), (722, 21), (842, 17), (1136, 20), (1158, 8), (1279, 17), (1340, 20)
(31, 14), (186, 18), (256, 11), (342, 2), (464, 23), (570, 23), (707, 11), (887, 9), (908, 14), (1190, 14)
(95, 14), (249, 18), (316, 11), (380, 2), (647, 23), (747, 23), (1017, 11), (1117, 9), (1133, 14), (1319, 14)
(139, 10), (184, 9), (460, 9), (595, 5), (784, 9), (932, 24), (1130, 20), (1201, 14), (1424, 18), (1526, 13), (1569, 15)
(183, 23), (279, 9), (556, 23), (632, 0), (876, 21), (992, 17), (1180, 20), (1202, 8), (1383, 17), (1440, 20)
(442, 23), (628, 9), (893, 23), (999, 0), (1217, 21), (1418, 17), (1601, 20), (1623, 8), (1724, 17), (1801, 20)
(174, 23), (323, 9), (512, 23), (721, 0), (834, 21), (997, 17), (1284, 20), (1304, 8), (1614, 17), (1674, 20)
(243, 14), (366, 18), (435, 11), (495, 2), (623, 23), (729, 23), (1010, 11), (1124, 9), (1146, 14), (1402, 14)
(455, 14), (623, 18), (699, 11), (771, 2), (954, 23), (1059, 23), (1166, 11), (1275, 9), (1335, 14), (1570, 14)
(276, 10), (349, 9), (533, 9), (666, 5), (784, 9), (898, 24), (1087, 20), (1211, 14), (1289, 18), (1517, 13), (1690, 15)
(157, 10), (239, 9), (280, 9), (392, 5), (486, 9), (583, 24), (610, 20), (701, 14), (886, 18), (1005, 13), (1182, 15)
(3, 23), (115, 9), (275, 23), (366, 0), (457, 21), (707, 17), (1005, 20), (1043, 8), (1219, 17), (1278, 20)
(423, 10), (499, 9), (665, 9), (782, 5), (838, 9), (943, 24), (1046, 20), (1166, 14), (1227, 18), (1336, 13), (1373, 15)
(31, 14), (208, 18), (294, 11), (389, 2), (458, 23), (567, 23), (827, 11), (1009, 9), (1071, 14), (1281, 14)
(314, 10), (379, 9), (631, 9), (852, 5), (1110, 9), (1304, 24), (1582, 20), (1648, 14), (1728, 18), (1935, 13), (1966, 15)
(482, 18), (526, 13), (567, 5), (672, 23), (877, 5), (1122, 6), (1308, 20), (1323, 7), (1432, 15)
(116, 10), (161, 9), (459, 9), (640, 5), (935, 9), (1030, 24), (1110, 20), (1179, 14), (1358, 18), (1496, 13), (1601, 15)
(372, 10), (419, 9), (715, 9), (866, 5), (933, 9), (1092, 24), (1355, 20), (1428, 14), (1696, 18), (1827, 13), (1864, 15)
(320, 14), (490, 18), (547, 11), (618, 2), (777, 23), (888, 23), (1149, 11), (1349, 9), (1406, 14), (1652, 14)
(52, 10), (90, 9), (150, 9), (323, 5), (424, 9), (501, 24), (761, 20), (877, 14), (940, 18), (1090, 13), (1140, 15)
(380, 18), (413, 13), (452, 5), (542, 23), (678, 5), (930, 6), (1155, 20), (1178, 7), (1318, 15)
(178, 20), (265, 24), (465, 2), (640, 7), (835, 18), (911, 19), (922, 12), (955, 10)
(95, 20), (188, 24), (251, 2), (387, 7), (517, 18), (604, 19), (611, 12), (862, 10)
(122, 14), (210, 18), (269, 11), (358, 2), (562, 23), (668, 23), (957, 11), (1100, 9), (1162, 14), (1345, 14)
(215, 23), (310, 9), (411, 23), (482, 0), (616, 21), (847, 17), (991, 20), (1043, 8), (1152, 17), (1230, 20)
(89, 23), (235, 9), (426, 23), (708, 0), (855, 21), (1005, 17), (1251, 20), (1297, 8), (1438, 17), (1506, 20)
(259, 18), (325, 13), (351, 5), (515, 23), (625, 5), (815, 6), (927, 20), (965, 7), (1026, 15)
(85, 14), (268, 18), (369, 11), (461, 2), (668, 23), (777, 23), (955, 11), (1137, 9), (1151, 14), (1438, 14)
(87, 10), (131, 9), (328, 9), (546, 5), (594, 9), (674, 24), (958, 20), (1065, 14), (1290, 18), (1372, 13), (1502, 15)
(256, 23), (467, 9), (720, 23), (881, 0), (1074, 21), (1341, 17), (1627, 20), (1660, 8), (1827, 17), (1882, 20)
(95, 14), (199, 18), (297, 11), (359, 2), (508, 23), (610, 23), (799, 11), (950, 9), (970, 14), (1265, 14)
(199, 18), (220, 13), (312, 5), (396, 23), (480, 5), (523, 6), (605, 20), (625, 7), (726, 15)
(217, 14), (375, 18), (448, 11), (520, 2), (678, 23), (783, 23), (996, 11), (1184, 9), (1189, 14), (1404, 14)
(4, 18), (26, 13), (120, 5), (215, 23), (343, 5), (467, 6), (608, 20), (648, 7), (721, 15)
(28, 20), (72, 24), (260, 2), (420, 7), (589, 18), (650, 19), (660, 12), (803, 10)
(454, 14), (636, 18), (709, 11), (798, 2), (1010, 23), (1114, 23), (1397, 11), (1575, 9), (1599, 14), (1875, 14)
(97, 20), (143, 24), (183, 2), (394, 7), (463, 18), (549, 19), (572, 12), (783, 10)
(469, 23), (560, 9), (720, 23), (831, 0), (1073, 21), (1297, 17), (1520, 20), (1552, 8), (1829, 17), (1910, 20)
(211, 23), (333, 9), (592, 23), (761, 0), (1016, 21), (1290, 17), (1537, 20), (1565, 8), (1783, 17), (1851, 20)
(278, 10), (359, 9), (656, 9), (903, 5), (1106, 9), (1284, 24), (1404, 20), (1517, 14), (1771, 18), (1940, 13), (1989, 15)
(457, 23), (479, 9), (724, 23), (863, 0), (1041, 21), (1164, 17), (1396, 20), (1430, 8), (1635, 17), (1702, 20)
(183, 10), (239, 9), (299, 9), (350, 5), (445, 9), (544, 24), (571, 20), (646, 14), (833, 18), (938, 13), (1057, 15)
(130, 10), (241, 9), (528, 9), (620, 5), (902, 9), (970, 24), (1051, 20), (1174, 14), (1206, 18), (1299, 13), (1479, 15)
(113, 14), (272, 18), (372, 11), (462, 2), (729, 23), (828, 23), (945, 11), (1071, 9), (1116, 14), (1333, 14)
(277, 10), (325, 9), (383, 9), (467, 5), (495, 9), (595, 24), (832, 20), (933, 14), (999, 18), (1099, 13), (1136, 15)
(37, 14), (160, 18), (262, 11), (324, 2), (477, 23), (580, 23), (829, 11), (1005, 9), (1034, 14), (1149, 14)
(89, 14), (193, 18), (257, 11), (354, 2), (433, 23), (534, 23), (814, 11), (911, 9), (953, 14), (1064, 14)
(423, 14), (591, 18), (658, 11), (767, 2), (938, 23), (1044, 23), (1289, 11), (1438, 9), (1488, 14), (1751, 14)
(488, 10), (557, 9), (788, 9), (922, 5), (1097, 9), (1147, 24), (1199, 20), (1282, 14), (1480, 18), (1637, 13), (1716, 15)
(398, 14), (588, 18), (684, 11), (786, 2), (1014, 23), (1117, 23), (1446, 11), (1544, 9), (1563, 14), (1789, 14)
(415, 14), (577, 18), (661, 11), (748, 2), (984, 23), (1096, 23), (1293, 11), (1399, 9), (1450, 14), (1584, 14)
(91, 23), (224, 9), (324, 23), (584, 0), (813, 21), (1094, 17), (1233, 20), (1271, 8), (1382, 17), (1461, 20)
(146, 23), (172, 9), (386, 23), (507, 0), (655, 21), (823, 17), (1122, 20), (1182, 8), (1496, 17), (1555, 20)
(436, 20), (479, 24), (576, 2), (641, 7), (718, 18), (787, 19), (811, 12), (885, 10)
(393, 10), (477, 9), (728, 9), (793, 5), (811, 9), (924, 24), (1008, 20), (1121, 14), (1266, 18), (1395, 13), (1493, 15)
(52, 10), (112, 9), (213, 9), (310, 5), (603, 9), (725, 24), (798, 20), (898, 14), (1048, 18), (1158, 13), (1300, 15)
(422, 18), (457, 13), (578, 5), (753, 23), (827, 5), (1017, 6), (1283, 20), (1323, 7), (1425, 15)
(215, 20), (313, 24), (410, 2), (459, 7), (635, 18), (690, 19), (698, 12), (834, 10)
(59, 18), (125, 13), (243, 5), (336, 23), (488, 5), (557, 6), (643, 20), (680, 7), (775, 15)
(480, 23), (528, 9), (628, 23), (865, 0), (1082, 21), (1247, 17), (1502, 20), (1564, 8), (1886, 17), (1957, 20)
(184, 20), (283, 24), (384, 2), (437, 7), (498, 18), (562, 19), (591, 12), (841, 10)
(93, 14), (254, 18), (354, 11), (431, 2), (687, 23), (788, 23), (994, 11), (1170, 9), (1182, 14), (1304, 14)
(75, 14), (195, 18), (260, 11), (351, 2), (475, 23), (586, 23), (710, 11), (842, 9), (864, 14), (1157, 14)
(138, 20), (226, 24), (328, 2), (530, 7), (759, 18), (853, 19), (884, 12), (959, 10)
(92, 14), (214, 18), (289, 11), (373, 2), (639, 23), (744, 23), (922, 11), (1055, 9), (1076, 14), (1231, 14)
