5, 22, 20, 3, 24, 24, 27, 19, 27, 24, 20, 22, 3, 4, 25
10, 14, 7, 21, 20, 13, 7, 16, 24, 23, 23, 21, 3, 24
0, 25, 4, 12, 21, 12, 7, 1, 5, 19, 13, 25, 29, 18, 8, 29
5, 7, 18, 8, 28, 27, 19, 14, 19, 13, 4, 20, 28, 1
5, 8, 27, 19, 28, 4, 7, 28, 13, 20, 19, 14, 18, 1
7, 18, 17, 4, 9, 25, 26, 19, 18, 19, 29, 14, 22, 2
5, 8, 28, 4, 27, 28, 19, 7, 14, 19, 13, 18, 20, 1
14, 23, 25, 11, 6, 8, 24, 0, 14, 10, 18, 18, 19
26, 19, 8, 13, 26, 21, 2, 9, 4, 25, 21, 14, 21, 27, 3
14, 11, 26, 20, 9, 29, 2, 19, 19, 23, 13, 17, 24
10, 14, 7, 21, 7, 20, 13, 21, 24, 16, 3, 23, 24, 23
6, 0, 12, 16, 20, 13, 27, 11, 10, 2, 1, 19, 5, 2
10, 14, 24, 7, 7, 16, 23, 23, 20, 24, 13, 21, 21, 3
14, 23, 6, 8, 19, 25, 18, 0, 18, 11, 24, 14, 10
21, 6, 15, 25, 28, 10, 19, 25, 25, 20, 13, 26, 17, 2
0, 4, 21, 25, 12, 29, 8, 29, 12, 7, 18, 1, 19, 5, 25, 13
21, 6, 15, 19, 10, 25, 13, 28, 25, 20, 25, 17, 26, 2
10, 19, 19, 24, 21, 15, 11, 9, 0, 14, 16, 29, 5, 22, 14
19, 19, 9, 16, 29, 14, 15, 0, 10, 24, 22, 14, 21, 5, 11
14, 23, 25, 0, 24, 8, 6, 11, 10, 18, 14, 18, 19
11, 26, 20, 2, 14, 19, 29, 23, 17, 13, 9, 24, 19
21, 6, 19, 17, 2, 25, 26, 15, 13, 28, 10, 25, 25, 20
19, 19, 9, 11, 24, 15, 29, 0, 21, 14, 16, 14, 10, 5, 22
23, 15, 15, 4, 2, 3, 16, 16, 5, 16, 2, 11, 12, 14, 16
26, 19, 8, 9, 27, 3, 13, 21, 21, 21, 26, 4, 2, 25, 14
12, 9, 12, 13, 8, 24, 6, 1, 29, 8, 6, 29, 5, 24, 24
19, 19, 16, 9, 14, 11, 0, 15, 14, 22, 29, 5, 21, 24, 10
21, 6, 17, 25, 25, 19, 10, 25, 15, 28, 13, 20, 26, 2
12, 9, 8, 8, 13, 12, 6, 24, 5, 24, 29, 6, 24, 1, 29
6, 0, 13, 27, 1, 2, 11, 10, 16, 12, 2, 5, 20, 19
14, 23, 11, 8, 25, 14, 18, 24, 6, 0, 10, 18, 19
16, 22, 5, 3, 7, 19, 15, 1, 15, 4, 7, 26, 15, 12, 11, 15
16, 7, 7, 22, 15, 3, 4, 15, 26, 12, 11, 1, 15, 19, 15, 5
7, 18, 18, 9, 29, 2, 17, 22, 19, 26, 4, 19, 25, 14
5, 3, 24, 27, 25, 22, 22, 20, 24, 20, 3, 4, 19, 27, 24
27, 15, 25, 14, 6, 4, 14, 14, 10, 28, 10, 29, 14, 13, 4
14, 23, 24, 8, 25, 6, 18, 11, 0, 10, 14, 19, 18
16, 7, 1, 4, 15, 12, 15, 3, 5, 15, 11, 15, 7, 26, 19, 22
11, 20, 19, 2, 23, 29, 26, 13, 24, 19, 17, 9, 14
5, 27, 20, 22, 25, 24, 22, 24, 24, 19, 27, 3, 4, 20, 3
5, 8, 27, 19, 28, 19, 4, 14, 13, 18, 28, 7, 20, 1
5, 8, 28, 28, 14, 19, 13, 7, 1, 20, 18, 27, 19, 4
27, 15, 10, 14, 4, 13, 25, 14, 6, 4, 14, 29, 14, 28, 10
10, 14, 13, 7, 21, 7, 16, 20, 24, 23, 23, 24, 21, 3
14, 23, 8, 25, 24, 18, 14, 11, 0, 10, 18, 6, 19
0, 13, 5, 4, 25, 21, 25, 12, 29, 12, 29, 7, 1, 8, 18, 19
5, 24, 22, 20, 27, 24, 19, 3, 4, 22, 3, 20, 25, 27, 24
0, 25, 4, 13, 21, 1, 12, 5, 25, 12, 19, 7, 29, 18, 8, 29
0, 4, 25, 1, 29, 25, 21, 29, 8, 19, 12, 18, 5, 12, 13, 7
14, 0, 23, 11, 24, 6, 18, 25, 14, 8, 18, 10, 19
0, 4, 12, 21, 25, 12, 1, 7, 5, 13, 19, 8, 29, 25, 18, 29
0, 8, 12, 25, 4, 25, 12, 7, 29, 21, 18, 1, 29, 5, 19, 13
19, 19, 16, 22, 24, 9, 0, 15, 10, 14, 5, 21, 11, 29, 14
5, 19, 7, 8, 14, 20, 28, 18, 1, 27, 13, 4, 19, 28
6, 0, 13, 2, 2, 27, 11, 12, 16, 20, 1, 10, 19, 5
5, 20, 22, 22, 20, 3, 4, 24, 19, 27, 27, 3, 24, 25, 24
6, 12, 0, 27, 2, 19, 1, 13, 5, 11, 16, 10, 2, 20
6, 0, 12, 13, 27, 16, 19, 20, 5, 10, 1, 2, 2, 11
7, 18, 25, 22, 19, 26, 4, 19, 9, 2, 29, 14, 17, 18
5, 22, 24, 20, 3, 4, 19, 27, 22, 3, 20, 27, 24, 25, 24
14, 23, 25, 6, 11, 24, 8, 18, 0, 10, 19, 14, 18
23, 15, 14, 16, 16, 5, 3, 16, 4, 2, 11, 12, 16, 2, 15
5, 8, 28, 20, 19, 1, 18, 13, 14, 27, 19, 4, 28, 7
21, 6, 10, 15, 20, 19, 25, 25, 25, 28, 13, 26, 17, 2
5, 24, 22, 24, 27, 3, 4, 19, 25, 27, 22, 24, 20, 20, 3
10, 14, 13, 7, 7, 3, 21, 24, 20, 24, 21, 23, 16, 23
23, 15, 16, 2, 14, 16, 5, 16, 3, 12, 16, 11, 15, 4, 2
5, 8, 19, 14, 28, 20, 4, 13, 28, 19, 1, 7, 27, 18
16, 7, 3, 4, 12, 5, 26, 11, 15, 15, 1, 19, 15, 22, 15, 7
16, 1, 7, 26, 7, 19, 15, 11, 15, 3, 15, 15, 12, 5, 22, 4
0, 4, 7, 21, 1, 25, 19, 12, 12, 5, 13, 25, 8, 18, 29, 29
10, 14, 24, 21, 23, 7, 7, 23, 24, 3, 20, 13, 21, 16
11, 26, 20, 29, 13, 24, 2, 19, 19, 23, 17, 9, 14
0, 25, 4, 1, 12, 21, 19, 12, 7, 5, 13, 25, 8, 29, 29, 18
5, 22, 27, 19, 22, 20, 3, 4, 20, 24, 3, 27, 25, 24, 24
5, 18, 8, 13, 27, 19, 19, 14, 28, 20, 7, 28, 4, 1
14, 23, 25, 11, 24, 8, 18, 18, 0, 6, 14, 10, 19
23, 2, 3, 15, 5, 12, 16, 16, 11, 14, 2, 16, 16, 4, 15
19, 10, 19, 9, 24, 16, 22, 0, 14, 15, 21, 14, 5, 11, 29
6, 0, 12, 27, 19, 13, 16, 2, 1, 20, 5, 11, 10, 2
23, 15, 12, 3, 15, 11, 16, 5, 16, 14, 2, 4, 16, 2, 16
5, 4, 22, 20, 24, 27, 3, 20, 3, 19, 25, 24, 27, 24, 22
5, 22, 19, 27, 3, 4, 20, 3, 20, 27, 22, 25, 24, 24, 24
0, 29, 13, 4, 25, 25, 5, 18, 12, 29, 21, 19, 12, 8, 7, 1
6, 0, 13, 27, 12, 2, 11, 16, 1, 10, 19, 5, 2, 20
11, 26, 20, 19, 2, 29, 19, 13, 23, 17, 24, 9, 14
6, 0, 2, 27, 13, 12, 20, 1, 2, 16, 11, 10, 19, 5
21, 6, 15, 28, 17, 19, 2, 25, 10, 26, 13, 25, 20, 25
26, 19, 27, 8, 21, 3, 13, 9, 26, 21, 14, 2, 25, 21, 4
10, 14, 7, 7, 21, 20, 24, 16, 23, 23, 3, 13, 24, 21
6, 12, 0, 13, 2, 20, 5, 27, 1, 16, 11, 10, 2, 19
0, 12, 29, 4, 25, 12, 21, 1, 29, 7, 18, 8, 19, 5, 13, 25
12, 6, 5, 9, 12, 8, 24, 24, 8, 6, 13, 1, 29, 29, 24
27, 15, 10, 6, 14, 4, 29, 13, 28, 25, 4, 14, 10, 14, 14
0, 4, 21, 25, 12, 7, 12, 1, 19, 25, 8, 5, 29, 29, 13, 18
5, 19, 27, 8, 13, 4, 7, 28, 28, 20, 19, 18, 14, 1
23, 4, 2, 16, 15, 15, 5, 3, 11, 16, 16, 2, 12, 14, 16
11, 26, 2, 14, 19, 20, 29, 17, 23, 24, 13, 9, 19
0, 4, 21, 29, 12, 25, 8, 18, 12, 7, 1, 5, 19, 13, 25, 29
11, 19, 20, 23, 24, 2, 13, 19, 26, 29, 17, 14, 9
5, 3, 25, 3, 22, 20, 20, 24, 27, 22, 24, 4, 24, 27, 19
16, 11, 15, 7, 7, 26, 12, 3, 19, 15, 5, 15, 1, 15, 22, 4
0, 4, 25, 25, 19, 21, 29, 5, 18, 29, 13, 12, 8, 7, 12, 1
14, 23, 8, 25, 10, 11, 19, 18, 18, 0, 6, 24, 14
27, 29, 14, 15, 13, 10, 4, 14, 6, 14, 14, 4, 25, 28, 10
6, 0, 12, 5, 2, 27, 20, 13, 2, 1, 19, 11, 16, 10
7, 18, 26, 9, 14, 19, 22, 19, 17, 29, 25, 2, 18, 4
26, 19, 8, 27, 21, 13, 21, 4, 21, 26, 25, 3, 2, 14, 9
16, 7, 3, 5, 26, 15, 15, 15, 11, 22, 19, 4, 15, 7, 12, 1
6, 0, 1, 12, 27, 13, 2, 16, 11, 10, 19, 5, 2, 20
27, 15, 4, 29, 14, 28, 14, 14, 14, 10, 25, 6, 10, 4, 13
26, 19, 13, 8, 26, 9, 2, 25, 21, 21, 14, 27, 3, 21, 4
12, 9, 6, 29, 13, 24, 12, 8, 6, 8, 29, 5, 24, 1, 24
23, 15, 16, 3, 16, 2, 12, 5, 11, 14, 16, 4, 2, 16, 15
10, 14, 24, 23, 7, 13, 7, 23, 3, 24, 21, 20, 21, 16
6, 0, 12, 1, 27, 13, 20, 2, 10, 5, 19, 2, 11, 16
10, 14, 23, 7, 21, 7, 13, 23, 16, 24, 3, 21, 20, 24
27, 15, 4, 4, 29, 25, 14, 10, 10, 14, 14, 13, 14, 28, 6
11, 2, 20, 13, 29, 19, 19, 24, 23, 26, 17, 9, 14
10, 14, 7, 24, 21, 20, 13, 7, 3, 21, 24, 16, 23, 23
14, 23, 14, 18, 8, 25, 18, 19, 6, 10, 11, 24, 0
19, 19, 9, 29, 15, 0, 24, 10, 16, 14, 22, 21, 5, 14, 11
6, 27, 1, 0, 13, 2, 20, 11, 12, 19, 16, 5, 10, 2
6, 0, 2, 27, 16, 1, 13, 11, 12, 10, 19, 5, 2, 20
0, 4, 29, 25, 12, 21, 29, 8, 12, 7, 25, 13, 18, 19, 5, 1
0, 4, 25, 12, 21, 13, 29, 29, 18, 7, 12, 8, 25, 1, 19, 5
7, 22, 26, 18, 9, 14, 29, 19, 19, 17, 18, 25, 2, 4
0, 12, 4, 7, 21, 25, 12, 1, 18, 19, 5, 13, 25, 29, 29, 8
5, 8, 27, 19, 28, 19, 28, 1, 4, 7, 14, 13, 20, 18
26, 19, 13, 8, 26, 21, 25, 21, 14, 3, 27, 2, 4, 21, 9
7, 22, 18, 25, 19, 9, 14, 26, 2, 17, 4, 19, 18, 29
14, 23, 18, 25, 8, 24, 14, 19, 0, 11, 18, 6, 10
11, 14, 20, 13, 19, 9, 19, 17, 24, 23, 2, 29, 26
16, 26, 7, 15, 3, 11, 5, 19, 15, 15, 22, 7, 12, 4, 1, 15
11, 17, 20, 9, 19, 14, 2, 23, 26, 29, 13, 24, 19
26, 26, 13, 19, 3, 21, 8, 27, 4, 2, 21, 25, 9, 21, 14
23, 4, 15, 16, 5, 16, 12, 11, 3, 2, 16, 2, 15, 14, 16
26, 25, 26, 13, 19, 3, 8, 21, 27, 14, 21, 21, 4, 2, 9
6, 27, 0, 13, 2, 1, 10, 19, 11, 16, 5, 2, 20, 12
19, 19, 16, 15, 9, 10, 29, 5, 21, 14, 0, 24, 22, 14, 11
26, 16, 11, 7, 3, 19, 15, 5, 7, 15, 12, 15, 15, 22, 1, 4
10, 14, 21, 23, 7, 16, 7, 23, 13, 24, 3, 21, 20, 24
10, 27, 14, 14, 10, 15, 25, 6, 14, 28, 14, 4, 29, 13, 4
6, 0, 11, 10, 20, 2, 13, 12, 16, 27, 19, 1, 5, 2
16, 7, 15, 12, 11, 15, 5, 3, 7, 22, 26, 4, 19, 15, 1, 15
12, 9, 12, 6, 8, 5, 13, 24, 29, 6, 1, 24, 8, 24, 29
27, 15, 4, 25, 29, 6, 14, 14, 14, 10, 28, 13, 10, 14, 4
5, 19, 8, 27, 4, 19, 13, 20, 14, 28, 7, 28, 1, 18
21, 6, 15, 19, 28, 2, 13, 20, 25, 25, 10, 25, 17, 26
26, 19, 8, 13, 27, 21, 3, 21, 26, 25, 4, 14, 2, 9, 21
