5, 27, 22, 3, 4, 19, 20, 3, 27, 24, 25, 24, 24, 22, 20
12, 9, 12, 8, 13, 24, 6, 1, 29, 8, 6, 5, 24, 29, 24
11, 20, 19, 23, 2, 29, 26, 13, 24, 19, 17, 9, 14
5, 22, 19, 27, 3, 4, 20, 3, 27, 24, 25, 24, 24, 22, 20
14, 23, 8, 25, 11, 6, 24, 0, 10, 19, 18, 14, 18
27, 15, 4, 25, 10, 14, 14, 28, 6, 14, 10, 29, 14, 13, 4
5, 22, 19, 27, 3, 4, 20, 3, 27, 24, 25, 24, 24, 22, 20
12, 9, 12, 8, 13, 24, 6, 1, 29, 8, 6, 5, 24, 29, 24
6, 0, 13, 27, 1, 2, 11, 16, 10, 19, 5, 2, 20, 12
26, 19, 8, 13, 26, 25, 14, 27, 3, 21, 4, 2, 9, 21, 21
5, 27, 22, 3, 4, 19, 20, 3, 27, 24, 25, 24, 24, 22, 20
0, 25, 4, 21, 12, 12, 7, 1, 19, 5, 13, 25, 29, 29, 8, 18
5, 22, 19, 27, 3, 4, 20, 3, 27, 24, 25, 24, 24, 22, 20
5, 8, 28, 14, 19, 13, 20, 1, 27, 19, 4, 28, 7, 18
6, 0, 27, 13, 1, 2, 11, 16, 10, 19, 5, 2, 20, 12
12, 9, 13, 12, 8, 24, 6, 1, 29, 8, 6, 5, 24, 29, 24
10, 14, 7, 7, 24, 20, 21, 16, 23, 23, 3, 13, 21, 24
0, 25, 4, 21, 12, 12, 7, 1, 19, 5, 13, 25, 29, 29, 8, 18
10, 14, 7, 7, 24, 20, 21, 16, 23, 23, 3, 13, 21, 24
27, 15, 4, 25, 10, 14, 14, 28, 6, 14, 10, 29, 14, 13, 4
27, 25, 15, 4, 10, 14, 14, 28, 6, 14, 10, 29, 14, 13, 4
27, 25, 15, 10, 4, 14, 14, 28, 6, 14, 10, 29, 14, 13, 4
10, 14, 7, 7, 24, 20, 21, 16, 23, 23, 3, 13, 21, 24
16, 3, 7, 26, 11, 15, 19, 15, 7, 12, 1, 15, 15, 5, 22, 4
27, 15, 4, 25, 10, 14, 14, 28, 6, 14, 10, 29, 14, 13, 4
27, 25, 15, 4, 10, 14, 14, 28, 6, 14, 10, 29, 14, 13, 4
14, 23, 25, 8, 11, 6, 24, 0, 10, 19, 18, 14, 18
11, 20, 23, 19, 2, 29, 26, 13, 24, 19, 17, 9, 14
5, 28, 8, 14, 19, 13, 20, 1, 27, 19, 4, 28, 7, 18
5, 8, 28, 14, 19, 13, 20, 1, 27, 19, 4, 28, 7, 18
12, 9, 13, 12, 8, 24, 6, 1, 29, 8, 6, 5, 24, 29, 24
16, 7, 15, 3, 26, 11, 19, 15, 7, 12, 1, 15, 15, 5, 22, 4
19, 19, 0, 9, 16, 15, 21, 14, 5, 11, 29, 14, 22, 24, 10
12, 9, 12, 8, 13, 24, 6, 1, 29, 8, 6, 5, 24, 29, 24
19, 9, 19, 0, 16, 15, 21, 14, 5, 11, 29, 14, 22, 24, 10
5, 22, 19, 27, 3, 4, 20, 3, 27, 24, 25, 24, 24, 22, 20
14, 23, 25, 11, 8, 6, 24, 0, 10, 19, 18, 14, 18
26, 19, 8, 13, 26, 25, 14, 27, 3, 21, 4, 2, 9, 21, 21
5, 8, 19, 28, 14, 13, 20, 1, 27, 19, 4, 28, 7, 18
5, 28, 8, 14, 19, 13, 20, 1, 27, 19, 4, 28, 7, 18
10, 14, 7, 7, 24, 20, 21, 16, 23, 23, 3, 13, 21, 24
0, 4, 25, 21, 12, 12, 7, 1, 19, 5, 13, 25, 29, 29, 8, 18
21, 6, 28, 15, 19, 13, 25, 10, 25, 20, 25, 17, 26, 2
14, 23, 8, 25, 11, 6, 24, 0, 10, 19, 18, 14, 18
16, 7, 15, 3, 26, 11, 19, 15, 7, 12, 1, 15, 15, 5, 22, 4
26, 19, 13, 8, 26, 25, 14, 27, 3, 21, 4, 2, 9, 21, 21
14, 23, 8, 25, 11, 6, 24, 0, 10, 19, 18, 14, 18
6, 0, 27, 13, 1, 2, 11, 16, 10, 19, 5, 2, 20, 12
7, 18, 19, 9, 17, 18, 29, 26, 19, 25, 4, 14, 22, 2
16, 3, 7, 26, 11, 15, 19, 15, 7, 12, 1, 15, 15, 5, 22, 4
21, 6, 28, 15, 19, 13, 25, 10, 25, 20, 25, 17, 26, 2
19, 19, 0, 9, 16, 15, 21, 14, 5, 11, 29, 14, 22, 24, 10
11, 20, 23, 19, 2, 29, 26, 13, 24, 19, 17, 9, 14
10, 7, 14, 7, 24, 20, 21, 16, 23, 23, 3, 13, 21, 24
6, 0, 13, 27, 1, 2, 11, 16, 10, 19, 5, 2, 20, 12
5, 27, 22, 3, 4, 19, 20, 3, 27, 24, 25, 24, 24, 22, 20
0, 4, 25, 21, 12, 12, 7, 1, 19, 5, 13, 25, 29, 29, 8, 18
5, 27, 22, 3, 4, 19, 20, 3, 27, 24, 25, 24, 24, 22, 20
23, 15, 16, 16, 3, 5, 11, 2, 12, 14, 16, 4, 2, 16, 15
27, 15, 4, 25, 10, 14, 14, 28, 6, 14, 10, 29, 14, 13, 4
27, 15, 25, 4, 10, 14, 14, 28, 6, 14, 10, 29, 14, 13, 4
11, 20, 23, 19, 2, 29, 26, 13, 24, 19, 17, 9, 14
19, 19, 0, 9, 16, 15, 21, 14, 5, 11, 29, 14, 22, 24, 10
19, 19, 9, 0, 16, 15, 21, 14, 5, 11, 29, 14, 22, 24, 10
11, 20, 23, 19, 2, 29, 26, 13, 24, 19, 17, 9, 14
27, 15, 25, 4, 10, 14, 14, 28, 6, 14, 10, 29, 14, 13, 4
21, 6, 15, 28, 19, 13, 25, 10, 25, 20, 25, 17, 26, 2
23, 16, 15, 3, 5, 16, 11, 2, 12, 14, 16, 4, 2, 16, 15
5, 27, 22, 3, 4, 19, 20, 3, 27, 24, 25, 24, 24, 22, 20
6, 0, 13, 27, 1, 2, 11, 16, 10, 19, 5, 2, 20, 12
16, 7, 15, 3, 26, 11, 19, 15, 7, 12, 1, 15, 15, 5, 22, 4
0, 4, 21, 25, 12, 12, 7, 1, 19, 5, 13, 25, 29, 29, 8, 18
21, 6, 28, 15, 19, 13, 25, 10, 25, 20, 25, 17, 26, 2
16, 7, 3, 15, 26, 11, 19, 15, 7, 12, 1, 15, 15, 5, 22, 4
10, 14, 7, 7, 24, 20, 21, 16, 23, 23, 3, 13, 21, 24
10, 14, 7, 7, 24, 20, 21, 16, 23, 23, 3, 13, 21, 24
23, 15, 16, 3, 16, 5, 11, 2, 12, 14, 16, 4, 2, 16, 15
7, 18, 9, 19, 17, 18, 29, 26, 19, 25, 4, 14, 22, 2
5, 8, 28, 19, 14, 13, 20, 1, 27, 19, 4, 28, 7, 18
10, 14, 7, 7, 24, 20, 21, 16, 23, 23, 3, 13, 21, 24
7, 18, 19, 9, 17, 18, 29, 26, 19, 25, 4, 14, 22, 2
6, 0, 13, 27, 1, 2, 11, 16, 10, 19, 5, 2, 20, 12
19, 19, 9, 0, 16, 15, 21, 14, 5, 11, 29, 14, 22, 24, 10
7, 9, 18, 19, 17, 18, 29, 26, 19, 25, 4, 14, 22, 2
7, 18, 19, 9, 17, 18, 29, 26, 19, 25, 4, 14, 22, 2
27, 15, 4, 25, 10, 14, 14, 28, 6, 14, 10, 29, 14, 13, 4
7, 18, 19, 9, 17, 18, 29, 26, 19, 25, 4, 14, 22, 2
5, 8, 19, 28, 14, 13, 20, 1, 27, 19, 4, 28, 7, 18
6, 0, 13, 27, 1, 2, 11, 16, 10, 19, 5, 2, 20, 12
23, 15, 16, 16, 3, 5, 11, 2, 12, 14, 16, 4, 2, 16, 15
14, 23, 25, 8, 11, 6, 24, 0, 10, 19, 18, 14, 18
19, 19, 0, 9, 16, 15, 21, 14, 5, 11, 29, 14, 22, 24, 10
7, 18, 19, 9, 17, 18, 29, 26, 19, 25, 4, 14, 22, 2
19, 19, 0, 9, 16, 15, 21, 14, 5, 11, 29, 14, 22, 24, 10
19, 19, 0, 9, 16, 15, 21, 14, 5, 11, 29, 14, 22, 24, 10
26, 19, 13, 8, 26, 25, 14, 27, 3, 21, 4, 2, 9, 21, 21
16, 7, 15, 3, 26, 11, 19, 15, 7, 12, 1, 15, 15, 5, 22, 4
11, 19, 20, 2, 29, 23, 26, 13, 24, 19, 17, 9, 14
21, 6, 15, 28, 19, 13, 25, 10, 25, 20, 25, 17, 26, 2
11, 19, 20, 2, 23, 29, 26, 13, 24, 19, 17, 9, 14
5, 27, 22, 3, 4, 19, 20, 3, 27, 24, 25, 24, 24, 22, 20
16, 7, 15, 3, 26, 11, 19, 15, 7, 12, 1, 15, 15, 5, 22, 4
0, 25, 4, 21, 12, 12, 7, 1, 19, 5, 13, 25, 29, 29, 8, 18
23, 15, 16, 3, 16, 5, 11, 2, 12, 14, 16, 4, 2, 16, 15
11, 20, 23, 19, 2, 29, 26, 13, 24, 19, 17, 9, 14
5, 27, 22, 3, 4, 19, 20, 3, 27, 24, 25, 24, 24, 22, 20
23, 15, 16, 16, 3, 5, 11, 2, 12, 14, 16, 4, 2, 16, 15
0, 4, 21, 25, 12, 12, 7, 1, 19, 5, 13, 25, 29, 29, 8, 18
16, 7, 15, 3, 26, 11, 19, 15, 7, 12, 1, 15, 15, 5, 22, 4
0, 4, 21, 25, 12, 12, 7, 1, 19, 5, 13, 25, 29, 29, 8, 18
21, 6, 15, 28, 19, 13, 25, 10, 25, 20, 25, 17, 26, 2
0, 4, 25, 21, 12, 12, 7, 1, 19, 5, 13, 25, 29, 29, 8, 18
23, 16, 15, 3, 5, 11, 16, 2, 12, 14, 16, 4, 2, 16, 15
26, 19, 8, 13, 26, 25, 14, 27, 3, 21, 4, 2, 9, 21, 21
5, 22, 19, 27, 3, 4, 20, 3, 27, 24, 25, 24, 24, 22, 20
5, 22, 27, 19, 3, 4, 20, 3, 27, 24, 25, 24, 24, 22, 20
6, 0, 27, 13, 1, 2, 11, 16, 10, 19, 5, 2, 20, 12
21, 6, 28, 15, 19, 13, 25, 10, 25, 20, 25, 17, 26, 2
19, 19, 9, 16, 0, 15, 21, 14, 5, 11, 29, 14, 22, 24, 10
5, 8, 19, 28, 14, 13, 20, 1, 27, 19, 4, 28, 7, 18
11, 20, 23, 19, 2, 29, 26, 13, 24, 19, 17, 9, 14
16, 7, 15, 3, 26, 11, 19, 15, 7, 12, 1, 15, 15, 5, 22, 4
19, 19, 0, 9, 16, 15, 21, 14, 5, 11, 29, 14, 22, 24, 10
19, 19, 0, 9, 16, 15, 21, 14, 5, 11, 29, 14, 22, 24, 10
23, 15, 16, 16, 3, 5, 11, 2, 12, 14, 16, 4, 2, 16, 15
21, 6, 28, 15, 19, 13, 25, 10, 25, 20, 25, 17, 26, 2
5, 8, 19, 28, 14, 13, 20, 1, 27, 19, 4, 28, 7, 18
23, 16, 15, 3, 5, 16, 11, 2, 12, 14, 16, 4, 2, 16, 15
5, 8, 28, 19, 14, 13, 20, 1, 27, 19, 4, 28, 7, 18
0, 4, 25, 21, 12, 12, 7, 1, 19, 5, 13, 25, 29, 29, 8, 18
23, 15, 16, 3, 5, 16, 11, 2, 12, 14, 16, 4, 2, 16, 15
27, 15, 4, 25, 10, 14, 14, 28, 6, 14, 10, 29, 14, 13, 4
7, 9, 18, 17, 19, 18, 29, 26, 19, 25, 4, 14, 22, 2
16, 7, 3, 26, 15, 11, 19, 15, 7, 12, 1, 15, 15, 5, 22, 4
19, 19, 0, 9, 16, 15, 21, 14, 5, 11, 29, 14, 22, 24, 10
6, 0, 13, 27, 1, 2, 11, 16, 10, 19, 5, 2, 20, 12
6, 27, 0, 13, 1, 2, 11, 16, 10, 19, 5, 2, 20, 12
26, 19, 13, 8, 26, 25, 14, 27, 3, 21, 4, 2, 9, 21, 21
0, 4, 25, 21, 12, 12, 7, 1, 19, 5, 13, 25, 29, 29, 8, 18
27, 25, 10, 15, 14, 4, 14, 28, 6, 14, 10, 29, 14, 13, 4
12, 9, 13, 12, 8, 24, 6, 1, 29, 8, 6, 5, 24, 29, 24
23, 15, 16, 3, 5, 16, 11, 2, 12, 14, 16, 4, 2, 16, 15
19, 19, 0, 9, 16, 15, 21, 14, 5, 11, 29, 14, 22, 24, 10
23, 15, 16, 16, 3, 5, 11, 2, 12, 14, 16, 4, 2, 16, 15
27, 15, 25, 10, 14, 4, 14, 28, 6, 14, 10, 29, 14, 13, 4
12, 9, 12, 8, 13, 24, 6, 1, 29, 8, 6, 5, 24, 29, 24
26, 19, 8, 13, 26, 25, 14, 27, 3, 21, 4, 2, 9, 21, 21
6, 0, 13, 27, 1, 2, 11, 16, 10, 19, 5, 2, 20, 12
11, 19, 20, 2, 29, 23, 26, 13, 24, 19, 17, 9, 14
10, 14, 7, 7, 24, 20, 21, 16, 23, 23, 3, 13, 21, 24
