12, 9, 13, 12, 8, 24, 6, 1, 29, 8, 6, 5, 24, 29, 24
16, 7, 15, 3, 26, 11, 19, 15, 7, 12, 1, 15, 15, 5, 22, 4
16, 7, 15, 3, 26, 11, 19, 15, 7, 12, 1, 15, 15, 5, 22, 4
12, 9, 13, 12, 8, 24, 6, 1, 29, 8, 6, 5, 24, 29, 24
7, 18, 19, 9, 17, 18, 29, 26, 19, 25, 4, 14, 22, 2
26, 19, 8, 13, 26, 25, 14, 27, 3, 21, 4, 2, 9, 21, 21
12, 9, 13, 12, 8, 24, 6, 1, 29, 8, 6, 5, 24, 29, 24
0, 4, 21, 25, 12, 12, 7, 1, 19, 5, 13, 25, 29, 29, 8, 18
10, 14, 7, 7, 24, 20, 21, 16, 23, 23, 3, 13, 21, 24
11, 20, 23, 19, 2, 29, 26, 13, 24, 19, 17, 9, 14
10, 14, 7, 7, 24, 20, 21, 16, 23, 23, 3, 13, 21, 24
14, 23, 8, 25, 11, 6, 24, 0, 10, 19, 18, 14, 18
11, 20, 23, 19, 2, 29, 26, 13, 24, 19, 17, 9, 14
10, 14, 7, 7, 24, 20, 21, 16, 23, 23, 3, 13, 21, 24
10, 14, 7, 7, 24, 20, 21, 16, 23, 23, 3, 13, 21, 24
27, 15, 4, 25, 10, 14, 14, 28, 6, 14, 10, 29, 14, 13, 4
0, 4, 21, 25, 12, 12, 7, 1, 19, 5, 13, 25, 29, 29, 8, 18
0, 4, 21, 25, 12, 12, 7, 1, 19, 5, 13, 25, 29, 29, 8, 18
21, 6, 28, 15, 19, 13, 25, 10, 25, 20, 25, 17, 26, 2
12, 9, 13, 12, 8, 24, 6, 1, 29, 8, 6, 5, 24, 29, 24
6, 0, 13, 27, 1, 2, 11, 16, 10, 19, 5, 2, 20, 12
0, 4, 21, 25, 12, 12, 7, 1, 19, 5, 13, 25, 29, 29, 8, 18
16, 7, 15, 3, 26, 11, 19, 15, 7, 12, 1, 15, 15, 5, 22, 4
7, 18, 19, 9, 17, 18, 29, 26, 19, 25, 4, 14, 22, 2
11, 20, 23, 19, 2, 29, 26, 13, 24, 19, 17, 9, 14
7, 18, 19, 9, 17, 18, 29, 26, 19, 25, 4, 14, 22, 2
12, 9, 13, 12, 8, 24, 6, 1, 29, 8, 6, 5, 24, 29, 24
16, 7, 15, 3, 26, 11, 19, 15, 7, 12, 1, 15, 15, 5, 22, 4
23, 15, 16, 16, 3, 5, 11, 2, 12, 14, 16, 4, 2, 16, 15
5, 8, 19, 28, 14, 13, 20, 1, 27, 19, 4, 28, 7, 18
7, 18, 19, 9, 17, 18, 29, 26, 19, 25, 4, 14, 22, 2
10, 14, 7, 7, 24, 20, 21, 16, 23, 23, 3, 13, 21, 24
14, 23, 8, 25, 11, 6, 24, 0, 10, 19, 18, 14, 18
14, 23, 8, 25, 11, 6, 24, 0, 10, 19, 18, 14, 18
5, 22, 19, 27, 3, 4, 20, 3, 27, 24, 25, 24, 24, 22, 20
16, 7, 15, 3, 26, 11, 19, 15, 7, 12, 1, 15, 15, 5, 22, 4
26, 19, 8, 13, 26, 25, 14, 27, 3, 21, 4, 2, 9, 21, 21
5, 22, 19, 27, 3, 4, 20, 3, 27, 24, 25, 24, 24, 22, 20
14, 23, 8, 25, 11, 6, 24, 0, 10, 19, 18, 14, 18
7, 18, 19, 9, 17, 18, 29, 26, 19, 25, 4, 14, 22, 2
11, 20, 23, 19, 2, 29, 26, 13, 24, 19, 17, 9, 14
0, 4, 21, 25, 12, 12, 7, 1, 19, 5, 13, 25, 29, 29, 8, 18
14, 23, 8, 25, 11, 6, 24, 0, 10, 19, 18, 14, 18
26, 19, 8, 13, 26, 25, 14, 27, 3, 21, 4, 2, 9, 21, 21
5, 8, 19, 28, 14, 13, 20, 1, 27, 19, 4, 28, 7, 18
23, 15, 16, 16, 3, 5, 11, 2, 12, 14, 16, 4, 2, 16, 15
12, 9, 13, 12, 8, 24, 6, 1, 29, 8, 6, 5, 24, 29, 24
27, 15, 4, 25, 10, 14, 14, 28, 6, 14, 10, 29, 14, 13, 4
7, 18, 19, 9, 17, 18, 29, 26, 19, 25, 4, 14, 22, 2
26, 19, 8, 13, 26, 25, 14, 27, 3, 21, 4, 2, 9, 21, 21
16, 7, 15, 3, 26, 11, 19, 15, 7, 12, 1, 15, 15, 5, 22, 4
16, 7, 15, 3, 26, 11, 19, 15, 7, 12, 1, 15, 15, 5, 22, 4
23, 15, 16, 16, 3, 5, 11, 2, 12, 14, 16, 4, 2, 16, 15
26, 19, 8, 13, 26, 25, 14, 27, 3, 21, 4, 2, 9, 21, 21
6, 0, 13, 27, 1, 2, 11, 16, 10, 19, 5, 2, 20, 12
0, 4, 21, 25, 12, 12, 7, 1, 19, 5, 13, 25, 29, 29, 8, 18
0, 4, 21, 25, 12, 12, 7, 1, 19, 5, 13, 25, 29, 29, 8, 18
5, 22, 19, 27, 3, 4, 20, 3, 27, 24, 25, 24, 24, 22, 20
7, 18, 19, 9, 17, 18, 29, 26, 19, 25, 4, 14, 22, 2
16, 7, 15, 3, 26, 11, 19, 15, 7, 12, 1, 15, 15, 5, 22, 4
6, 0, 13, 27, 1, 2, 11, 16, 10, 19, 5, 2, 20, 12
11, 20, 23, 19, 2, 29, 26, 13, 24, 19, 17, 9, 14
6, 0, 13, 27, 1, 2, 11, 16, 10, 19, 5, 2, 20, 12
5, 22, 19, 27, 3, 4, 20, 3, 27, 24, 25, 24, 24, 22, 20
6, 0, 13, 27, 1, 2, 11, 16, 10, 19, 5, 2, 20, 12
0, 4, 21, 25, 12, 12, 7, 1, 19, 5, 13, 25, 29, 29, 8, 18
27, 15, 4, 25, 10, 14, 14, 28, 6, 14, 10, 29, 14, 13, 4
0, 4, 21, 25, 12, 12, 7, 1, 19, 5, 13, 25, 29, 29, 8, 18
21, 6, 28, 15, 19, 13, 25, 10, 25, 20, 25, 17, 26, 2
11, 20, 23, 19, 2, 29, 26, 13, 24, 19, 17, 9, 14
27, 15, 4, 25, 10, 14, 14, 28, 6, 14, 10, 29, 14, 13, 4
21, 6, 28, 15, 19, 13, 25, 10, 25, 20, 25, 17, 26, 2
26, 19, 8, 13, 26, 25, 14, 27, 3, 21, 4, 2, 9, 21, 21
10, 14, 7, 7, 24, 20, 21, 16, 23, 23, 3, 13, 21, 24
16, 7, 15, 3, 26, 11, 19, 15, 7, 12, 1, 15, 15, 5, 22, 4
16, 7, 15, 3, 26, 11, 19, 15, 7, 12, 1, 15, 15, 5, 22, 4
7, 18, 19, 9, 17, 18, 29, 26, 19, 25, 4, 14, 22, 2
7, 18, 19, 9, 17, 18, 29, 26, 19, 25, 4, 14, 22, 2
21, 6, 28, 15, 19, 13, 25, 10, 25, 20, 25, 17, 26, 2
5, 22, 19, 27, 3, 4, 20, 3, 27, 24, 25, 24, 24, 22, 20
26, 19, 8, 13, 26, 25, 14, 27, 3, 21, 4, 2, 9, 21, 21
5, 8, 19, 28, 14, 13, 20, 1, 27, 19, 4, 28, 7, 18
16, 7, 15, 3, 26, 11, 19, 15, 7, 12, 1, 15, 15, 5, 22, 4
14, 23, 8, 25, 11, 6, 24, 0, 10, 19, 18, 14, 18
0, 4, 21, 25, 12, 12, 7, 1, 19, 5, 13, 25, 29, 29, 8, 18
19, 19, 0, 9, 16, 15, 21, 14, 5, 11, 29, 14, 22, 24, 10
14, 23, 8, 25, 11, 6, 24, 0, 10, 19, 18, 14, 18
14, 23, 8, 25, 11, 6, 24, 0, 10, 19, 18, 14, 18
19, 19, 0, 9, 16, 15, 21, 14, 5, 11, 29, 14, 22, 24, 10
19, 19, 0, 9, 16, 15, 21, 14, 5, 11, 29, 14, 22, 24, 10
0, 4, 21, 25, 12, 12, 7, 1, 19, 5, 13, 25, 29, 29, 8, 18
14, 23, 8, 25, 11, 6, 24, 0, 10, 19, 18, 14, 18
27, 15, 4, 25, 10, 14, 14, 28, 6, 14, 10, 29, 14, 13, 4
23, 15, 16, 16, 3, 5, 11, 2, 12, 14, 16, 4, 2, 16, 15
14, 23, 8, 25, 11, 6, 24, 0, 10, 19, 18, 14, 18
5, 8, 19, 28, 14, 13, 20, 1, 27, 19, 4, 28, 7, 18
14, 23, 8, 25, 11, 6, 24, 0, 10, 19, 18, 14, 18
11, 20, 23, 19, 2, 29, 26, 13, 24, 19, 17, 9, 14
0, 4, 21, 25, 12, 12, 7, 1, 19, 5, 13, 25, 29, 29, 8, 18
21, 6, 28, 15, 19, 13, 25, 10, 25, 20, 25, 17, 26, 2
21, 6, 28, 15, 19, 13, 25, 10, 25, 20, 25, 17, 26, 2
19, 19, 0, 9, 16, 15, 21, 14, 5, 11, 29, 14, 22, 24, 10
14, 23, 8, 25, 11, 6, 24, 0, 10, 19, 18, 14, 18
11, 20, 23, 19, 2, 29, 26, 13, 24, 19, 17, 9, 14
21, 6, 28, 15, 19, 13, 25, 10, 25, 20, 25, 17, 26, 2
27, 15, 4, 25, 10, 14, 14, 28, 6, 14, 10, 29, 14, 13, 4
19, 19, 0, 9, 16, 15, 21, 14, 5, 11, 29, 14, 22, 24, 10
11, 20, 23, 19, 2, 29, 26, 13, 24, 19, 17, 9, 14
7, 18, 19, 9, 17, 18, 29, 26, 19, 25, 4, 14, 22, 2
6, 0, 13, 27, 1, 2, 11, 16, 10, 19, 5, 2, 20, 12
21, 6, 28, 15, 19, 13, 25, 10, 25, 20, 25, 17, 26, 2
10, 14, 7, 7, 24, 20, 21, 16, 23, 23, 3, 13, 21, 24
16, 7, 15, 3, 26, 11, 19, 15, 7, 12, 1, 15, 15, 5, 22, 4
19, 19, 0, 9, 16, 15, 21, 14, 5, 11, 29, 14, 22, 24, 10
14, 23, 8, 25, 11, 6, 24, 0, 10, 19, 18, 14, 18
7, 18, 19, 9, 17, 18, 29, 26, 19, 25, 4, 14, 22, 2
19, 19, 0, 9, 16, 15, 21, 14, 5, 11, 29, 14, 22, 24, 10
11, 20, 23, 19, 2, 29, 26, 13, 24, 19, 17, 9, 14
7, 18, 19, 9, 17, 18, 29, 26, 19, 25, 4, 14, 22, 2
27, 15, 4, 25, 10, 14, 14, 28, 6, 14, 10, 29, 14, 13, 4
19, 19, 0, 9, 16, 15, 21, 14, 5, 11, 29, 14, 22, 24, 10
16, 7, 15, 3, 26, 11, 19, 15, 7, 12, 1, 15, 15, 5, 22, 4
16, 7, 15, 3, 26, 11, 19, 15, 7, 12, 1, 15, 15, 5, 22, 4
27, 15, 4, 25, 10, 14, 14, 28, 6, 14, 10, 29, 14, 13, 4
5, 8, 19, 28, 14, 13, 20, 1, 27, 19, 4, 28, 7, 18
23, 15, 16, 16, 3, 5, 11, 2, 12, 14, 16, 4, 2, 16, 15
5, 22, 19, 27, 3, 4, 20, 3, 27, 24, 25, 24, 24, 22, 20
19, 19, 0, 9, 16, 15, 21, 14, 5, 11, 29, 14, 22, 24, 10
27, 15, 4, 25, 10, 14, 14, 28, 6, 14, 10, 29, 14, 13, 4
19, 19, 0, 9, 16, 15, 21, 14, 5, 11, 29, 14, 22, 24, 10
21, 6, 28, 15, 19, 13, 25, 10, 25, 20, 25, 17, 26, 2
16, 7, 15, 3, 26, 11, 19, 15, 7, 12, 1, 15, 15, 5, 22, 4
6, 0, 13, 27, 1, 2, 11, 16, 10, 19, 5, 2, 20, 12
10, 14, 7, 7, 24, 20, 21, 16, 23, 23, 3, 13, 21, 24
5, 22, 19, 27, 3, 4, 20, 3, 27, 24, 25, 24, 24, 22, 20
21, 6, 28, 15, 19, 13, 25, 10, 25, 20, 25, 17, 26, 2
0, 4, 21, 25, 12, 12, 7, 1, 19, 5, 13, 25, 29, 29, 8, 18
26, 19, 8, 13, 26, 25, 14, 27, 3, 21, 4, 2, 9, 21, 21
10, 14, 7, 7, 24, 20, 21, 16, 23, 23, 3, 13, 21, 24
27, 15, 4, 25, 10, 14, 14, 28, 6, 14, 10, 29, 14, 13, 4
5, 22, 19, 27, 3, 4, 20, 3, 27, 24, 25, 24, 24, 22, 20
10, 14, 7, 7, 24, 20, 21, 16, 23, 23, 3, 13, 21, 24
27, 15, 4, 25, 10, 14, 14, 28, 6, 14, 10, 29, 14, 13, 4
26, 19, 8, 13, 26, 25, 14, 27, 3, 21, 4, 2, 9, 21, 21
23, 15, 16, 16, 3, 5, 11, 2, 12, 14, 16, 4, 2, 16, 15
5, 22, 19, 27, 3, 4, 20, 3, 27, 24, 25, 24, 24, 22, 20
19, 19, 0, 9, 16, 15, 21, 14, 5, 11, 29, 14, 22, 24, 10
23, 15, 16, 16, 3, 5, 11, 2, 12, 14, 16, 4, 2, 16, 15
10, 14, 7, 7, 24, 20, 21, 16, 23, 23, 3, 13, 21, 24
14, 23, 8, 25, 11, 6, 24, 0, 10, 19, 18, 14, 18
