0.9428757465616904
0.8803671544073318
0.948928137534994
0.9366758247288363
0.9386517568683611
0.9247645174515731
0.9292962134646805
0.8845298635529575
0.8977735389536444
0.9363631375618663
0.9279363721790884
0.9579296765369133
0.9396612882720906
0.9121413005087254
0.9441136460290658
0.8850682218265833
0.9190858513306138
0.9386861527704156
0.891892859404466
0.8960445375524299
0.9058986988641765
0.9257578295302038
0.9034470971529943
0.9055300072705172
0.8932201650040155
0.9088028894731347
0.9080988396471028
0.8904654154561189
0.9498252537875866
0.9019524852355719
0.909159095354386
0.9354148117673345
0.9338667638402919
0.9138929473708624
0.9013148935496123
0.9433253917879958
0.9517716875433336
0.9367542491155093
0.9091426678613291
0.9206581343020076
0.9470226948682888
0.9085359906582448
0.9370461532488795
0.9061789300553281
0.884225707254218
0.9155459986393979
0.9062096601534373
0.942003135682871
0.9492565173817756
0.9523442851325545
0.9289737354568668
0.9202364203242783
0.9020228837713726
0.9605389613462993
0.9100226934871565
0.9044678626906846
0.912505700663665
0.9251557234770464
0.898310061563573
0.9099269098119337
0.8873834723758938
0.8945137779637004
0.9013355548994457
0.9353339913436504
0.9552460307821297
0.9206181802748508
0.9369165117259243
0.9065735006425695
0.9187528064112686
0.8973438818428943
0.900073855959647
0.9539449275222024
0.926282261660819
0.9105996547613869
0.9131346226247944
0.8909929938239752
0.9144131452054394
0.9022241017386854
0.9252258371462903
0.9390474488175719
0.9243238693143031
0.9462618440158183
0.9292250400947663
0.9429699546647068
0.9527745821876297
0.9065937332392585
0.8856581877451842
0.9196692756279214
0.9099409622459433
0.9363623481220144
0.9236077670021595
0.9110055909551512
0.8909373048906668
0.9217482278931639
0.934386729195088
0.915424552408922
0.9122364231321763
0.9324023717209197
0.9082061517839748
0.9407746841343035
0.9218711527572305
0.9432607776251846
0.8914514658407114
0.9141464849797316
0.9092996984439226
0.8851185134828836
0.9132369245525235
0.8931648550951642
0.9203413732219462
0.9181797601425878
0.897028246712015
0.9094707257051684
0.9483189961244601
0.8895225960631524
0.9623361103307173
0.898117704422193
0.9072286256734023
0.890177419803703
0.907923095191626
0.9279312028442606
0.9606727928516482
0.9253189866384367
0.9467440058645475
0.9458346900352407
0.9030392558095945
0.9409184975023711
0.8926966136675081
0.9119218759940204
0.9079732267133861
0.9301680454198022
0.8898640869171606
0.9173389838207849
0.9139457175984677
0.9168724524465683
0.9192961661368987
0.9218312048019127
0.9019110974544575
0.9193312805008789
0.926987320325453
0.9271991925645722
0.9038562488827069
0.9359071309669429
0.9214257116791009
0.9211569175894555
0.91582465506353
0.916500249561418
0.9012831104721882
0.8964662027591475
0.9205578424370653
0.9375887117784487
0.9288525640856793
0.9264106872378411
0.9375657541359528
0.9306058873963344
0.945827287562859
0.9025011016192719
0.9016058965716337
0.8969190264098124
0.9150373380094562
0.9220146902232936
0.9190752925418488
0.9096961281232547
0.9314030538648381
0.9001975112334547
0.9115141443208948
0.9086366129025966
0.9080302828182306
0.938294248484796
0.9153685234090934
0.9324450526318585
0.9224149678943647
0.9129907679245746
0.9033073342402169
0.9536112193731586
0.9326264658499819
0.9143873434751258
0.9555570356441716
0.9111887190269109
0.93659227200131
0.9329971537856101
0.9294453912368024
0.9397230487438895
0.8936393933445544
0.9245938530007839
0.915507664629778
0.9197604943673396
0.9002095659119959
0.9135310041436434
0.9533323817313356
0.8768358639540944
0.9262667639014107
0.929034139272575
0.9394867062145531
0.8873843712724313
0.886297792524865
0.9116522291351828
0.9631321240659915
0.9115086246962754
0.9496187564827322
0.9387669538095017
0.9052827499588991
0.9537095341743949
0.9336843723256726
0.8903897947973417
0.8882789235498769
0.9134576669943726
0.9111044727007354
0.9325805208451546
0.9370013850677718
0.953808898546532
0.9173628574070842
0.9373090374395803
0.9334904190823716
0.9156789706499706
0.9075195690037662
0.9079108399302973
0.9215692399906719
0.9010641206900836
0.9212797816116597
0.9214935412171477
0.9380435060584853
0.9497890907055206
0.9186555220845077
0.9355632010261243
0.9308157402020417
0.9001826393492256
0.9250056630074589
0.938335253514166
0.9468449399238797
0.8972045588683708
0.9274117941938437
0.955368966257973
0.9459104252672573
0.9252136994918233
0.9155680438782596
0.8987518750715426
0.9129021945538974
0.9058737774670258
0.9131790638153997
0.9627625029715251
0.9573512388164888
0.9322437077134348
0.9081251959244028
0.926450711146298
0.916491418205596
0.9391359960847497
0.9177066887457261
0.8926863962986005
0.9329166272282445
0.9417799621629073
0.9292330366454095
0.8889684937469869
0.9307222022889331
0.9344832626444671
0.9089409496961178
0.9016619996319797
0.9167821856376306
0.9306597952295708
0.9266185900987188
0.9191495916886857
0.9356768353524605
0.9574489018012896
0.9134468064628849
0.9084295954851291
0.9377642901531187
0.9114094279400263
0.9085278121108734
0.8911214891023186
0.8936178895505512
0.9342920329389223
0.9294067834816638
0.9193634070327105
0.8954114546864873
0.9232839658327967
0.924907954489887
0.8891410157212081
0.9127526607043204
0.9156598486789607
0.9232552971824813
0.9077181889897409
0.8944462184722487
0.8972019978550733
0.9317084706334828
0.9443204879160123
0.919594123648709
0.9095437821238004
0.9155044714046586
0.9122634987981862
0.899321440995373
0.9291006175629217
0.9140605927127096
0.9320899677872101
0.910883526447897
0.9125292994902414
0.912011037472166
0.9226842668681858
0.9067435947520396
0.9079454568501445
0.9003359453013124
0.917178378923544
0.9186540464619168
0.9059602554502983
0.9165250783161579
0.9246169422573448
0.8973064919285793
0.8986677347631887
0.9215827226181089
0.9047079276527354
0.9200961255968836
0.9000465718074542
0.9378879019129893
0.9150323465602189
0.8875658764729057
0.9127832928019102
0.9109335314760493
0.9079262348255508
0.902692830992435
0.9044802904759681
0.8996606883447867
0.9074543406454918
0.8896274555841408
0.9193661085278603
0.8853733357946727
0.9193760924996254
0.9054077282060972
0.9118672011972474
0.9238991597697855
0.9176289823955265
0.8712338117475877
0.8835302424056518
0.8990477805274585
0.9135212540286689
0.9314617175920752
0.899818488344817
0.9243672039126621
0.9445373547177907
0.8750489074493545
0.9179887699603202
0.9219722850297835
0.9213361572801911
0.9171673348144997
0.9165294603929507
0.9407320412661541
0.9343383374626552
0.8724704999415994
0.9387874220309658
0.8929241651976022
0.8980967172028185
0.9389734115802177
0.9093372280343359
0.9169253899097424
0.9259212856675363
0.9233194314410437
0.9041493431424272
0.930819812398077
0.9251032028041687
0.8833059315297859
0
0.9101892345501038
0.906090743461509
0.9112333714084156
0.8762473259636457
0.910907343208814
0.9394571351154034
0.9432802221625718
0.8929445815954233
0.9359734409930978
0.9035088895191042
0.9298013751309724
0.9170996832300009
0.9257765168801513
0.9174493842514324
0.897037211097339
0.9286591744724485
0.9033899031019296
0.9471485830249342
0.8966954256007126
0.9025311916321902
0.8812453688457783
0.8837051612941541
0.889925263961561
0.9057845542616659
0.8808400671038531
0.8896872203446706
0.9470613290843679
0.953806875295349
0.9243338082434561
0.9490977208948876
0.9245093804606054
0.9050015932920649
0.9231797192047492
0.9128016551505129
0.8714755385478916
0.9038968917735285
0.9291139301015904
0.9398225519757066
0.895448270295911
0.8789576137149386
0.9345724406392353
0.9211661134629936
0.8928095347959626
0.9482817247878542
0.9535794384006485
0.941378234489155
0.9509587847153748
0.9163789231752051
0.8947100987781103
0.9353154200366561
0.9089022204260422
0.9150597932790726
0.9252338821193951
0.8949977110929993
0.8979427335127007
0.9228976044992727
0.8852128379017554
0.9426398706718816
0.8916348930717651
0.8973865311954389
0.9461144900428474
0.9118421916099897
0.8927810619047387
0.9134231627735926
0.8941862368017316
0.931946551724552
0.9334503903487805
0.9338132086249303
0.8852470119354652
0.9398440614656872
0.9350003682741967
0.9346197497725448
0.8783686778858238
0.8922841172032111
0.9260880441257889
0.9107671819527343
0.9068945740519662
0.9257624562710581
0.9482571178240218
0.8851055735040895
0.9379177217463288
0.9001174156523842
0.907670634498392
0.9093711160925984
0.915846879068381
0.8942475963876935
0.9332446188304369
0.9323932077565751
0.8971441441652611
0.8829282919667938
0.9091078426708951
0.8939097040219891
0.9075362105138407
0.8989547901844904
0.8993051928229095
0.9519814588072648
0.9025262168857725
0.9245954983079685
0.9282272911580165
0.9097170111801841
0.9422246014740692
0.8584998790272718
0.9029290662130249
0.9111923713107879
0.9199602299638514
0.9188490476188642
0.9337470930978524
0.9088139015355383
0.9184363981646234
0.8858326036259535
0.9151900149226825
0.8957386965604854
0.8958684685403209
0.9393934144512652
0.9297631893459194
0.8754021949809232
0.888588467823008
0.9427904676422368
0.912119602730977
0.900214030141232
0.9264665055660329
0.8997498576148935
0.8834438180763812
0.9082579961464677
0.9266079338750657
0.8982933936184382
0.9370649176224054
0.9276390464670036
0.9073219633989721
0.9052183465482299
0.9080921380665766
0.9093679085905412
0.9221574035265832
0.9444539379480934
0.9135723943024172
0.9028103197249348
0.9345251657423694
0.9627777460284105
0
0.9105620410769298
0.8996777465506772
0.9033597800097501
0.918300358824038
0.9347197543568356
0.9498008837535952
0.9344696849222348
0.9082876644880122
0.8954439336910315
0.8632212197354205
0.9005346862809486
0.8989828680731433
0.9041405651138508
0.9483523386139735
0.9063046396501382
0.8916908761782208
0.9076722159077476
0.9040147359362009
0.9432386121884777
0.8903459436845483
0.9290934419523442
0.9375900857863351
0.9048689297001254
0.9259900149144565
0.9330643400640406
0.8934692148460559
0.9312164557345857
0.9335930719861442
0.8935595878553357
0.8809117622686018
0.8928859738690575
0.9040757886556906
0.9053423281878761
0.9355218532507862
0.9044134478016308
0.9172582302158202
0.927787742727014
0.9191298397436197
0.8876070531790525
0.9163327916361153
0.9294970903765902
0.942656109673873
0.9185472303455823
0.9106164867325387
0.893286580515594
0.8964763473378191
0.9135243048348853
0.9297971615498551
0.9384791818218404
0.9090380562908709
0.888887391626086
0.8980945166846808
0.9351252886580609
0.9124250260882346
0.9040752883646956
0.9070325771253396
0.9211755046806035
0.92323112862321
0.9065973378227443
0.9453650778685412
0.878390195436099
0.8911877031944885
0.9218497940244803
0.8928820503808004
0.9203867210197659
0.9109212837986981
0.8929912923687845
0.9012933478375594
0.9204381433988483
0.9045008772126448
0.9375351489991629
0.9311653256061218
0.9316432782785466
0.9086424415733155
0.902435493957342
0.9326704191642328
0.90192521922301
0.9184060021390015
0.896709998452411
0.9304005198912437
0.919132874525298
0.8708594702752199
0.8981822028551081
0.9025270843953463
0.8958778651658711
0.9195271325442547
0.9027145560270701
0.9114238563517724
0.8924987425454656
0.9060899825908939
0.9380329676253522
0.901484780536131
0.9281200539915992
0.899118898723106
0.9414344976173897
0.9135409589405635
0.9262078730664182
0.8866531043583866
0.8987021805395099
0.8878961099188225
0.9090425620862991
0.904389821658038
0.9066619196313986
0.8783336632867116
0
0
0
0
0.8843626256232524
0
0
0
0
0.8282605971478225
0.8281439816993971
0
0
0
0
0
0
0.7841654413992399
0
0
0
0
0
0
0
0.8617842344823078
0
0
0
0
0
0.8478930099114929
0
0
0
0.8700957447308941
0
0
0.9365731024126969
0
0.8204906892668781
0
0
0
0.8713084525464165
0
0
0
0.9189000422288539
0
0
0
0
0
0
0.8348815563435465
0.8891133355407104
0
0.8192612573816102
0
0
0
0
0.9453305558427971
0
0
0.9152156597577814
0
0
0
0.8106207171376224
0
0
0
0
0.8747662298860295
0
0
0
0.8555597159980564
0
0.8293513128228527
0
0
0.8601981618174693
0.8405676739351476
0
0.7865045434963264
0
0.8602396869593109
0
0.830667162736018
0
0
0.844314457914918
0
0
0
0
0
0
0
0
0
0
0.7853779114140605
0
0.8093193051083579
0.9138405757454399
0
0.920468477955955
0
0
0
0.8713718688968756
0
0
0
0
0
0
0
0.9483565784115082
0
0
0
0
0
0
0.8448104681992298
0
0
0
0
0
0.9474699278690769
0
0
0
0
0.8365395600741099
0
0
0
0
0.8179520440859408
0
0
0
0
0
0
0.8354892070202424
0.8533959320920887
0.8445548175911325
0
0
0.890302708435003
0
0.8228676418766792
0
0
0.8708413411490685
0
0
0
0
0
0
0
0
0.8723810354447696
0.8810155154128795
0.8477637867499679
0.8740389119704922
0
0
0
0
0.8299739576273968
0.8453458365097121
0
0.8439909739526277
0
0
0
0
0
0
0.8845505065258918
0
0.9315230726399525
0.7881679906849733
0
0.8445514777927448
0
0
0
0.8776600531708911
0.8615872831703926
0
0
0
0
0
0.9535592871679721
0
0
0
0
0.8561741853279262
0
0.8692860577727173
0
0
0
0
0
0
0.8892722085745152
0.8863906337067796
0
0.8941031014573682
0
0
0
0
0
0
0.8804515324687366
0.905275340356463
0.9084166496314389
0
0
0.9050949788562315
0.8291867088779838
0
0
0
0
0
0
0
0
0
0
0.8539725041540798
0.8831836530140952
0
0
0
0.7673146495125774
0
0
0
0
0
0.8446102110677582
0
0
0
0
0
0
0
0
0.8467377517877965
0
0.9117809452661123
0
0
0
0
0.8301518097287715
0
0
0
0
0
0
0
0
0
0.8897750611585756
0
0.9227394314234075
0
0.8267684301700463
0
0
0
0
0
0
0
0
0
0
0
