(26, 5), (102, 6), (119, 11), (137, 2), (170, 2), (174, 4), (182, 1), (199, 2), (212, 0), (216, 11), (220, 14)
(49, 11), (98, 14), (106, 7), (111, 10), (146, 7), (194, 4), (243, 12), (245, 7)
(33, 5), (50, 2), (84, 1), (158, 0), (177, 9), (185, 1), (202, 0), (223, 1), (265, 10)
(2, 11), (84, 6), (128, 3), (140, 8), (183, 12), (193, 9), (218, 10), (263, 14), (349, 14)
(43, 3), (65, 6), (105, 10), (113, 5), (168, 0), (187, 8), (195, 12), (205, 1), (217, 6), (250, 0)
(19, 11), (69, 7), (74, 10), (90, 14), (110, 4), (163, 7), (167, 12), (187, 7)
(35, 5), (83, 1), (149, 2), (156, 0), (231, 1), (339, 0), (363, 1), (484, 10), (519, 9)
(9, 5), (53, 1), (136, 0), (141, 10), (178, 2), (191, 9), (251, 1), (354, 0), (358, 1)
(31, 5), (86, 4), (127, 11), (129, 14), (151, 1), (156, 2), (192, 11), (230, 0), (256, 2), (354, 6), (412, 2)
(26, 6), (78, 12), (87, 2), (109, 1), (116, 14), (118, 11), (118, 0), (179, 5), (196, 13), (211, 5), (283, 12)
(48, 5), (91, 1), (175, 2), (181, 10), (195, 0), (224, 9), (282, 1), (396, 0), (407, 1)
(9, 9), (86, 9), (95, 4), (126, 14), (130, 1), (139, 0), (156, 13), (161, 10), (175, 7)
(33, 9), (110, 8), (121, 3), (177, 1), (185, 3), (198, 10), (199, 12), (211, 9), (256, 6)
(39, 3), (59, 6), (108, 8), (131, 0), (141, 0), (147, 1), (163, 12), (176, 10), (258, 6), (293, 5)
(14, 9), (83, 8), (84, 3), (153, 12), (179, 3), (188, 6), (195, 10), (242, 9), (299, 1)
(19, 11), (63, 12), (64, 14), (71, 7), (73, 7), (78, 10), (124, 4), (166, 7)
(13, 11), (86, 6), (107, 3), (137, 9), (163, 10), (166, 12), (265, 8), (366, 14), (463, 14)
(26, 11), (88, 7), (92, 10), (124, 14), (180, 4), (252, 12), (355, 7), (412, 7)
(37, 5), (132, 11), (154, 2), (166, 4), (172, 14), (201, 1), (220, 0), (249, 11), (272, 6), (302, 2), (339, 2)
(15, 6), (63, 5), (67, 12), (71, 2), (164, 1), (176, 13), (218, 14), (233, 11), (291, 0), (349, 5), (352, 12)
(19, 11), (93, 6), (148, 9), (154, 8), (175, 12), (220, 14), (267, 14), (269, 3), (315, 10)
(0, 9), (88, 1), (110, 10), (120, 0), (126, 9), (165, 4), (194, 13), (242, 7), (277, 14)
(24, 5), (106, 2), (137, 14), (155, 4), (158, 2), (168, 11), (185, 11), (225, 0), (252, 1), (305, 2), (436, 6)
(17, 11), (99, 6), (156, 12), (159, 9), (167, 14), (189, 3), (254, 14), (268, 8), (288, 10)
(4, 3), (24, 6), (130, 10), (193, 12), (197, 0), (205, 8), (237, 0), (252, 1), (334, 5), (354, 6)
(39, 9), (109, 13), (138, 1), (166, 10), (193, 4), (194, 14), (206, 9), (271, 7), (276, 0)
(8, 11), (80, 6), (105, 8), (128, 12), (155, 9), (252, 3), (264, 14), (324, 10), (355, 14)
(40, 11), (122, 6), (154, 14), (168, 3), (173, 12), (198, 10), (200, 14), (203, 9), (263, 8)
(17, 5), (56, 11), (140, 3), (159, 5), (162, 7), (191, 2), (220, 6), (262, 0)
(12, 5), (65, 1), (91, 2), (129, 0), (141, 1), (157, 10), (194, 9), (228, 0), (255, 1)
(29, 9), (86, 0), (104, 14), (109, 9), (137, 7), (152, 1), (152, 13), (183, 10), (202, 4)
(35, 9), (60, 9), (105, 0), (149, 1), (153, 13), (172, 10), (189, 4), (253, 14), (272, 7)
(9, 5), (118, 14), (155, 4), (163, 2), (164, 11), (171, 11), (232, 0), (234, 1), (335, 2), (456, 6), (541, 2)
(0, 9), (113, 8), (130, 3), (140, 6), (148, 1), (196, 12), (206, 3), (219, 10), (234, 9)
(7, 9), (90, 1), (99, 4), (110, 10), (112, 14), (131, 0), (140, 13), (176, 9), (180, 7)
(45, 9), (100, 7), (103, 4), (108, 9), (150, 1), (157, 14), (173, 10), (182, 13), (314, 0)
(36, 6), (43, 0), (78, 12), (83, 12), (93, 2), (103, 5), (105, 1), (143, 5), (190, 13), (226, 14), (349, 11)
(8, 3), (29, 6), (117, 0), (119, 0), (130, 1), (158, 8), (168, 6), (190, 10), (201, 5), (285, 12)
(13, 5), (45, 11), (101, 0), (109, 7), (122, 5), (132, 2), (137, 3), (162, 6)
(44, 5), (131, 2), (151, 2), (152, 11), (173, 4), (219, 6), (220, 1), (232, 0), (250, 11), (254, 14), (280, 2)
(28, 9), (125, 13), (132, 1), (152, 10), (178, 4), (259, 7), (296, 14), (384, 9), (411, 0)
(6, 3), (27, 6), (103, 10), (115, 8), (144, 5), (151, 0), (163, 1), (178, 0), (197, 6), (203, 12)
(26, 11), (100, 6), (101, 14), (146, 12), (151, 3), (162, 9), (232, 10), (263, 8), (334, 14)
(46, 11), (119, 14), (123, 6), (140, 14), (149, 9), (194, 12), (199, 3), (254, 10), (316, 8)
(24, 5), (71, 1), (87, 2), (121, 1), (163, 0), (197, 1), (221, 0), (299, 10), (321, 9)
(41, 5), (107, 11), (166, 14), (198, 2), (205, 4), (226, 11), (247, 0), (290, 1), (315, 2), (341, 2), (369, 6)
(16, 2), (43, 0), (147, 5), (152, 5), (160, 6), (237, 8), (326, 1), (423, 7), (467, 3)
(14, 5), (149, 2), (159, 1), (170, 11), (186, 14), (196, 11), (205, 0), (222, 4), (249, 2), (266, 6), (318, 2)
(21, 6), (70, 12), (86, 2), (145, 12), (151, 5), (151, 11), (168, 14), (172, 1), (213, 5), (232, 0), (247, 13)
(7, 2), (19, 0), (106, 5), (142, 8), (155, 6), (183, 5), (266, 7), (280, 1), (286, 3)
(32, 11), (70, 14), (82, 7), (87, 10), (113, 4), (150, 12), (166, 7), (199, 7)
(29, 5), (75, 1), (155, 2), (174, 0), (237, 1), (326, 0), (343, 1), (463, 10), (478, 9)
(11, 6), (59, 12), (74, 2), (104, 5), (137, 1), (186, 12), (210, 13), (253, 14), (269, 0), (316, 11), (446, 5)
(17, 9), (113, 4), (115, 1), (128, 13), (142, 10), (148, 7), (192, 14), (343, 0), (364, 9)
(4, 3), (24, 6), (89, 10), (162, 0), (172, 12), (180, 8), (228, 5), (264, 0), (269, 6), (281, 1)
(33, 9), (110, 4), (128, 13), (139, 1), (142, 14), (167, 10), (174, 0), (183, 7), (198, 9)
(6, 11), (54, 7), (58, 10), (112, 12), (177, 14), (221, 7), (222, 7), (236, 4)
(28, 11), (114, 6), (158, 12), (174, 9), (178, 8), (209, 14), (256, 14), (315, 3), (385, 10)
(24, 9), (108, 1), (138, 10), (161, 7), (176, 13), (183, 9), (198, 14), (202, 4), (280, 0)
(48, 3), (69, 6), (125, 5), (145, 10), (159, 0), (207, 12), (236, 0), (246, 1), (293, 8), (435, 6)
(47, 11), (93, 7), (102, 7), (107, 10), (148, 7), (151, 14), (210, 4), (274, 12)
(15, 11), (88, 6), (171, 10), (205, 9), (240, 12), (350, 8), (434, 3), (468, 14), (540, 14)
(3, 6), (53, 12), (57, 2), (78, 5), (124, 1), (162, 13), (177, 5), (179, 11), (204, 14), (249, 12), (340, 0)
(0, 9), (107, 1), (125, 13), (132, 10), (146, 4), (179, 14), (223, 7), (286, 9), (317, 0)
(16, 2), (39, 0), (118, 8), (131, 5), (156, 5), (163, 6), (242, 1), (277, 7), (298, 3)
(7, 5), (70, 14), (115, 4), (116, 2), (128, 6), (149, 11), (173, 11), (182, 0), (183, 2), (195, 2), (220, 1)
(11, 11), (62, 7), (63, 14), (66, 10), (136, 12), (167, 7), (198, 4), (253, 7)
(5, 11), (57, 7), (61, 10), (112, 7), (152, 14), (168, 12), (177, 7), (211, 4)
(20, 3), (40, 10), (41, 6), (125, 12), (133, 1), (134, 0), (162, 8), (162, 0), (299, 6), (384, 5)
(2, 9), (115, 3), (119, 8), (121, 10), (150, 9), (161, 6), (208, 1), (212, 12), (221, 3)
(1, 2), (28, 0), (154, 6), (166, 5), (187, 5), (269, 8), (360, 1), (456, 7), (505, 3)
(5, 2), (28, 0), (91, 3), (135, 7), (153, 6), (185, 5), (193, 1), (277, 8), (291, 5)
(36, 9), (110, 13), (164, 1), (166, 4), (192, 10), (244, 7), (348, 14), (471, 0), (491, 9)
(13, 5), (44, 5), (78, 11), (78, 2), (117, 0), (124, 7), (163, 6), (175, 3)
(31, 6), (81, 12), (97, 2), (109, 1), (124, 14), (130, 5), (162, 0), (180, 13), (184, 12), (194, 5), (245, 11)
(33, 5), (81, 1), (132, 1), (145, 2), (188, 0), (249, 10), (269, 1), (290, 9), (305, 0)
(42, 2), (72, 0), (73, 7), (121, 5), (126, 3), (141, 5), (157, 1), (158, 8), (185, 6)
(8, 11), (94, 6), (151, 9), (178, 12), (311, 8), (439, 14), (527, 14), (604, 3), (663, 10)
(10, 11), (39, 14), (61, 7), (65, 10), (95, 4), (143, 12), (225, 7), (302, 7)
(27, 9), (63, 9), (86, 10), (107, 1), (128, 6), (147, 8), (190, 3), (191, 3), (237, 12)
(2, 6), (52, 12), (68, 2), (124, 5), (138, 11), (176, 14), (177, 1), (177, 0), (210, 12), (237, 5), (257, 13)
(40, 11), (125, 6), (143, 12), (154, 9), (186, 3), (193, 8), (204, 14), (266, 10), (274, 14)
(24, 5), (53, 11), (109, 2), (127, 5), (131, 0), (144, 3), (184, 7), (237, 6)
(12, 12), (26, 11), (75, 14), (81, 7), (86, 10), (113, 7), (114, 4), (193, 7)
(37, 6), (71, 1), (90, 12), (104, 2), (114, 5), (145, 13), (146, 11), (149, 5), (187, 14), (189, 12), (264, 0)
(18, 2), (47, 0), (127, 5), (140, 5), (144, 6), (204, 3), (212, 8), (321, 7), (353, 1)
(32, 2), (58, 0), (96, 1), (116, 5), (119, 5), (129, 8), (140, 7), (171, 6), (195, 3)
(41, 9), (89, 4), (107, 13), (149, 1), (166, 7), (174, 10), (182, 0), (188, 9), (261, 14)
(1, 3), (22, 6), (93, 10), (108, 1), (145, 0), (176, 12), (190, 8), (206, 0), (245, 6), (274, 5)
(10, 6), (58, 12), (75, 2), (105, 5), (138, 1), (139, 5), (173, 12), (190, 0), (225, 13), (228, 11), (255, 14)
(14, 11), (64, 7), (68, 10), (132, 14), (187, 4), (195, 7), (199, 12), (305, 7)
(48, 2), (76, 0), (149, 5), (182, 8), (208, 6), (265, 5), (312, 1), (343, 7), (397, 3)
(41, 6), (94, 12), (112, 2), (119, 5), (119, 1), (143, 13), (145, 5), (167, 11), (167, 0), (183, 14), (217, 12)
(10, 9), (86, 8), (94, 10), (139, 6), (161, 12), (171, 3), (192, 3), (260, 9), (297, 1)
(8, 5), (50, 1), (106, 1), (108, 2), (120, 0), (149, 1), (199, 0), (267, 10), (316, 9)
(35, 9), (106, 10), (112, 1), (121, 8), (126, 6), (171, 3), (184, 3), (191, 12), (240, 9)
(6, 5), (60, 11), (146, 3), (158, 7), (171, 0), (179, 6), (186, 5), (269, 2)
(3, 9), (101, 8), (117, 3), (170, 12), (173, 9), (177, 3), (184, 10), (211, 1), (216, 6)
(20, 3), (41, 6), (105, 8), (146, 10), (159, 12), (168, 0), (183, 0), (186, 1), (298, 6), (397, 5)
(34, 9), (73, 9), (102, 3), (143, 6), (157, 8), (172, 1), (183, 3), (190, 10), (256, 12)
(1, 9), (69, 8), (108, 10), (114, 9), (167, 12), (168, 3), (168, 6), (169, 1), (240, 3)
(18, 2), (50, 0), (153, 3), (154, 6), (182, 5), (185, 7), (188, 8), (230, 1), (288, 5)
(39, 2), (74, 0), (108, 7), (155, 3), (182, 5), (196, 5), (198, 6), (260, 8), (389, 1)
(0, 9), (123, 3), (125, 8), (182, 3), (190, 10), (209, 6), (220, 12), (247, 9), (308, 1)
(30, 2), (50, 0), (105, 5), (114, 5), (137, 8), (141, 7), (153, 6), (169, 3), (217, 1)
(8, 9), (94, 13), (114, 1), (131, 9), (144, 10), (144, 4), (223, 7), (307, 0), (330, 14)
(17, 3), (38, 6), (135, 10), (152, 0), (216, 12), (278, 8), (296, 0), (308, 1), (483, 6), (567, 5)
(17, 11), (66, 7), (71, 10), (100, 14), (107, 4), (129, 7), (144, 12), (211, 7)
(26, 11), (102, 6), (118, 12), (165, 14), (173, 3), (195, 9), (231, 8), (241, 14), (270, 10)
(39, 10), (43, 11), (105, 3), (107, 12), (122, 6), (127, 14), (128, 8), (198, 9), (212, 14)
(40, 6), (85, 12), (96, 2), (101, 0), (134, 12), (141, 5), (144, 1), (173, 5), (215, 13), (255, 14), (272, 11)
(33, 9), (90, 8), (106, 3), (108, 6), (121, 10), (157, 3), (189, 12), (191, 1), (195, 9)
(23, 9), (107, 1), (135, 8), (161, 3), (219, 12), (251, 6), (262, 3), (275, 10), (370, 9)
(22, 5), (69, 1), (107, 2), (138, 0), (215, 1), (223, 9), (300, 0), (309, 1), (335, 10)
(35, 11), (121, 6), (151, 3), (164, 12), (193, 9), (245, 10), (265, 8), (290, 14), (387, 14)
(16, 5), (117, 2), (153, 2), (167, 2), (169, 6), (176, 11), (177, 0), (184, 14), (224, 4), (248, 1), (266, 11)
(16, 11), (99, 6), (130, 3), (132, 12), (149, 14), (159, 9), (174, 8), (175, 14), (223, 10)
(42, 5), (99, 11), (121, 0), (137, 5), (142, 7), (191, 3), (197, 6), (202, 2)
(38, 5), (84, 11), (130, 2), (133, 2), (157, 1), (169, 4), (189, 14), (205, 2), (219, 0), (250, 11), (278, 6)
(7, 5), (60, 1), (109, 1), (123, 0), (134, 1), (136, 9), (143, 2), (172, 0), (198, 10)
(40, 5), (93, 1), (113, 9), (114, 2), (159, 1), (169, 1), (177, 0), (179, 0), (298, 10)
(8, 11), (78, 3), (85, 6), (87, 12), (103, 14), (115, 9), (164, 14), (172, 10), (196, 8)
(6, 5), (52, 11), (128, 7), (139, 3), (158, 6), (161, 5), (223, 2), (237, 0)
(2, 11), (64, 7), (69, 10), (76, 14), (175, 4), (184, 7), (226, 12), (285, 7)
(22, 3), (44, 6), (93, 1), (129, 10), (142, 0), (194, 0), (214, 12), (214, 8), (233, 6), (295, 5)
(14, 3), (35, 6), (105, 5), (144, 10), (177, 6), (192, 8), (201, 0), (204, 12), (222, 1), (290, 0)
(39, 6), (43, 1), (83, 12), (97, 2), (103, 13), (105, 5), (116, 5), (133, 14), (181, 12), (190, 11), (262, 0)
(20, 11), (37, 14), (72, 7), (76, 10), (134, 7), (136, 4), (137, 12), (208, 7)
(30, 9), (125, 3), (126, 8), (194, 12), (214, 3), (222, 10), (272, 9), (299, 6), (322, 1)
(1, 6), (47, 12), (58, 2), (70, 5), (125, 12), (151, 1), (158, 14), (165, 5), (182, 11), (198, 0), (235, 13)
(3, 11), (81, 6), (176, 9), (223, 12), (266, 10), (285, 14), (332, 3), (338, 8), (345, 14)
(32, 3), (53, 6), (118, 10), (122, 1), (161, 5), (170, 0), (176, 12), (180, 8), (214, 6), (216, 0)
(20, 3), (41, 6), (55, 10), (107, 12), (118, 1), (124, 0), (133, 6), (139, 0), (195, 5), (216, 8)
(40, 3), (62, 6), (121, 10), (208, 12), (220, 0), (306, 0), (323, 1), (327, 6), (335, 8), (419, 5)
(10, 5), (112, 11), (126, 1), (135, 2), (153, 6), (156, 11), (162, 14), (173, 2), (198, 4), (228, 2), (252, 0)
(5, 2), (32, 0), (136, 6), (173, 5), (278, 5), (361, 8), (463, 1), (555, 7), (587, 3)
(13, 6), (40, 14), (57, 12), (74, 2), (109, 1), (130, 13), (130, 0), (156, 11), (159, 5), (167, 5), (193, 12)
(35, 5), (81, 1), (101, 1), (112, 2), (150, 0), (182, 0), (225, 1), (254, 10), (274, 9)
(39, 11), (103, 7), (108, 10), (125, 4), (164, 7), (173, 14), (182, 12), (292, 7)
(38, 11), (63, 14), (82, 12), (90, 7), (95, 10), (113, 4), (146, 7), (208, 7)
(5, 5), (43, 11), (106, 7), (127, 3), (137, 6), (187, 5), (213, 0), (246, 2)
(26, 5), (59, 0), (60, 11), (78, 5), (117, 6), (144, 3), (154, 7), (163, 2)
(6, 2), (21, 0), (148, 6), (177, 5), (193, 5), (273, 8), (428, 1), (530, 7), (543, 3)
(23, 2), (56, 0), (109, 5), (139, 5), (152, 8), (163, 1), (189, 6), (243, 7), (294, 3)
(17, 9), (119, 8), (162, 10), (185, 3), (189, 3), (206, 12), (211, 6), (268, 9), (298, 1)
(47, 11), (107, 7), (112, 10), (184, 14), (194, 7), (199, 12), (235, 4), (253, 7)
(15, 9), (96, 3), (99, 8), (123, 6), (138, 3), (152, 1), (153, 10), (179, 9), (185, 12)
(26, 3), (46, 6), (89, 12), (101, 1), (124, 10), (137, 0), (147, 6), (179, 5), (184, 8), (199, 0)
(10, 6), (54, 12), (65, 2), (114, 5), (146, 1), (146, 14), (176, 13), (236, 11), (307, 0), (352, 12), (362, 5)
(18, 2), (32, 0), (70, 5), (119, 5), (123, 6), (184, 8), (272, 1), (277, 3), (318, 7)
(2, 11), (36, 12), (51, 7), (56, 10), (118, 4), (146, 14), (176, 7), (197, 7)
(41, 5), (68, 0), (85, 5), (94, 11), (105, 2), (167, 7), (167, 6), (181, 3)
(6, 11), (78, 6), (109, 8), (128, 9), (132, 14), (180, 14), (184, 12), (221, 3), (293, 10)
(5, 5), (158, 11), (163, 14), (169, 2), (175, 6), (193, 2), (205, 4), (224, 11), (227, 0), (253, 1), (336, 2)
(29, 5), (59, 11), (62, 2), (110, 5), (134, 0), (144, 7), (149, 3), (154, 6)
(44, 2), (71, 0), (107, 1), (136, 7), (188, 3), (194, 6), (196, 5), (249, 5), (326, 8)
(7, 11), (93, 6), (126, 12), (133, 14), (141, 3), (169, 8), (177, 10), (209, 9), (233, 14)
(8, 5), (45, 2), (50, 1), (141, 0), (143, 10), (148, 9), (156, 1), (240, 0), (249, 1)
(8, 3), (29, 6), (143, 10), (181, 0), (184, 12), (271, 8), (327, 1), (342, 0), (494, 6), (591, 5)
(15, 6), (62, 12), (72, 2), (116, 1), (124, 11), (198, 5), (200, 13), (217, 5), (232, 14), (289, 12), (299, 0)
(16, 9), (44, 13), (97, 1), (111, 4), (119, 10), (192, 7), (236, 14), (345, 0), (365, 9)
(2, 5), (56, 11), (124, 7), (130, 5), (145, 3), (166, 2), (178, 6), (202, 0)
(21, 9), (111, 1), (115, 4), (136, 10), (143, 14), (150, 13), (164, 7), (168, 0), (189, 9)
(20, 11), (100, 6), (157, 3), (195, 9), (208, 12), (266, 10), (308, 8), (419, 14), (501, 14)
(42, 2), (78, 0), (175, 6), (186, 5), (190, 3), (275, 5), (344, 7), (360, 8), (368, 1)
(38, 11), (118, 12), (119, 6), (159, 9), (224, 8), (241, 14), (313, 14), (383, 3), (419, 10)
(3, 11), (58, 7), (63, 10), (119, 4), (143, 7), (147, 12), (183, 14), (215, 7)
(25, 9), (136, 3), (144, 8), (162, 3), (169, 10), (209, 6), (225, 12), (300, 9), (339, 1)
(44, 11), (119, 6), (154, 9), (183, 12), (206, 8), (369, 14), (444, 14), (463, 3), (567, 10)
(40, 2), (59, 0), (108, 5), (148, 7), (156, 6), (176, 3), (217, 5), (303, 8), (459, 1)
(4, 5), (51, 1), (149, 0), (169, 2), (258, 1), (356, 0), (374, 1), (393, 10), (442, 9)
(7, 5), (56, 1), (139, 0), (165, 2), (194, 9), (266, 1), (348, 0), (364, 1), (526, 10)
(33, 5), (57, 14), (128, 4), (130, 11), (142, 2), (153, 1), (170, 11), (198, 2), (226, 2), (272, 0), (332, 6)
(37, 9), (85, 4), (96, 7), (148, 1), (154, 9), (161, 14), (166, 10), (188, 13), (209, 0)
(13, 5), (116, 1), (173, 2), (174, 11), (208, 2), (211, 11), (215, 14), (225, 0), (257, 4), (295, 6), (387, 2)
(31, 5), (77, 1), (113, 2), (183, 0), (216, 1), (309, 0), (335, 1), (429, 9), (450, 10)
(14, 9), (127, 3), (143, 8), (195, 3), (198, 6), (210, 10), (233, 12), (240, 9), (272, 1)
(19, 2), (35, 0), (101, 7), (125, 1), (133, 6), (154, 3), (155, 8), (176, 5), (183, 5)
(11, 9), (67, 6), (90, 1), (103, 3), (104, 8), (109, 9), (126, 10), (169, 3), (187, 12)
(13, 9), (75, 6), (111, 9), (121, 8), (162, 10), (165, 1), (190, 3), (192, 12), (257, 3)
(11, 5), (62, 11), (156, 3), (168, 0), (172, 7), (176, 2), (186, 5), (230, 6)
(42, 5), (96, 11), (135, 7), (150, 5), (186, 2), (188, 3), (191, 6), (195, 0)
(36, 2), (61, 0), (103, 8), (118, 3), (170, 5), (184, 5), (187, 6), (237, 1), (271, 7)
(14, 6), (52, 5), (65, 12), (78, 2), (86, 1), (114, 14), (162, 12), (173, 0), (184, 13), (246, 11), (403, 5)
(25, 5), (110, 2), (111, 2), (178, 0), (193, 11), (207, 11), (214, 14), (254, 4), (255, 1), (304, 6), (335, 2)
(4, 5), (137, 2), (152, 2), (179, 6), (219, 11), (224, 14), (225, 0), (261, 4), (267, 11), (331, 1), (392, 2)
(34, 6), (73, 5), (79, 12), (86, 2), (95, 14), (112, 12), (130, 1), (145, 13), (181, 0), (213, 11), (355, 5)
(45, 11), (103, 7), (108, 10), (155, 14), (179, 12), (198, 7), (209, 4), (270, 7)
(5, 5), (67, 1), (87, 4), (109, 2), (111, 14), (119, 11), (128, 6), (129, 2), (158, 0), (180, 2), (197, 11)
(16, 5), (49, 11), (133, 7), (141, 3), (193, 6), (259, 0), (282, 5), (364, 2)
(18, 6), (68, 12), (74, 2), (93, 5), (159, 1), (183, 12), (193, 0), (241, 13), (271, 14), (337, 11), (477, 5)
(39, 2), (73, 0), (135, 3), (143, 7), (159, 5), (181, 1), (182, 6), (190, 5), (192, 8)
(18, 11), (19, 14), (66, 7), (71, 10), (194, 4), (216, 12), (290, 7), (391, 7)
(42, 11), (68, 14), (100, 7), (104, 10), (118, 4), (154, 12), (249, 7), (338, 7)
(2, 9), (59, 3), (75, 10), (91, 3), (96, 8), (187, 12), (189, 6), (317, 9), (377, 1)
(47, 5), (93, 1), (101, 1), (115, 2), (164, 10), (198, 0), (200, 9), (223, 1), (336, 0)
(45, 11), (115, 6), (175, 12), (182, 8), (183, 10), (224, 9), (348, 14), (415, 14), (480, 3)
(36, 6), (83, 12), (94, 0), (98, 2), (129, 13), (130, 11), (140, 12), (143, 1), (148, 5), (178, 5), (184, 14)
(48, 9), (108, 1), (109, 10), (130, 8), (132, 9), (143, 6), (148, 3), (208, 12), (215, 3)
(27, 2), (52, 0), (108, 8), (142, 5), (148, 7), (185, 3), (186, 6), (188, 5), (193, 1)
(42, 5), (86, 1), (109, 2), (120, 11), (129, 11), (137, 14), (153, 4), (187, 6), (197, 2), (199, 2), (248, 0)
(0, 5), (132, 11), (140, 14), (142, 2), (170, 1), (190, 4), (193, 0), (215, 2), (252, 6), (276, 11), (334, 2)
(14, 5), (52, 9), (56, 1), (110, 1), (148, 2), (150, 0), (157, 10), (171, 0), (272, 1)
(42, 5), (94, 11), (126, 0), (144, 6), (148, 5), (193, 3), (200, 7), (216, 2)
(36, 2), (48, 0), (103, 5), (168, 6), (170, 5), (180, 3), (183, 8), (305, 1), (386, 7)
(42, 5), (160, 14), (194, 11), (201, 4), (202, 2), (253, 11), (260, 1), (276, 0), (334, 2), (459, 6), (556, 2)
(14, 5), (52, 11), (130, 7), (144, 3), (162, 0), (183, 5), (184, 6), (250, 2)
(28, 6), (79, 12), (86, 2), (152, 5), (170, 5), (179, 1), (216, 13), (244, 12), (246, 14), (317, 0), (375, 11)
(46, 5), (97, 1), (151, 1), (188, 2), (209, 0), (243, 0), (253, 1), (339, 9), (383, 10)
(47, 3), (67, 6), (103, 12), (116, 10), (177, 8), (189, 0), (192, 1), (278, 0), (343, 6), (392, 5)
(42, 6), (86, 12), (93, 2), (124, 13), (130, 1), (138, 0), (167, 11), (187, 14), (192, 5), (284, 12), (300, 5)
(27, 5), (81, 11), (92, 6), (117, 0), (130, 7), (175, 3), (184, 5), (263, 2)
(29, 1), (48, 9), (118, 9), (156, 3), (160, 8), (193, 6), (228, 3), (234, 12), (235, 10)
(0, 11), (82, 6), (102, 12), (103, 8), (111, 10), (122, 9), (122, 3), (187, 14), (255, 14)
(21, 5), (67, 1), (143, 1), (181, 0), (181, 1), (184, 2), (245, 0), (292, 10), (301, 9)
(16, 11), (94, 6), (113, 3), (122, 14), (147, 9), (150, 10), (157, 12), (191, 14), (218, 8)
(46, 5), (133, 6), (193, 2), (205, 2), (274, 0), (301, 11), (309, 14), (348, 4), (440, 11), (470, 1), (562, 2)
(27, 3), (49, 6), (115, 10), (188, 12), (202, 0), (249, 6), (278, 1), (285, 8), (339, 5), (364, 0)
(23, 5), (131, 4), (144, 6), (155, 11), (181, 2), (186, 2), (219, 1), (222, 2), (234, 0), (256, 11), (261, 14)
(38, 6), (80, 5), (88, 12), (105, 2), (109, 1), (193, 13), (217, 11), (232, 14), (365, 5), (439, 12), (515, 0)
(2, 5), (157, 11), (158, 2), (160, 4), (163, 14), (213, 11), (232, 0), (252, 2), (253, 1), (320, 6), (349, 2)
(40, 2), (57, 0), (124, 5), (178, 7), (188, 6), (197, 5), (201, 8), (240, 3), (335, 1)
(3, 5), (89, 2), (129, 11), (134, 14), (138, 2), (156, 0), (173, 4), (214, 11), (277, 1), (311, 2), (379, 6)
(32, 6), (83, 12), (89, 2), (139, 5), (156, 0), (164, 11), (178, 1), (249, 13), (253, 14), (316, 5), (389, 12)
(16, 5), (63, 1), (101, 2), (128, 10), (132, 9), (135, 1), (139, 0), (144, 0), (161, 1)
(0, 6), (49, 12), (57, 2), (179, 5), (218, 1), (290, 13), (324, 14), (405, 11), (424, 5), (496, 12), (559, 0)
(44, 5), (165, 11), (172, 2), (184, 11), (188, 14), (189, 1), (191, 4), (193, 2), (205, 6), (241, 0), (247, 2)
(18, 11), (48, 14), (69, 7), (74, 10), (103, 4), (164, 7), (167, 12), (186, 7)
(8, 5), (49, 11), (126, 7), (135, 6), (139, 3), (162, 0), (182, 5), (263, 2)
(38, 6), (83, 12), (93, 2), (124, 5), (169, 1), (215, 14), (250, 13), (310, 12), (323, 11), (331, 5), (375, 0)
(25, 5), (74, 11), (157, 5), (173, 3), (178, 7), (229, 2), (238, 6), (290, 0)
(14, 2), (25, 0), (114, 5), (126, 6), (126, 5), (135, 8), (148, 1), (193, 7), (257, 3)
(5, 5), (34, 4), (112, 11), (114, 14), (121, 2), (156, 2), (167, 11), (178, 1), (201, 0), (203, 2), (276, 6)
(33, 5), (86, 1), (181, 0), (197, 2), (309, 1), (402, 0), (416, 9), (428, 1), (444, 10)
(36, 11), (121, 6), (205, 9), (256, 12), (279, 8), (355, 10), (376, 14), (424, 14), (436, 3)
(8, 9), (101, 4), (108, 1), (109, 13), (129, 10), (181, 7), (230, 14), (327, 0), (352, 9)
(9, 9), (101, 1), (120, 10), (125, 4), (130, 0), (134, 7), (155, 9), (156, 13), (236, 14)
(37, 9), (106, 8), (119, 3), (141, 10), (143, 3), (187, 12), (216, 6), (252, 9), (299, 1)
(8, 11), (60, 7), (64, 10), (87, 14), (154, 4), (186, 12), (286, 7), (349, 7)
(19, 11), (83, 7), (86, 12), (87, 10), (133, 14), (153, 7), (157, 4), (186, 7)
(42, 5), (91, 1), (121, 0), (135, 1), (147, 1), (152, 2), (184, 0), (242, 10), (287, 9)
(2, 9), (140, 8), (157, 3), (157, 6), (213, 12), (232, 9), (252, 3), (265, 10), (265, 1)
(18, 11), (97, 6), (131, 8), (173, 3), (182, 14), (184, 12), (211, 9), (236, 14), (243, 10)
(25, 2), (35, 0), (104, 3), (158, 5), (166, 6), (189, 5), (238, 8), (341, 1), (435, 7)
(5, 11), (67, 7), (71, 10), (156, 14), (206, 4), (242, 12), (360, 7), (411, 7)
(44, 2), (74, 0), (85, 3), (135, 5), (158, 7), (161, 5), (196, 1), (200, 6), (213, 8)
(47, 5), (53, 14), (90, 4), (124, 11), (167, 2), (185, 11), (204, 2), (248, 1), (266, 0), (268, 6), (284, 2)
(19, 6), (70, 12), (85, 2), (125, 5), (149, 14), (152, 0), (153, 11), (154, 13), (166, 1), (183, 12), (294, 5)
(43, 5), (116, 11), (123, 14), (123, 6), (128, 1), (154, 11), (161, 4), (166, 2), (173, 2), (195, 2), (232, 0)
(19, 5), (67, 11), (123, 5), (160, 3), (184, 7), (204, 2), (246, 6), (287, 0)
(6, 2), (19, 0), (91, 5), (120, 6), (211, 5), (240, 8), (323, 7), (330, 3), (402, 1)
(41, 11), (125, 6), (174, 9), (217, 12), (329, 14), (341, 8), (410, 14), (461, 3), (539, 10)
(10, 9), (132, 8), (145, 3), (224, 3), (227, 12), (234, 10), (242, 1), (271, 6), (305, 9)
(10, 11), (60, 7), (64, 10), (134, 14), (159, 12), (185, 4), (223, 7), (287, 7)
(22, 6), (68, 12), (77, 2), (137, 0), (145, 5), (151, 12), (176, 1), (254, 13), (287, 14), (359, 11), (455, 5)
(17, 3), (38, 6), (115, 10), (188, 12), (207, 0), (280, 8), (292, 0), (307, 1), (446, 6), (527, 5)
(37, 11), (114, 6), (118, 14), (149, 3), (203, 14), (215, 10), (223, 9), (248, 12), (369, 8)
(18, 5), (78, 14), (102, 2), (118, 4), (124, 2), (171, 6), (181, 0), (181, 11), (198, 11), (266, 1), (328, 2)
(41, 9), (61, 9), (95, 13), (117, 4), (136, 0), (172, 1), (191, 10), (198, 7), (238, 14)
(29, 3), (50, 6), (98, 8), (110, 10), (142, 12), (159, 5), (199, 6), (202, 0), (205, 0), (214, 1)
(48, 9), (122, 4), (130, 1), (141, 9), (156, 13), (161, 10), (198, 7), (281, 14), (418, 0)
(1, 9), (106, 3), (111, 8), (120, 3), (156, 10), (208, 12), (210, 6), (310, 9), (342, 1)
(38, 6), (83, 12), (98, 2), (150, 5), (197, 1), (257, 14), (281, 13), (356, 11), (421, 5), (497, 12), (560, 0)
(15, 1), (48, 6), (95, 12), (108, 2), (110, 5), (189, 13), (232, 14), (242, 11), (281, 5), (356, 12), (428, 0)
(15, 9), (96, 1), (123, 10), (130, 4), (140, 9), (150, 13), (212, 7), (248, 0), (257, 14)
(12, 3), (32, 6), (75, 1), (106, 12), (125, 10), (168, 0), (169, 0), (180, 6), (200, 8), (233, 5)
(43, 5), (73, 2), (86, 1), (102, 1), (109, 1), (149, 0), (199, 0), (222, 10), (247, 9)
(44, 11), (49, 14), (104, 7), (109, 10), (116, 7), (151, 4), (163, 7), (185, 12)
(12, 11), (64, 7), (69, 10), (96, 4), (143, 14), (147, 12), (241, 7), (328, 7)
(33, 11), (74, 12), (97, 7), (102, 10), (111, 14), (121, 4), (158, 7), (172, 7)
(36, 11), (56, 14), (93, 7), (97, 10), (132, 4), (141, 7), (171, 12), (278, 7)
(32, 5), (128, 11), (131, 1), (157, 2), (169, 4), (208, 0), (234, 6), (240, 2), (241, 11), (248, 14), (314, 2)
(24, 2), (39, 0), (135, 6), (163, 5), (214, 5), (302, 8), (410, 3), (425, 1), (516, 7)
(1, 9), (110, 8), (177, 3), (209, 12), (275, 3), (276, 6), (288, 10), (318, 9), (349, 1)
(35, 11), (77, 12), (93, 7), (98, 10), (125, 4), (150, 7), (161, 7), (178, 14)
(15, 9), (123, 8), (133, 3), (146, 1), (158, 9), (170, 6), (203, 3), (215, 10), (222, 12)
(19, 5), (62, 11), (119, 0), (135, 5), (156, 3), (178, 7), (220, 2), (240, 6)
(24, 6), (76, 12), (80, 2), (88, 5), (127, 1), (170, 14), (203, 13), (278, 11), (409, 5), (421, 0), (481, 12)
(18, 5), (61, 1), (107, 2), (111, 11), (114, 2), (124, 2), (126, 6), (139, 4), (152, 14), (158, 11), (171, 0)
(18, 11), (89, 6), (126, 9), (135, 12), (234, 8), (330, 14), (331, 3), (364, 10), (430, 14)
(46, 9), (120, 10), (168, 3), (174, 6), (187, 1), (198, 8), (208, 3), (215, 9), (289, 12)
(14, 11), (85, 6), (130, 3), (151, 14), (165, 9), (189, 12), (190, 10), (234, 14), (301, 8)
(40, 6), (88, 12), (96, 2), (107, 11), (107, 12), (151, 13), (154, 1), (163, 14), (177, 0), (182, 5), (203, 5)
(10, 11), (59, 7), (64, 10), (159, 14), (164, 12), (181, 7), (202, 7), (208, 4)
(27, 5), (67, 1), (80, 1), (94, 10), (121, 1), (129, 9), (149, 2), (166, 0), (189, 0)
(15, 5), (46, 5), (61, 6), (67, 11), (104, 7), (126, 0), (145, 2), (153, 3)
(27, 11), (85, 7), (89, 10), (152, 14), (209, 4), (270, 12), (341, 7), (410, 7)
(27, 3), (49, 6), (114, 10), (188, 12), (209, 0), (314, 8), (417, 0), (428, 1), (544, 6), (620, 5)
(6, 11), (56, 7), (61, 10), (138, 4), (144, 14), (187, 12), (254, 7), (316, 7)
(39, 5), (58, 5), (69, 11), (113, 2), (154, 7), (157, 0), (170, 3), (182, 6)
(48, 9), (150, 8), (161, 10), (170, 3), (187, 3), (193, 1), (221, 9), (234, 12), (237, 6)
(28, 6), (66, 1), (80, 12), (92, 2), (102, 0), (109, 12), (110, 5), (148, 5), (149, 13), (190, 14), (207, 11)
(46, 5), (84, 2), (91, 1), (157, 9), (161, 1), (161, 10), (168, 0), (257, 0), (285, 1)
(35, 5), (85, 1), (86, 1), (93, 2), (103, 9), (119, 0), (129, 1), (154, 0), (178, 10)
(47, 11), (127, 6), (132, 8), (155, 9), (157, 14), (170, 3), (199, 10), (204, 14), (221, 12)
(36, 1), (48, 5), (51, 10), (96, 1), (125, 0), (154, 2), (158, 9), (180, 0), (233, 1)
(34, 11), (112, 6), (115, 3), (158, 9), (172, 12), (180, 10), (268, 8), (404, 14), (499, 14)
(4, 9), (108, 8), (126, 10), (150, 6), (162, 3), (201, 12), (201, 3), (227, 9), (289, 1)
(24, 9), (113, 13), (146, 1), (176, 10), (181, 4), (263, 7), (328, 0), (341, 14), (352, 9)
(34, 11), (89, 7), (94, 10), (120, 7), (124, 14), (165, 12), (179, 4), (241, 7)
