14, 6, 12, 3, 7, 7, 13, 12
6, 4, 11, 4, 4, 9, 8, 2, 6, 13, 1
11, 14, 6, 2, 1, 10, 3, 14, 6, 6
8, 1, 11, 5, 9, 11, 14, 6, 2, 2
6, 9, 2, 6, 12, 11, 9, 6, 10
6, 9, 6, 9, 10, 6, 11, 2, 12
14, 6, 12, 12, 7, 3, 13, 7
6, 4, 9, 11, 4, 1, 6, 2, 8, 4, 13
8, 1, 5, 11, 2, 11, 2, 9, 6, 14
6, 4, 4, 11, 4, 9, 13, 8, 1, 6, 2
14, 6, 3, 12, 7, 7, 13, 12
8, 1, 5, 11, 9, 6, 11, 14, 2, 2
6, 4, 4, 4, 11, 9, 2, 1, 13, 6, 8
8, 1, 6, 5, 11, 11, 9, 14, 2, 2
11, 14, 14, 6, 3, 10, 1, 2, 6, 6
11, 14, 6, 3, 14, 2, 6, 10, 6, 1
6, 4, 11, 4, 9, 13, 1, 6, 2, 8, 4
14, 6, 12, 3, 13, 7, 12, 7
8, 1, 5, 11, 11, 9, 6, 14, 2, 2
6, 4, 4, 11, 6, 1, 2, 13, 9, 8, 4
6, 4, 11, 4, 4, 1, 9, 2, 6, 13, 8
8, 1, 5, 6, 14, 11, 2, 2, 9, 11
14, 6, 12, 3, 13, 12, 7, 7
6, 9, 6, 6, 11, 10, 2, 12, 9
6, 9, 6, 9, 12, 10, 6, 2, 11
14, 6, 3, 12, 7, 13, 12, 7
14, 6, 12, 3, 7, 7, 13, 12
6, 4, 2, 4, 13, 11, 8, 1, 9, 4, 6
6, 4, 4, 4, 6, 2, 8, 13, 9, 11, 1
11, 14, 6, 1, 3, 6, 14, 2, 6, 10
8, 1, 11, 5, 9, 6, 11, 14, 2, 2
6, 4, 4, 2, 13, 1, 6, 11, 8, 4, 9
8, 1, 5, 11, 11, 9, 6, 14, 2, 2
6, 4, 11, 4, 4, 8, 9, 1, 13, 6, 2
8, 1, 5, 6, 11, 9, 11, 2, 14, 2
6, 9, 9, 11, 6, 6, 12, 10, 2
11, 14, 6, 3, 14, 10, 6, 6, 1, 2
8, 11, 1, 9, 5, 6, 11, 14, 2, 2
8, 1, 5, 14, 11, 2, 9, 11, 2, 6
14, 6, 12, 3, 7, 7, 12, 13
8, 1, 11, 9, 5, 11, 6, 2, 14, 2
11, 14, 6, 3, 14, 10, 2, 1, 6, 6
14, 6, 12, 3, 12, 7, 7, 13
6, 4, 4, 11, 9, 4, 1, 6, 2, 13, 8
6, 4, 4, 4, 8, 13, 11, 2, 1, 9, 6
11, 14, 6, 3, 14, 10, 6, 6, 1, 2
6, 4, 11, 4, 2, 6, 13, 1, 8, 9, 4
8, 1, 5, 11, 14, 11, 9, 2, 6, 2
11, 14, 6, 3, 14, 6, 10, 1, 6, 2
6, 9, 10, 9, 6, 6, 11, 2, 12
6, 4, 4, 11, 9, 4, 13, 1, 8, 6, 2
8, 1, 5, 6, 11, 11, 9, 2, 14, 2
14, 6, 12, 7, 13, 3, 7, 12
6, 4, 4, 11, 4, 8, 9, 1, 2, 6, 13
6, 9, 9, 6, 6, 2, 11, 12, 10
14, 6, 3, 12, 12, 13, 7, 7
11, 14, 6, 14, 3, 10, 6, 6, 1, 2
6, 9, 9, 6, 10, 6, 11, 2, 12
6, 9, 9, 6, 6, 10, 11, 2, 12
8, 1, 5, 11, 6, 11, 9, 14, 2, 2
11, 14, 6, 3, 14, 6, 1, 10, 6, 2
8, 11, 1, 5, 9, 11, 2, 2, 6, 14
6, 4, 4, 1, 11, 6, 13, 2, 8, 9, 4
8, 1, 9, 5, 11, 11, 2, 6, 14, 2
6, 9, 9, 6, 10, 6, 11, 2, 12
8, 1, 5, 11, 6, 9, 14, 11, 2, 2
6, 4, 11, 4, 9, 1, 6, 13, 2, 8, 4
6, 4, 4, 11, 9, 1, 6, 2, 13, 8, 4
8, 11, 1, 5, 11, 14, 2, 9, 6, 2
14, 6, 3, 7, 12, 7, 13, 12
11, 14, 6, 3, 14, 6, 10, 6, 2, 1
8, 1, 11, 5, 11, 9, 6, 14, 2, 2
8, 1, 5, 11, 6, 14, 9, 2, 2, 11
14, 6, 12, 3, 13, 7, 12, 7
6, 9, 6, 9, 12, 10, 2, 6, 11
8, 1, 5, 6, 11, 11, 2, 9, 14, 2
11, 14, 6, 3, 14, 10, 6, 2, 1, 6
11, 3, 14, 6, 1, 2, 6, 14, 6, 10
8, 1, 11, 5, 6, 9, 14, 2, 11, 2
11, 14, 6, 6, 3, 2, 1, 6, 14, 10
14, 6, 7, 3, 7, 12, 13, 12
6, 4, 4, 11, 4, 13, 8, 9, 1, 6, 2
11, 10, 3, 14, 14, 6, 6, 6, 1, 2
11, 14, 14, 10, 3, 6, 1, 2, 6, 6
6, 4, 4, 11, 6, 9, 4, 1, 2, 13, 8
6, 9, 6, 9, 10, 6, 2, 12, 11
11, 14, 6, 6, 10, 14, 3, 6, 1, 2
11, 14, 6, 3, 2, 14, 10, 1, 6, 6
11, 14, 6, 3, 14, 10, 6, 1, 6, 2
8, 1, 5, 11, 2, 2, 9, 11, 6, 14
14, 6, 12, 7, 3, 7, 13, 12
6, 9, 6, 9, 6, 11, 2, 12, 10
8, 1, 5, 11, 9, 11, 14, 2, 6, 2
8, 1, 5, 11, 9, 2, 2, 6, 11, 14
8, 1, 5, 11, 11, 14, 2, 9, 2, 6
14, 6, 12, 3, 7, 7, 13, 12
6, 4, 4, 9, 1, 13, 11, 2, 8, 4, 6
6, 4, 4, 11, 13, 2, 8, 4, 9, 6, 1
6, 4, 4, 11, 9, 1, 4, 6, 2, 8, 13
8, 1, 5, 11, 14, 9, 6, 2, 11, 2
6, 9, 6, 12, 2, 9, 10, 6, 11
14, 6, 12, 12, 3, 13, 7, 7
14, 6, 3, 7, 12, 12, 13, 7
6, 9, 9, 6, 12, 6, 10, 11, 2
11, 14, 14, 6, 3, 1, 10, 2, 6, 6
14, 6, 12, 13, 7, 3, 12, 7
8, 1, 5, 11, 9, 14, 11, 6, 2, 2
6, 9, 6, 6, 9, 10, 11, 2, 12
11, 14, 6, 6, 14, 3, 6, 10, 1, 2
14, 6, 12, 7, 3, 7, 13, 12
11, 14, 6, 14, 6, 3, 1, 10, 6, 2
11, 14, 6, 3, 14, 10, 6, 6, 1, 2
11, 14, 6, 1, 3, 14, 2, 6, 10, 6
6, 4, 11, 4, 9, 4, 1, 13, 2, 6, 8
8, 1, 5, 9, 11, 11, 14, 2, 6, 2
11, 14, 6, 3, 14, 10, 6, 1, 6, 2
11, 14, 6, 3, 2, 14, 10, 1, 6, 6
11, 14, 6, 3, 6, 1, 14, 10, 6, 2
6, 4, 4, 4, 1, 11, 8, 6, 13, 2, 9
14, 6, 12, 3, 7, 13, 12, 7
6, 9, 9, 6, 6, 10, 11, 2, 12
6, 4, 11, 4, 9, 1, 4, 13, 8, 6, 2
8, 1, 5, 11, 2, 14, 9, 6, 2, 11
6, 9, 9, 6, 10, 6, 11, 12, 2
11, 14, 6, 1, 14, 3, 10, 2, 6, 6
14, 6, 3, 7, 7, 12, 13, 12
6, 9, 6, 10, 6, 2, 9, 12, 11
11, 14, 6, 2, 1, 14, 10, 3, 6, 6
8, 1, 5, 14, 11, 2, 2, 9, 11, 6
6, 9, 9, 6, 10, 6, 12, 11, 2
11, 14, 6, 6, 1, 14, 3, 6, 10, 2
11, 14, 6, 3, 6, 1, 14, 6, 10, 2
8, 1, 5, 14, 11, 2, 9, 2, 11, 6
14, 6, 3, 12, 7, 12, 13, 7
6, 4, 4, 11, 8, 6, 2, 13, 4, 9, 1
11, 14, 14, 10, 6, 6, 3, 6, 1, 2
14, 6, 12, 3, 7, 13, 7, 12
6, 11, 4, 4, 9, 1, 6, 2, 13, 8, 4
6, 9, 6, 2, 10, 6, 9, 11, 12
11, 14, 6, 1, 3, 6, 2, 6, 14, 10
6, 4, 4, 11, 2, 13, 8, 4, 9, 1, 6
8, 1, 5, 11, 9, 6, 11, 14, 2, 2
6, 4, 1, 4, 9, 11, 2, 6, 13, 8, 4
8, 1, 5, 11, 2, 2, 9, 11, 6, 14
8, 1, 11, 5, 6, 2, 11, 2, 14, 9
6, 4, 11, 4, 9, 4, 8, 13, 1, 2, 6
8, 1, 5, 11, 6, 11, 9, 14, 2, 2
6, 9, 9, 10, 6, 6, 11, 2, 12
11, 14, 3, 6, 14, 1, 2, 6, 10, 6
6, 9, 9, 6, 10, 6, 12, 11, 2
6, 4, 4, 11, 9, 1, 4, 6, 8, 2, 13
11, 14, 6, 14, 6, 3, 2, 10, 6, 1
6, 12, 9, 9, 2, 6, 6, 10, 11
8, 1, 5, 11, 9, 2, 6, 11, 14, 2
6, 4, 11, 4, 9, 1, 6, 2, 13, 8, 4
11, 14, 6, 3, 10, 14, 6, 1, 6, 2
8, 1, 11, 5, 6, 11, 2, 2, 14, 9
6, 4, 4, 11, 8, 4, 9, 1, 2, 13, 6
14, 6, 3, 12, 7, 7, 13, 12
8, 1, 5, 11, 9, 2, 11, 2, 6, 14
11, 14, 6, 3, 14, 10, 6, 6, 1, 2
6, 9, 9, 11, 2, 6, 6, 12, 10
11, 14, 14, 6, 3, 10, 1, 6, 6, 2
6, 4, 4, 11, 9, 1, 6, 2, 13, 8, 4
6, 4, 9, 11, 4, 1, 2, 6, 13, 4, 8
11, 14, 6, 6, 3, 14, 6, 10, 1, 2
8, 1, 5, 9, 11, 14, 2, 11, 2, 6
6, 4, 11, 4, 9, 1, 6, 8, 2, 13, 4
6, 9, 6, 9, 12, 10, 6, 11, 2
6, 9, 9, 6, 12, 10, 6, 2, 11
6, 9, 9, 10, 6, 6, 11, 2, 12
6, 9, 9, 6, 6, 10, 2, 11, 12
14, 6, 3, 12, 7, 7, 13, 12
6, 9, 2, 9, 10, 6, 11, 12, 6
11, 14, 6, 3, 10, 14, 6, 6, 1, 2
14, 6, 3, 12, 7, 7, 13, 12
6, 4, 11, 4, 9, 6, 2, 13, 8, 1, 4
11, 14, 6, 3, 10, 6, 14, 6, 2, 1
6, 9, 6, 2, 12, 9, 10, 6, 11
8, 11, 1, 9, 5, 6, 11, 14, 2, 2
8, 1, 5, 11, 6, 9, 11, 14, 2, 2
11, 14, 3, 14, 6, 10, 6, 6, 1, 2
8, 1, 11, 5, 9, 11, 14, 6, 2, 2
14, 6, 12, 3, 7, 7, 13, 12
14, 6, 12, 7, 3, 13, 7, 12
11, 14, 6, 14, 3, 6, 6, 10, 1, 2
6, 9, 6, 10, 11, 9, 6, 2, 12
14, 6, 3, 12, 7, 12, 7, 13
8, 1, 5, 11, 2, 2, 9, 11, 6, 14
14, 6, 12, 13, 3, 12, 7, 7
8, 1, 5, 11, 9, 11, 6, 2, 14, 2
6, 9, 12, 6, 2, 9, 10, 6, 11
6, 9, 9, 6, 10, 6, 11, 2, 12
6, 4, 4, 11, 4, 1, 2, 6, 13, 9, 8
6, 4, 4, 11, 13, 9, 8, 1, 6, 4, 2
14, 6, 12, 3, 7, 7, 13, 12
8, 1, 11, 5, 2, 11, 9, 2, 6, 14
6, 4, 4, 8, 11, 9, 4, 6, 13, 2, 1
11, 14, 3, 6, 14, 1, 10, 6, 6, 2
14, 6, 3, 12, 7, 7, 13, 12
6, 4, 4, 11, 9, 1, 13, 2, 4, 8, 6
6, 4, 4, 11, 9, 1, 2, 4, 6, 13, 8
14, 6, 3, 12, 12, 7, 7, 13
6, 4, 4, 13, 1, 4, 2, 11, 8, 6, 9
6, 9, 6, 12, 2, 11, 9, 6, 10
8, 1, 5, 11, 11, 9, 2, 6, 2, 14
14, 6, 12, 3, 7, 13, 7, 12
11, 14, 6, 3, 1, 14, 10, 2, 6, 6
6, 9, 6, 2, 6, 10, 11, 9, 12
8, 1, 11, 5, 2, 9, 11, 2, 14, 6
6, 4, 11, 4, 9, 1, 8, 4, 6, 2, 13
14, 6, 12, 3, 12, 7, 13, 7
6, 9, 9, 6, 10, 6, 12, 11, 2
11, 14, 6, 3, 14, 10, 6, 6, 1, 2
14, 6, 12, 7, 3, 13, 12, 7
8, 1, 5, 11, 11, 9, 2, 2, 14, 6
6, 9, 6, 6, 9, 12, 10, 2, 11
6, 9, 6, 6, 9, 11, 2, 10, 12
8, 1, 5, 11, 11, 9, 2, 2, 14, 6
14, 6, 3, 12, 7, 13, 7, 12
14, 6, 3, 12, 7, 7, 13, 12
6, 9, 6, 9, 10, 6, 2, 11, 12
14, 6, 3, 13, 12, 12, 7, 7
14, 6, 3, 12, 7, 7, 13, 12
6, 4, 4, 11, 8, 9, 1, 2, 4, 13, 6
8, 1, 5, 6, 14, 11, 11, 2, 9, 2
8, 1, 5, 2, 11, 11, 6, 2, 9, 14
14, 6, 3, 12, 7, 13, 7, 12
14, 6, 7, 12, 3, 13, 7, 12
6, 9, 6, 12, 9, 10, 6, 11, 2
14, 6, 12, 3, 7, 7, 13, 12
14, 6, 12, 3, 7, 7, 12, 13
14, 6, 12, 3, 7, 7, 13, 12
14, 6, 3, 12, 7, 13, 7, 12
8, 1, 5, 11, 14, 9, 2, 6, 2, 11
14, 6, 3, 12, 7, 7, 13, 12
14, 6, 7, 3, 12, 7, 13, 12
14, 6, 3, 7, 12, 13, 7, 12
6, 9, 9, 6, 10, 6, 2, 11, 12
6, 9, 6, 10, 9, 6, 2, 12, 11
6, 9, 6, 9, 12, 10, 6, 11, 2
8, 1, 5, 11, 11, 6, 14, 9, 2, 2
6, 4, 11, 4, 9, 13, 8, 1, 4, 2, 6
6, 9, 9, 6, 10, 6, 2, 11, 12
11, 14, 6, 10, 6, 6, 3, 1, 14, 2
6, 9, 9, 2, 6, 11, 12, 10, 6
14, 6, 3, 12, 7, 13, 7, 12
11, 14, 6, 3, 14, 10, 6, 6, 1, 2
11, 3, 14, 6, 14, 10, 6, 6, 1, 2
11, 14, 6, 6, 3, 1, 10, 6, 14, 2
6, 4, 4, 11, 8, 6, 13, 4, 1, 9, 2
6, 4, 4, 11, 9, 13, 6, 1, 4, 2, 8
6, 4, 4, 8, 9, 1, 6, 11, 13, 2, 4
8, 1, 11, 5, 11, 2, 14, 6, 9, 2
14, 6, 7, 3, 12, 12, 7, 13
6, 4, 4, 11, 13, 2, 4, 8, 9, 1, 6
8, 1, 5, 11, 2, 9, 2, 11, 6, 14
11, 14, 6, 14, 3, 6, 10, 6, 1, 2
8, 1, 5, 11, 11, 9, 6, 14, 2, 2
8, 1, 5, 2, 11, 2, 9, 11, 6, 14
14, 6, 3, 12, 7, 12, 7, 13
6, 4, 11, 4, 9, 2, 8, 13, 4, 6, 1
6, 9, 6, 10, 6, 9, 11, 2, 12
8, 1, 11, 5, 9, 11, 14, 6, 2, 2
8, 1, 5, 2, 9, 11, 11, 2, 6, 14
8, 1, 5, 14, 11, 9, 6, 11, 2, 2
6, 9, 9, 10, 6, 6, 11, 2, 12
8, 1, 5, 11, 11, 9, 6, 14, 2, 2
6, 4, 11, 4, 9, 1, 13, 6, 8, 2, 4
6, 9, 9, 6, 10, 6, 11, 2, 12
6, 4, 4, 11, 8, 9, 4, 1, 6, 2, 13
8, 1, 11, 5, 9, 2, 11, 6, 14, 2
6, 9, 6, 2, 6, 9, 10, 12, 11
11, 3, 14, 6, 10, 14, 1, 2, 6, 6
8, 1, 5, 11, 2, 11, 6, 9, 14, 2
6, 11, 4, 4, 9, 1, 13, 2, 6, 8, 4
6, 4, 4, 11, 4, 2, 8, 1, 13, 9, 6
14, 6, 12, 7, 13, 3, 12, 7
8, 1, 11, 5, 14, 2, 6, 2, 9, 11
6, 4, 11, 4, 9, 4, 1, 6, 2, 13, 8
6, 9, 9, 6, 11, 2, 6, 10, 12
6, 4, 4, 2, 1, 11, 9, 13, 6, 8, 4
6, 9, 2, 9, 6, 12, 10, 6, 11
6, 4, 4, 9, 11, 6, 13, 1, 2, 4, 8
6, 9, 9, 6, 10, 6, 11, 2, 12
14, 6, 3, 12, 7, 13, 12, 7
8, 1, 5, 11, 9, 11, 6, 14, 2, 2
6, 9, 6, 9, 11, 2, 12, 10, 6
6, 4, 4, 11, 2, 13, 9, 6, 1, 8, 4
6, 4, 4, 11, 8, 9, 6, 2, 4, 13, 1
11, 14, 6, 6, 3, 6, 14, 10, 1, 2
8, 1, 5, 11, 2, 9, 11, 2, 6, 14
8, 1, 11, 5, 2, 9, 11, 14, 6, 2
6, 11, 4, 9, 4, 4, 1, 6, 13, 2, 8
14, 6, 3, 12, 13, 7, 12, 7
11, 14, 6, 6, 6, 1, 3, 10, 14, 2
8, 1, 5, 11, 11, 6, 9, 14, 2, 2
11, 14, 6, 14, 3, 1, 2, 10, 6, 6
14, 6, 12, 13, 3, 7, 12, 7
8, 1, 5, 11, 2, 14, 2, 11, 9, 6
