(44, 11), (100, 7), (105, 10), (109, 14), (163, 4), (228, 12), (314, 7), (374, 7)
(21, 9), (104, 1), (135, 10), (138, 13), (189, 4), (268, 7), (378, 14), (465, 0), (486, 9)
(35, 11), (89, 7), (94, 10), (145, 14), (201, 4), (247, 12), (353, 7), (432, 7)
(22, 11), (76, 7), (80, 10), (109, 14), (166, 4), (222, 12), (317, 7), (417, 7)
(40, 9), (109, 3), (148, 8), (196, 3), (209, 10), (232, 6), (243, 12), (353, 9), (400, 1)
(39, 3), (61, 6), (102, 10), (146, 0), (191, 12), (293, 8), (382, 0), (397, 1), (572, 6), (652, 5)
(7, 2), (35, 0), (106, 5), (156, 6), (200, 5), (287, 8), (404, 1), (511, 7), (566, 3)
(34, 6), (81, 12), (90, 2), (105, 5), (140, 1), (217, 13), (259, 14), (324, 11), (437, 5), (509, 12), (593, 0)
(23, 11), (83, 7), (87, 10), (141, 14), (196, 4), (262, 12), (370, 7), (470, 7)
(38, 5), (90, 1), (178, 0), (179, 2), (266, 1), (356, 0), (368, 1), (498, 10), (529, 9)
(18, 11), (67, 7), (71, 10), (119, 14), (168, 4), (203, 12), (311, 7), (362, 7)
(16, 9), (151, 8), (220, 12), (238, 3), (344, 3), (354, 10), (404, 6), (471, 9), (502, 1)
(37, 9), (103, 3), (168, 8), (169, 3), (180, 10), (226, 6), (264, 9), (270, 12), (319, 1)
(3, 9), (104, 13), (128, 1), (159, 10), (165, 4), (246, 7), (281, 14), (383, 0), (405, 9)
(19, 9), (111, 1), (132, 10), (133, 13), (152, 4), (229, 7), (293, 14), (420, 0), (443, 9)
(7, 11), (84, 6), (107, 12), (160, 9), (205, 8), (384, 14), (446, 14), (478, 3), (525, 10)
(27, 3), (49, 6), (103, 10), (172, 12), (202, 0), (228, 8), (339, 0), (356, 1), (484, 6), (544, 5)
(17, 3), (38, 6), (142, 0), (161, 10), (224, 12), (297, 8), (401, 0), (420, 1), (571, 6), (622, 5)
(1, 11), (85, 6), (188, 9), (272, 12), (378, 8), (473, 14), (537, 14), (571, 3), (649, 10)
(22, 11), (102, 6), (212, 9), (299, 12), (390, 8), (550, 14), (598, 14), (671, 3), (748, 10)
(47, 9), (189, 8), (279, 12), (300, 3), (364, 3), (372, 10), (405, 6), (500, 9), (530, 1)
(14, 6), (58, 12), (76, 2), (101, 5), (133, 1), (217, 13), (260, 14), (318, 11), (479, 5), (554, 12), (638, 0)
(34, 11), (119, 6), (237, 9), (320, 12), (417, 8), (594, 14), (672, 14), (741, 3), (821, 10)
(35, 9), (103, 13), (114, 1), (136, 10), (164, 4), (243, 7), (321, 14), (429, 0), (449, 9)
(41, 11), (104, 7), (109, 10), (162, 14), (218, 4), (281, 12), (375, 7), (444, 7)
(38, 5), (149, 2), (215, 0), (294, 11), (302, 14), (339, 4), (350, 11), (421, 1), (497, 2), (626, 6), (722, 2)
(29, 2), (63, 0), (176, 6), (233, 5), (336, 5), (414, 8), (567, 1), (637, 7), (666, 3)
(13, 11), (86, 6), (103, 12), (174, 9), (221, 8), (316, 14), (359, 14), (372, 3), (478, 10)
(46, 5), (137, 2), (219, 0), (300, 11), (306, 14), (345, 4), (382, 11), (450, 1), (543, 2), (659, 6), (753, 2)
(19, 3), (40, 6), (109, 10), (163, 0), (198, 12), (299, 8), (377, 0), (397, 1), (492, 6), (546, 5)
(44, 9), (103, 13), (142, 1), (161, 10), (165, 4), (245, 7), (341, 14), (485, 0), (510, 9)
(10, 5), (54, 11), (153, 3), (240, 7), (294, 6), (361, 0), (385, 5), (468, 2)
(8, 3), (29, 6), (101, 10), (171, 12), (173, 0), (258, 8), (321, 0), (338, 1), (486, 6), (528, 5)
(14, 3), (34, 6), (102, 10), (168, 0), (199, 12), (273, 8), (381, 0), (397, 1), (553, 6), (605, 5)
(12, 9), (78, 8), (154, 12), (168, 3), (256, 3), (267, 10), (327, 6), (405, 9), (454, 1)
(28, 6), (80, 12), (86, 2), (106, 5), (132, 1), (216, 13), (260, 14), (365, 11), (513, 5), (585, 12), (665, 0)
(43, 5), (104, 11), (112, 14), (151, 4), (184, 11), (193, 2), (251, 1), (261, 0), (322, 2), (396, 6), (479, 2)
(31, 9), (103, 13), (139, 4), (141, 1), (159, 10), (217, 7), (267, 14), (423, 0), (443, 9)
(35, 5), (146, 2), (218, 0), (302, 11), (310, 14), (349, 4), (387, 11), (456, 1), (496, 2), (572, 6), (637, 2)
(5, 6), (54, 12), (59, 2), (150, 5), (177, 1), (258, 13), (294, 14), (377, 11), (483, 5), (555, 12), (633, 0)
(1, 11), (64, 7), (69, 10), (120, 14), (176, 4), (231, 12), (310, 7), (358, 7)
(22, 11), (92, 6), (102, 12), (207, 9), (209, 8), (388, 14), (482, 14), (502, 3), (601, 10)
(4, 3), (24, 6), (154, 0), (174, 10), (245, 12), (328, 8), (394, 0), (410, 1), (521, 6), (576, 5)
(12, 5), (57, 1), (103, 2), (157, 0), (202, 1), (285, 0), (291, 1), (427, 10), (435, 9)
(22, 11), (83, 7), (88, 10), (104, 14), (159, 4), (203, 12), (321, 7), (417, 7)
(34, 5), (159, 2), (231, 0), (312, 11), (316, 14), (354, 4), (397, 11), (468, 1), (522, 2), (657, 6), (717, 2)
(32, 9), (109, 3), (173, 3), (186, 8), (186, 10), (252, 6), (273, 12), (348, 9), (410, 1)
(44, 5), (90, 11), (104, 7), (157, 6), (187, 3), (217, 0), (234, 5), (293, 2)
(11, 5), (60, 1), (103, 2), (138, 0), (223, 1), (337, 0), (352, 1), (473, 10), (478, 9)
(46, 11), (103, 14), (110, 7), (114, 10), (160, 4), (209, 12), (315, 7), (401, 7)
(41, 11), (93, 7), (97, 10), (101, 14), (149, 4), (220, 12), (282, 7), (348, 7)
(32, 11), (105, 6), (199, 9), (280, 12), (392, 8), (546, 14), (645, 14), (720, 3), (764, 10)
(16, 11), (77, 7), (81, 10), (132, 14), (183, 4), (221, 12), (338, 7), (390, 7)
(32, 9), (96, 8), (104, 3), (170, 3), (182, 10), (195, 12), (198, 6), (301, 9), (362, 1)
(5, 9), (106, 3), (108, 8), (171, 3), (182, 10), (187, 12), (234, 6), (306, 9), (344, 1)
(47, 5), (93, 1), (101, 2), (182, 0), (208, 1), (292, 0), (298, 1), (401, 10), (406, 9)
(35, 11), (94, 7), (98, 10), (152, 14), (207, 4), (255, 12), (366, 7), (457, 7)
(4, 6), (48, 12), (61, 2), (144, 5), (174, 1), (260, 13), (294, 14), (397, 11), (540, 5), (613, 12), (707, 0)
(26, 11), (85, 7), (89, 10), (142, 14), (193, 4), (211, 12), (274, 7), (375, 7)
(36, 3), (58, 6), (180, 0), (202, 10), (281, 12), (368, 8), (479, 0), (499, 1), (659, 6), (755, 5)
(23, 2), (33, 0), (159, 6), (211, 5), (308, 5), (385, 8), (522, 1), (576, 7), (608, 3)
(27, 11), (100, 6), (152, 9), (239, 12), (355, 8), (480, 14), (539, 14), (549, 3), (653, 10)
(45, 2), (65, 0), (175, 6), (231, 5), (333, 5), (411, 8), (560, 1), (644, 7), (684, 3)
(8, 5), (42, 11), (136, 3), (224, 7), (283, 6), (370, 0), (393, 5), (454, 2)
(24, 5), (74, 1), (181, 0), (184, 2), (290, 1), (376, 0), (390, 1), (532, 10), (560, 9)
(8, 2), (41, 0), (141, 6), (196, 5), (270, 5), (353, 8), (477, 1), (533, 7), (562, 3)
(0, 3), (22, 6), (104, 10), (181, 0), (195, 12), (269, 8), (376, 0), (387, 1), (548, 6), (580, 5)
(31, 2), (43, 0), (107, 5), (157, 6), (171, 5), (249, 8), (357, 1), (431, 7), (445, 3)
(19, 2), (54, 0), (192, 6), (247, 5), (368, 5), (451, 8), (594, 1), (667, 7), (678, 3)
(38, 11), (91, 7), (95, 10), (108, 14), (157, 4), (193, 12), (312, 7), (409, 7)
(11, 5), (59, 11), (145, 3), (228, 7), (288, 6), (311, 0), (328, 5), (416, 2)
(36, 6), (84, 12), (95, 2), (178, 5), (223, 1), (302, 13), (333, 14), (419, 11), (578, 5), (651, 12), (740, 0)
(45, 2), (58, 0), (174, 6), (224, 5), (291, 5), (377, 8), (518, 1), (567, 7), (603, 3)
(25, 6), (73, 12), (80, 2), (107, 5), (146, 1), (220, 13), (258, 14), (342, 11), (511, 5), (587, 12), (666, 0)
(7, 3), (28, 6), (102, 10), (165, 12), (194, 0), (293, 8), (404, 0), (421, 1), (586, 6), (626, 5)
(15, 2), (51, 0), (102, 5), (176, 6), (182, 5), (266, 8), (384, 1), (473, 7), (520, 3)
(31, 5), (133, 2), (186, 0), (268, 11), (273, 14), (315, 4), (337, 11), (406, 1), (496, 2), (634, 6), (694, 2)
(24, 6), (68, 12), (76, 2), (163, 5), (190, 1), (265, 13), (305, 14), (397, 11), (561, 5), (637, 12), (723, 0)
(33, 9), (109, 3), (181, 8), (196, 3), (204, 10), (251, 6), (276, 12), (339, 9), (393, 1)
(37, 2), (60, 0), (101, 5), (164, 6), (167, 5), (250, 8), (365, 1), (427, 7), (470, 3)
(22, 6), (66, 12), (81, 2), (171, 5), (213, 1), (286, 13), (327, 14), (457, 11), (574, 5), (650, 12), (741, 0)
(35, 2), (61, 0), (101, 5), (183, 6), (201, 5), (286, 8), (420, 1), (513, 7), (539, 3)
(32, 3), (52, 6), (150, 0), (169, 10), (242, 12), (310, 8), (405, 0), (419, 1), (530, 6), (563, 5)
(46, 6), (90, 12), (107, 2), (107, 5), (144, 1), (222, 13), (256, 14), (388, 11), (538, 5), (614, 12), (708, 0)
(33, 3), (55, 6), (204, 0), (225, 10), (286, 12), (414, 8), (488, 0), (508, 1), (649, 6), (729, 5)
(44, 2), (66, 0), (101, 5), (158, 6), (211, 5), (289, 8), (415, 1), (494, 7), (558, 3)
(12, 5), (104, 11), (109, 14), (138, 2), (149, 4), (207, 0), (226, 11), (295, 1), (339, 2), (476, 6), (550, 2)
(24, 11), (101, 6), (204, 9), (285, 12), (392, 8), (551, 14), (626, 14), (645, 3), (716, 10)
(28, 5), (61, 11), (147, 3), (232, 7), (290, 6), (308, 0), (325, 5), (383, 2)
(29, 5), (81, 1), (158, 0), (158, 2), (264, 1), (363, 0), (369, 1), (496, 10), (529, 9)
(18, 11), (72, 7), (77, 10), (108, 14), (167, 4), (204, 12), (331, 7), (392, 7)
(45, 2), (78, 0), (173, 6), (224, 5), (337, 5), (422, 8), (527, 1), (581, 7), (637, 3)
(39, 5), (86, 1), (101, 2), (161, 0), (181, 1), (292, 0), (315, 1), (453, 10), (467, 9)
(34, 5), (79, 1), (101, 2), (159, 0), (197, 1), (312, 0), (325, 1), (431, 10), (452, 9)
(17, 5), (61, 1), (103, 2), (149, 0), (202, 1), (305, 0), (323, 1), (462, 10), (503, 9)
(23, 5), (104, 2), (186, 0), (268, 11), (273, 14), (314, 4), (355, 11), (424, 1), (518, 2), (606, 6), (681, 2)
(18, 5), (61, 11), (148, 3), (234, 7), (292, 6), (338, 0), (362, 5), (407, 2)
(14, 9), (162, 8), (264, 12), (284, 3), (385, 3), (402, 10), (430, 6), (524, 9), (558, 1)
(35, 11), (97, 7), (102, 10), (149, 14), (207, 4), (224, 12), (296, 7), (384, 7)
(8, 9), (93, 8), (192, 12), (211, 3), (301, 3), (309, 10), (331, 6), (439, 9), (501, 1)
(36, 6), (88, 12), (100, 2), (101, 5), (147, 1), (218, 13), (251, 14), (342, 11), (459, 5), (532, 12), (625, 0)
(42, 9), (109, 3), (161, 8), (215, 3), (224, 10), (260, 12), (299, 6), (336, 9), (372, 1)
(31, 11), (106, 6), (109, 12), (126, 9), (212, 8), (337, 14), (380, 14), (460, 3), (518, 10)
(30, 5), (78, 11), (103, 7), (164, 6), (169, 3), (202, 0), (225, 5), (300, 2)
(46, 11), (108, 12), (119, 6), (211, 8), (217, 9), (350, 14), (404, 14), (469, 3), (507, 10)
(41, 6), (85, 12), (97, 2), (102, 5), (136, 1), (214, 13), (248, 14), (358, 11), (471, 5), (543, 12), (621, 0)
(17, 5), (63, 1), (103, 2), (135, 0), (193, 1), (290, 0), (303, 1), (419, 10), (439, 9)
(6, 9), (91, 1), (103, 13), (111, 10), (121, 4), (203, 7), (301, 14), (433, 0), (454, 9)
(16, 11), (79, 7), (83, 10), (130, 14), (189, 4), (210, 12), (306, 7), (366, 7)
(32, 5), (77, 11), (107, 7), (163, 6), (167, 3), (244, 0), (261, 5), (332, 2)
(29, 2), (51, 0), (108, 5), (171, 5), (180, 6), (257, 8), (380, 1), (425, 7), (486, 3)
(0, 6), (45, 12), (52, 2), (102, 5), (133, 1), (213, 13), (245, 14), (309, 11), (471, 5), (545, 12), (630, 0)
(31, 9), (163, 1), (187, 10), (190, 13), (209, 4), (289, 7), (371, 14), (511, 0), (533, 9)
(44, 2), (59, 0), (108, 5), (183, 6), (193, 5), (276, 8), (425, 1), (468, 7), (495, 3)
(47, 3), (67, 6), (107, 10), (177, 0), (198, 12), (277, 8), (370, 0), (383, 1), (513, 6), (579, 5)
(39, 11), (119, 6), (171, 9), (252, 12), (361, 8), (505, 14), (566, 14), (651, 3), (733, 10)
(12, 5), (96, 2), (145, 0), (221, 11), (227, 14), (267, 4), (320, 11), (390, 1), (480, 2), (568, 6), (628, 2)
(45, 11), (130, 6), (173, 9), (259, 12), (357, 8), (535, 14), (615, 14), (679, 3), (787, 10)
(0, 9), (134, 1), (158, 10), (159, 13), (228, 4), (307, 7), (364, 14), (448, 0), (473, 9)
(8, 11), (94, 6), (142, 9), (226, 12), (323, 8), (501, 14), (567, 14), (623, 3), (679, 10)
(38, 5), (91, 1), (164, 0), (165, 2), (258, 1), (358, 0), (367, 1), (474, 10), (510, 9)
(10, 9), (109, 3), (117, 8), (175, 3), (181, 10), (186, 12), (206, 6), (289, 9), (324, 1)
(18, 5), (174, 2), (259, 0), (341, 11), (349, 14), (390, 4), (402, 11), (469, 1), (556, 2), (706, 6), (751, 2)
(5, 11), (66, 7), (71, 10), (108, 14), (161, 4), (212, 12), (347, 7), (434, 7)
(29, 11), (82, 7), (87, 10), (109, 14), (159, 4), (198, 12), (291, 7), (374, 7)
(13, 5), (59, 1), (104, 2), (144, 0), (212, 1), (306, 0), (331, 1), (442, 10), (447, 9)
(49, 5), (102, 11), (107, 14), (143, 4), (147, 11), (193, 2), (212, 1), (270, 0), (296, 2), (411, 6), (490, 2)
(27, 5), (102, 11), (108, 14), (148, 2), (150, 4), (177, 11), (227, 0), (248, 1), (340, 2), (406, 6), (510, 2)
(44, 11), (105, 7), (110, 10), (157, 14), (211, 4), (255, 12), (379, 7), (461, 7)
(41, 3), (63, 6), (174, 0), (191, 10), (274, 12), (383, 8), (465, 0), (479, 1), (611, 6), (714, 5)
(48, 11), (130, 6), (203, 9), (286, 12), (418, 8), (583, 14), (677, 14), (695, 3), (773, 10)
(41, 11), (111, 6), (224, 9), (308, 12), (426, 8), (585, 14), (638, 14), (714, 3), (775, 10)
(46, 11), (101, 12), (129, 6), (167, 9), (212, 8), (369, 14), (456, 14), (488, 3), (588, 10)
(32, 9), (128, 1), (157, 10), (157, 13), (210, 4), (287, 7), (386, 14), (532, 0), (556, 9)
(34, 6), (82, 12), (95, 2), (103, 5), (141, 1), (229, 13), (264, 14), (369, 11), (479, 5), (555, 12), (651, 0)
(22, 6), (73, 12), (89, 2), (105, 5), (137, 1), (216, 13), (253, 14), (356, 11), (472, 5), (544, 12), (622, 0)
(5, 2), (30, 0), (109, 5), (128, 6), (225, 5), (309, 8), (419, 1), (470, 7), (525, 3)
(24, 5), (102, 11), (107, 14), (127, 2), (144, 4), (198, 0), (240, 11), (310, 1), (400, 2), (542, 6), (634, 2)
(39, 9), (108, 3), (180, 8), (181, 3), (195, 10), (219, 6), (248, 12), (283, 9), (318, 1)
(38, 2), (48, 0), (105, 5), (155, 5), (193, 6), (238, 8), (353, 1), (428, 7), (462, 3)
(8, 3), (28, 6), (105, 10), (170, 12), (178, 0), (264, 8), (374, 0), (392, 1), (571, 6), (625, 5)
(28, 11), (106, 6), (163, 9), (247, 12), (359, 8), (502, 14), (594, 14), (677, 3), (711, 10)
(39, 2), (61, 0), (108, 5), (169, 6), (176, 5), (259, 8), (389, 1), (465, 7), (507, 3)
(24, 6), (75, 12), (91, 2), (101, 5), (141, 1), (215, 13), (246, 14), (369, 11), (480, 5), (552, 12), (629, 0)
(35, 9), (130, 1), (154, 10), (154, 13), (204, 4), (287, 7), (393, 14), (497, 0), (520, 9)
(21, 5), (70, 1), (165, 0), (168, 2), (248, 1), (355, 0), (366, 1), (505, 10), (524, 9)
(22, 9), (136, 1), (155, 10), (156, 13), (212, 4), (291, 7), (384, 14), (482, 0), (506, 9)
(47, 11), (130, 6), (154, 9), (234, 12), (340, 8), (486, 14), (551, 14), (593, 3), (671, 10)
(22, 5), (148, 2), (199, 0), (278, 11), (284, 14), (322, 4), (417, 11), (484, 1), (569, 2), (661, 6), (746, 2)
(0, 9), (78, 8), (104, 3), (155, 12), (200, 3), (209, 10), (233, 6), (320, 9), (365, 1)
(23, 5), (72, 1), (148, 0), (148, 2), (230, 1), (328, 0), (352, 1), (456, 10), (496, 9)
(47, 11), (95, 7), (99, 10), (101, 14), (160, 4), (197, 12), (327, 7), (422, 7)
(11, 6), (61, 12), (65, 2), (151, 5), (188, 1), (260, 13), (297, 14), (416, 11), (514, 5), (586, 12), (647, 0)
(32, 9), (104, 3), (184, 8), (203, 3), (218, 10), (235, 6), (257, 12), (352, 9), (409, 1)
(6, 5), (148, 2), (234, 0), (316, 11), (323, 14), (361, 4), (433, 11), (496, 1), (543, 2), (636, 6), (682, 2)
(20, 5), (105, 11), (113, 14), (145, 2), (152, 4), (199, 0), (250, 11), (318, 1), (427, 2), (499, 6), (561, 2)
(40, 6), (86, 12), (97, 2), (183, 5), (225, 1), (312, 13), (351, 14), (443, 11), (538, 5), (611, 12), (669, 0)
(9, 3), (30, 6), (183, 0), (201, 10), (303, 12), (364, 8), (449, 0), (460, 1), (585, 6), (645, 5)
(47, 11), (105, 12), (128, 6), (230, 8), (232, 9), (389, 14), (458, 14), (508, 3), (592, 10)
(12, 5), (108, 2), (108, 11), (115, 14), (154, 4), (177, 0), (253, 11), (320, 1), (397, 2), (495, 6), (565, 2)
(35, 5), (81, 1), (103, 2), (160, 0), (213, 1), (301, 0), (320, 1), (420, 10), (425, 9)
(47, 6), (100, 12), (109, 2), (193, 5), (238, 1), (314, 13), (347, 14), (425, 11), (527, 5), (603, 12), (682, 0)
(49, 3), (69, 6), (105, 10), (154, 0), (195, 12), (271, 8), (349, 0), (369, 1), (525, 6), (556, 5)
(21, 5), (74, 1), (104, 2), (155, 0), (178, 1), (278, 0), (282, 1), (421, 10), (452, 9)
(35, 9), (103, 13), (118, 1), (137, 10), (167, 4), (243, 7), (292, 14), (404, 0), (428, 9)
(9, 11), (83, 6), (108, 12), (139, 9), (202, 8), (299, 14), (377, 14), (423, 3), (506, 10)
(25, 6), (69, 12), (81, 2), (165, 5), (197, 1), (275, 13), (315, 14), (391, 11), (499, 5), (574, 12), (669, 0)
(22, 5), (69, 1), (157, 0), (157, 2), (247, 1), (335, 0), (350, 1), (456, 10), (488, 9)
(19, 6), (64, 12), (75, 2), (106, 5), (137, 1), (208, 13), (240, 14), (327, 11), (489, 5), (564, 12), (627, 0)
(23, 6), (76, 12), (92, 2), (106, 5), (131, 1), (216, 13), (257, 14), (347, 11), (491, 5), (564, 12), (627, 0)
(13, 2), (36, 0), (135, 6), (193, 5), (304, 5), (389, 8), (473, 1), (523, 7), (563, 3)
(44, 3), (64, 6), (212, 0), (227, 10), (317, 12), (395, 8), (467, 0), (487, 1), (606, 6), (704, 5)
(21, 2), (40, 0), (104, 5), (182, 6), (185, 5), (263, 8), (390, 1), (431, 7), (462, 3)
(44, 5), (139, 2), (207, 0), (290, 11), (294, 14), (330, 4), (354, 11), (420, 1), (497, 2), (632, 6), (708, 2)
(7, 5), (56, 1), (153, 0), (156, 2), (280, 1), (393, 0), (410, 1), (542, 10), (573, 9)
(5, 3), (25, 6), (135, 0), (155, 10), (244, 12), (333, 8), (395, 0), (412, 1), (574, 6), (679, 5)
(26, 6), (76, 12), (82, 2), (170, 5), (210, 1), (288, 13), (319, 14), (395, 11), (491, 5), (563, 12), (634, 0)
(49, 3), (71, 6), (193, 0), (216, 10), (291, 12), (366, 8), (480, 0), (500, 1), (620, 6), (717, 5)
(43, 5), (85, 1), (102, 2), (183, 0), (210, 1), (314, 0), (333, 1), (470, 10), (495, 9)
(43, 5), (105, 11), (110, 14), (139, 2), (151, 4), (201, 11), (206, 0), (267, 1), (313, 2), (398, 6), (461, 2)
(33, 5), (183, 2), (269, 0), (349, 11), (356, 14), (398, 4), (476, 11), (538, 1), (583, 2), (646, 6), (709, 2)
(9, 9), (103, 13), (142, 1), (152, 4), (167, 10), (228, 7), (335, 14), (429, 0), (453, 9)
(0, 11), (62, 7), (67, 10), (122, 14), (174, 4), (218, 12), (322, 7), (408, 7)
(16, 11), (77, 7), (81, 10), (105, 14), (162, 4), (202, 12), (302, 7), (379, 7)
(41, 9), (120, 1), (149, 10), (149, 13), (166, 4), (247, 7), (304, 14), (458, 0), (481, 9)
(49, 11), (105, 7), (110, 10), (158, 14), (208, 4), (240, 12), (315, 7), (364, 7)
(30, 3), (50, 6), (179, 0), (197, 10), (287, 12), (383, 8), (451, 0), (467, 1), (576, 6), (648, 5)
(35, 11), (105, 12), (107, 6), (166, 9), (235, 8), (342, 14), (394, 14), (414, 3), (489, 10)
(4, 9), (98, 1), (116, 10), (118, 13), (174, 4), (254, 7), (322, 14), (404, 0), (426, 9)
(41, 9), (106, 3), (175, 3), (181, 10), (195, 8), (247, 6), (268, 12), (334, 9), (391, 1)
(46, 9), (106, 8), (195, 12), (216, 3), (306, 3), (313, 10), (352, 6), (426, 9), (458, 1)
(20, 5), (77, 11), (162, 3), (248, 7), (308, 6), (353, 0), (375, 5), (459, 2)
(48, 6), (96, 12), (103, 2), (189, 5), (223, 1), (300, 13), (332, 14), (442, 11), (581, 5), (653, 12), (736, 0)
(8, 11), (72, 7), (76, 10), (103, 14), (152, 4), (217, 12), (346, 7), (429, 7)
(19, 5), (69, 11), (160, 3), (246, 7), (299, 6), (360, 0), (375, 5), (424, 2)
(36, 11), (110, 6), (174, 9), (260, 12), (387, 8), (492, 14), (565, 14), (616, 3), (681, 10)
(4, 6), (54, 12), (62, 2), (147, 5), (193, 1), (264, 13), (307, 14), (363, 11), (482, 5), (556, 12), (623, 0)
(26, 9), (103, 3), (174, 8), (195, 3), (207, 10), (262, 12), (280, 6), (342, 9), (397, 1)
(8, 11), (59, 7), (64, 10), (111, 14), (165, 4), (220, 12), (297, 7), (349, 7)
(5, 9), (92, 1), (112, 10), (114, 13), (180, 4), (256, 7), (362, 14), (478, 0), (499, 9)
(8, 5), (50, 1), (102, 2), (131, 0), (181, 1), (271, 0), (295, 1), (417, 10), (456, 9)
(21, 5), (54, 11), (156, 3), (241, 7), (298, 6), (309, 0), (324, 5), (402, 2)
(30, 5), (78, 1), (175, 0), (176, 2), (288, 1), (389, 0), (408, 1), (524, 10), (548, 9)
(44, 9), (104, 13), (136, 1), (141, 4), (161, 10), (218, 7), (278, 14), (395, 0), (417, 9)
(30, 3), (51, 6), (106, 10), (138, 0), (205, 12), (298, 8), (396, 0), (411, 1), (569, 6), (630, 5)
(16, 11), (93, 6), (101, 12), (153, 9), (192, 8), (354, 14), (418, 14), (503, 3), (596, 10)
(39, 3), (61, 6), (105, 10), (180, 12), (220, 0), (249, 8), (358, 0), (375, 1), (465, 6), (518, 5)
(18, 9), (102, 3), (157, 8), (191, 3), (197, 10), (225, 6), (232, 12), (299, 9), (335, 1)
(24, 6), (77, 12), (84, 2), (174, 5), (208, 1), (286, 13), (316, 14), (416, 11), (523, 5), (596, 12), (686, 0)
(9, 5), (164, 2), (239, 0), (316, 11), (322, 14), (360, 4), (459, 11), (522, 1), (554, 2), (672, 6), (731, 2)
(16, 5), (155, 2), (215, 0), (298, 11), (306, 14), (342, 4), (420, 11), (486, 1), (589, 2), (685, 6), (774, 2)
(14, 9), (135, 1), (156, 10), (159, 13), (219, 4), (298, 7), (406, 14), (528, 0), (552, 9)
(3, 11), (53, 7), (57, 10), (101, 14), (157, 4), (207, 12), (276, 7), (340, 7)
(14, 5), (51, 11), (138, 3), (222, 7), (280, 6), (303, 0), (320, 5), (386, 2)
(44, 11), (107, 7), (112, 10), (165, 14), (217, 4), (286, 12), (406, 7), (473, 7)
(14, 9), (108, 3), (139, 8), (200, 3), (216, 10), (226, 12), (280, 6), (354, 9), (403, 1)
(36, 5), (71, 11), (101, 7), (159, 6), (170, 3), (191, 0), (205, 5), (290, 2)
(3, 3), (25, 6), (102, 10), (117, 0), (181, 12), (295, 8), (402, 0), (416, 1), (586, 6), (622, 5)
(30, 5), (107, 11), (115, 14), (154, 4), (191, 2), (218, 11), (264, 0), (280, 1), (353, 2), (423, 6), (486, 2)
(16, 9), (103, 13), (122, 1), (143, 10), (154, 4), (235, 7), (278, 14), (371, 0), (391, 9)
(17, 11), (93, 6), (181, 9), (265, 12), (397, 8), (519, 14), (568, 14), (594, 3), (674, 10)
(46, 9), (144, 1), (165, 10), (165, 13), (223, 4), (301, 7), (378, 14), (489, 0), (513, 9)
(1, 5), (98, 2), (163, 0), (244, 11), (250, 14), (290, 4), (304, 11), (377, 1), (460, 2), (541, 6), (594, 2)
(23, 5), (114, 2), (165, 0), (243, 11), (250, 14), (290, 4), (299, 11), (369, 1), (447, 2), (580, 6), (643, 2)
(14, 3), (34, 6), (109, 10), (163, 0), (203, 12), (328, 8), (409, 0), (424, 1), (584, 6), (643, 5)
(4, 6), (53, 12), (65, 2), (151, 5), (194, 1), (268, 13), (302, 14), (402, 11), (533, 5), (608, 12), (705, 0)
(13, 6), (62, 12), (70, 2), (153, 5), (192, 1), (268, 13), (302, 14), (354, 11), (455, 5), (529, 12), (620, 0)
(13, 2), (23, 0), (108, 5), (121, 6), (187, 5), (265, 8), (399, 1), (442, 7), (452, 3)
(39, 9), (101, 8), (185, 12), (200, 3), (267, 3), (275, 10), (337, 6), (397, 9), (434, 1)
(32, 11), (106, 12), (110, 6), (135, 9), (226, 8), (337, 14), (437, 14), (473, 3), (544, 10)
(44, 9), (124, 1), (144, 10), (145, 13), (194, 4), (276, 7), (369, 14), (519, 0), (543, 9)
(35, 2), (42, 0), (134, 6), (190, 5), (291, 5), (373, 8), (456, 1), (536, 7), (574, 3)
(26, 11), (83, 7), (88, 10), (105, 14), (161, 4), (188, 12), (258, 7), (308, 7)
(40, 6), (90, 12), (104, 5), (108, 2), (138, 1), (220, 13), (260, 14), (327, 11), (481, 5), (555, 12), (649, 0)
(33, 5), (109, 11), (113, 14), (129, 2), (154, 4), (188, 11), (209, 0), (260, 1), (322, 2), (457, 6), (513, 2)
(22, 5), (187, 2), (268, 0), (352, 11), (358, 14), (397, 4), (416, 11), (482, 1), (518, 2), (649, 6), (700, 2)
(29, 6), (81, 12), (91, 2), (105, 5), (133, 1), (219, 13), (262, 14), (320, 11), (473, 5), (547, 12), (623, 0)
(46, 5), (88, 11), (181, 3), (270, 7), (327, 6), (408, 0), (429, 5), (503, 2)
(35, 11), (94, 7), (99, 10), (106, 14), (162, 4), (225, 12), (331, 7), (399, 7)
(39, 11), (93, 7), (97, 10), (106, 14), (159, 4), (204, 12), (290, 7), (372, 7)
(49, 9), (178, 8), (250, 12), (265, 3), (342, 3), (357, 10), (397, 6), (434, 9), (486, 1)
(40, 3), (61, 6), (103, 10), (167, 12), (190, 0), (220, 8), (319, 0), (329, 1), (421, 6), (529, 5)
(20, 5), (172, 2), (249, 0), (325, 11), (330, 14), (366, 4), (450, 11), (521, 1), (580, 2), (724, 6), (776, 2)
(18, 6), (70, 12), (88, 2), (176, 5), (205, 1), (277, 13), (314, 14), (395, 11), (525, 5), (599, 12), (675, 0)
(0, 6), (50, 12), (64, 2), (106, 5), (134, 1), (219, 13), (256, 14), (309, 11), (451, 5), (524, 12), (611, 0)
(4, 11), (64, 7), (68, 10), (105, 14), (155, 4), (208, 12), (317, 7), (411, 7)
(37, 5), (79, 1), (189, 0), (191, 2), (298, 1), (399, 0), (409, 1), (521, 10), (525, 9)
(14, 2), (21, 0), (119, 6), (172, 5), (285, 5), (369, 8), (483, 1), (515, 7), (555, 3)
(36, 11), (100, 7), (104, 14), (105, 10), (160, 4), (229, 12), (309, 7), (381, 7)
(1, 9), (85, 1), (106, 10), (107, 13), (138, 4), (217, 7), (298, 14), (397, 0), (419, 9)
(9, 2), (34, 0), (101, 5), (157, 6), (166, 5), (248, 8), (346, 1), (417, 7), (468, 3)
(32, 2), (39, 0), (177, 6), (234, 5), (349, 5), (437, 8), (516, 1), (602, 7), (619, 3)
(41, 6), (94, 12), (104, 2), (191, 5), (224, 1), (300, 13), (334, 14), (402, 11), (548, 5), (624, 12), (705, 0)
(30, 5), (73, 11), (102, 7), (162, 6), (173, 3), (250, 0), (267, 5), (322, 2)
(25, 5), (66, 11), (159, 3), (244, 7), (302, 6), (322, 0), (337, 5), (422, 2)
(37, 5), (104, 11), (110, 14), (147, 4), (189, 2), (228, 11), (256, 0), (293, 1), (355, 2), (432, 6), (502, 2)
(42, 5), (87, 1), (104, 2), (193, 0), (200, 1), (311, 0), (326, 1), (473, 10), (494, 9)
(49, 9), (132, 1), (159, 10), (161, 13), (205, 4), (288, 7), (326, 14), (484, 0), (508, 9)
(14, 11), (97, 6), (198, 9), (284, 12), (382, 8), (506, 14), (558, 14), (587, 3), (653, 10)
(48, 11), (101, 14), (106, 7), (111, 10), (159, 4), (205, 12), (302, 7), (390, 7)
(12, 11), (70, 7), (74, 10), (128, 14), (178, 4), (231, 12), (363, 7), (423, 7)
(24, 6), (68, 12), (72, 2), (103, 5), (142, 1), (228, 13), (268, 14), (330, 11), (465, 5), (539, 12), (622, 0)
(19, 5), (104, 2), (105, 11), (109, 14), (151, 4), (163, 0), (185, 11), (258, 1), (330, 2), (431, 6), (504, 2)
(19, 9), (104, 13), (109, 1), (138, 10), (165, 4), (245, 7), (284, 14), (443, 0), (468, 9)
(34, 9), (108, 3), (139, 8), (211, 12), (211, 3), (222, 10), (284, 6), (361, 9), (406, 1)
(5, 9), (108, 3), (117, 8), (201, 3), (210, 10), (217, 12), (262, 6), (347, 9), (402, 1)
(29, 9), (112, 1), (130, 10), (131, 13), (194, 4), (276, 7), (312, 14), (427, 0), (448, 9)
(3, 9), (108, 3), (117, 8), (175, 3), (190, 10), (212, 12), (258, 6), (326, 9), (356, 1)
(16, 3), (37, 6), (119, 0), (135, 10), (219, 12), (347, 8), (410, 0), (426, 1), (592, 6), (695, 5)
(34, 2), (42, 0), (106, 5), (164, 5), (184, 6), (252, 8), (351, 1), (388, 7), (395, 3)
(8, 5), (50, 11), (150, 3), (231, 7), (284, 6), (363, 0), (386, 5), (472, 2)
(21, 9), (135, 8), (203, 12), (223, 3), (306, 3), (312, 10), (384, 6), (427, 9), (462, 1)
(41, 5), (88, 1), (101, 2), (170, 0), (179, 1), (288, 0), (296, 1), (428, 10), (452, 9)
(40, 5), (73, 11), (161, 3), (246, 7), (304, 6), (343, 0), (365, 5), (442, 2)
(40, 9), (128, 1), (151, 10), (153, 13), (221, 4), (304, 7), (358, 14), (474, 0), (495, 9)
(19, 5), (61, 1), (171, 0), (173, 2), (245, 1), (336, 0), (362, 1), (464, 10), (496, 9)
(38, 11), (104, 12), (115, 6), (152, 9), (233, 8), (390, 14), (455, 14), (478, 3), (520, 10)
(47, 9), (171, 8), (252, 12), (271, 3), (369, 3), (379, 10), (420, 6), (537, 9), (582, 1)
(32, 5), (85, 11), (103, 7), (159, 6), (179, 3), (226, 0), (247, 5), (290, 2)
(40, 5), (77, 11), (170, 3), (258, 7), (318, 6), (388, 0), (404, 5), (449, 2)
(38, 5), (81, 11), (173, 3), (258, 7), (315, 6), (390, 0), (412, 5), (468, 2)
(44, 5), (96, 11), (187, 3), (268, 7), (322, 6), (406, 0), (428, 5), (488, 2)
(7, 9), (62, 8), (135, 12), (156, 3), (220, 3), (228, 10), (274, 6), (330, 9), (390, 1)
(4, 2), (32, 0), (107, 5), (167, 6), (213, 5), (293, 8), (404, 1), (505, 7), (531, 3)
(37, 11), (102, 12), (122, 6), (197, 9), (217, 8), (318, 14), (418, 14), (444, 3), (494, 10)
(15, 11), (73, 7), (77, 10), (127, 14), (178, 4), (224, 12), (287, 7), (356, 7)
(19, 3), (39, 6), (165, 0), (181, 10), (251, 12), (352, 8), (433, 0), (449, 1), (617, 6), (701, 5)
(10, 2), (28, 0), (137, 6), (193, 5), (263, 5), (344, 8), (472, 1), (572, 7), (622, 3)
(14, 11), (71, 7), (76, 10), (104, 14), (158, 4), (200, 12), (279, 7), (336, 7)
(6, 9), (108, 3), (118, 8), (184, 3), (198, 10), (202, 12), (241, 6), (339, 9), (395, 1)
(37, 9), (106, 3), (140, 8), (179, 3), (189, 10), (208, 6), (219, 12), (242, 9), (295, 1)
(12, 11), (86, 6), (105, 12), (121, 9), (200, 8), (372, 14), (448, 14), (468, 3), (566, 10)
(18, 2), (51, 0), (152, 6), (209, 5), (270, 5), (352, 8), (456, 1), (499, 7), (540, 3)
(12, 6), (61, 12), (73, 2), (160, 5), (192, 1), (268, 13), (302, 14), (424, 11), (573, 5), (648, 12), (706, 0)
(19, 9), (101, 13), (133, 1), (157, 10), (169, 4), (246, 7), (303, 14), (464, 0), (489, 9)
(46, 5), (103, 11), (194, 3), (282, 7), (344, 6), (370, 0), (386, 5), (455, 2)
(5, 11), (69, 7), (74, 10), (126, 14), (175, 4), (229, 12), (304, 7), (375, 7)
(23, 11), (87, 7), (91, 10), (103, 14), (159, 4), (201, 12), (289, 7), (365, 7)
(44, 5), (83, 11), (104, 7), (166, 3), (166, 6), (240, 0), (258, 5), (338, 2)
(30, 5), (82, 1), (164, 0), (166, 2), (247, 1), (329, 0), (338, 1), (478, 10), (522, 9)
