11, 7, 10, 14, 4, 12, 7, 7
9, 1, 10, 13, 4, 7, 14, 0, 9
11, 7, 10, 14, 4, 12, 7, 7
11, 7, 10, 14, 4, 12, 7, 7
9, 3, 8, 3, 10, 6, 12, 9, 1
3, 6, 10, 0, 12, 8, 0, 1, 6, 5
2, 0, 5, 6, 5, 8, 1, 7, 3
6, 12, 2, 5, 1, 13, 14, 11, 5, 12, 0
11, 7, 10, 14, 4, 12, 7, 7
5, 1, 0, 2, 1, 0, 1, 10, 9
11, 7, 10, 14, 4, 12, 7, 7
9, 8, 12, 3, 3, 10, 6, 9, 1
9, 3, 8, 3, 10, 6, 9, 12, 1
9, 13, 1, 10, 4, 7, 14, 0, 9
9, 1, 10, 13, 4, 7, 14, 0, 9
11, 6, 12, 9, 8, 14, 14, 3, 10
3, 6, 10, 12, 0, 8, 0, 1, 6, 5
3, 6, 0, 10, 12, 8, 0, 1, 6, 5
11, 6, 9, 12, 8, 14, 14, 3, 10
11, 6, 9, 12, 8, 14, 14, 3, 10
9, 8, 12, 3, 3, 10, 6, 9, 1
6, 12, 2, 5, 1, 13, 14, 11, 5, 12, 0
11, 6, 9, 12, 8, 14, 14, 3, 10
9, 13, 1, 10, 4, 7, 14, 0, 9
11, 7, 10, 14, 4, 12, 7, 7
5, 2, 0, 11, 14, 4, 11, 1, 2, 6, 2
2, 0, 6, 5, 5, 8, 1, 7, 3
11, 6, 12, 9, 8, 14, 14, 3, 10
5, 2, 0, 11, 14, 4, 11, 1, 2, 6, 2
3, 6, 10, 0, 12, 8, 0, 1, 6, 5
9, 13, 1, 10, 4, 7, 14, 0, 9
5, 11, 3, 7, 6, 0, 5, 2
3, 6, 10, 12, 0, 8, 0, 1, 6, 5
3, 6, 10, 0, 12, 8, 0, 1, 6, 5
9, 8, 12, 3, 3, 10, 6, 9, 1
6, 12, 2, 5, 1, 13, 14, 11, 5, 12, 0
5, 11, 14, 4, 11, 2, 1, 0, 2, 6, 2
9, 13, 4, 1, 10, 7, 14, 0, 9
5, 2, 0, 11, 14, 4, 11, 1, 2, 6, 2
6, 12, 2, 5, 1, 13, 14, 11, 5, 12, 0
11, 7, 10, 14, 4, 12, 7, 7
11, 6, 12, 9, 8, 14, 14, 3, 10
3, 6, 0, 10, 12, 8, 0, 1, 6, 5
5, 1, 2, 0, 1, 0, 1, 10, 9
11, 7, 10, 14, 4, 12, 7, 7
5, 2, 0, 11, 14, 4, 11, 1, 2, 6, 2
9, 3, 3, 8, 10, 6, 12, 9, 1
5, 11, 7, 6, 3, 0, 5, 2
5, 1, 2, 0, 1, 0, 1, 10, 9
11, 14, 7, 10, 4, 12, 7, 7
11, 7, 10, 14, 4, 12, 7, 7
11, 6, 9, 12, 8, 14, 14, 3, 10
11, 7, 10, 14, 4, 12, 7, 7
9, 8, 3, 3, 10, 12, 6, 9, 1
9, 3, 8, 3, 10, 12, 6, 9, 1
5, 1, 2, 0, 1, 0, 1, 10, 9
11, 7, 10, 14, 4, 12, 7, 7
6, 12, 2, 5, 1, 13, 14, 11, 5, 12, 0
11, 7, 10, 14, 4, 12, 7, 7
3, 6, 0, 10, 12, 8, 0, 1, 6, 5
2, 0, 6, 5, 5, 8, 1, 7, 3
11, 6, 9, 12, 8, 14, 14, 3, 10
2, 0, 6, 5, 5, 8, 1, 7, 3
5, 11, 3, 7, 6, 0, 5, 2
5, 1, 0, 2, 1, 0, 1, 10, 9
2, 0, 6, 5, 5, 8, 1, 7, 3
3, 6, 10, 0, 12, 8, 0, 1, 6, 5
2, 0, 5, 6, 5, 8, 1, 7, 3
2, 0, 6, 5, 5, 8, 1, 7, 3
11, 7, 10, 14, 4, 12, 7, 7
5, 11, 3, 7, 6, 0, 5, 2
6, 12, 2, 5, 1, 13, 14, 11, 5, 12, 0
2, 0, 6, 5, 5, 8, 1, 7, 3
6, 12, 2, 5, 1, 13, 14, 11, 5, 12, 0
3, 6, 10, 12, 0, 8, 0, 1, 6, 5
2, 0, 5, 6, 5, 8, 1, 7, 3
5, 2, 0, 11, 14, 4, 11, 1, 2, 6, 2
6, 12, 2, 5, 1, 13, 14, 11, 5, 12, 0
9, 3, 8, 3, 10, 6, 12, 9, 1
2, 0, 5, 6, 5, 8, 1, 7, 3
6, 12, 2, 5, 1, 13, 14, 11, 5, 12, 0
2, 0, 5, 6, 5, 8, 1, 7, 3
3, 6, 0, 10, 12, 8, 0, 1, 6, 5
6, 12, 2, 5, 1, 13, 14, 11, 5, 12, 0
3, 6, 0, 10, 12, 8, 0, 1, 6, 5
2, 0, 5, 6, 5, 8, 1, 7, 3
5, 11, 14, 2, 4, 0, 11, 1, 2, 6, 2
11, 6, 9, 12, 8, 14, 14, 3, 10
5, 11, 3, 7, 6, 0, 5, 2
5, 1, 0, 2, 1, 0, 1, 10, 9
11, 7, 10, 14, 4, 12, 7, 7
2, 0, 6, 5, 5, 8, 1, 7, 3
5, 1, 2, 0, 1, 0, 1, 10, 9
5, 1, 2, 0, 1, 0, 1, 10, 9
5, 1, 2, 0, 1, 0, 1, 10, 9
5, 2, 0, 11, 14, 4, 11, 1, 2, 6, 2
5, 11, 3, 7, 6, 0, 5, 2
9, 8, 12, 3, 3, 10, 6, 9, 1
11, 7, 10, 14, 4, 12, 7, 7
9, 8, 12, 3, 3, 10, 6, 9, 1
6, 12, 2, 5, 1, 13, 14, 11, 5, 12, 0
9, 3, 8, 3, 10, 12, 6, 9, 1
11, 6, 12, 9, 8, 14, 14, 3, 10
5, 11, 7, 6, 3, 0, 5, 2
11, 12, 6, 8, 9, 14, 14, 3, 10
6, 12, 2, 5, 1, 13, 14, 11, 5, 12, 0
5, 1, 2, 0, 1, 0, 1, 10, 9
9, 1, 13, 10, 4, 7, 14, 0, 9
11, 7, 10, 14, 4, 12, 7, 7
5, 11, 7, 6, 3, 0, 5, 2
2, 0, 5, 5, 6, 8, 1, 7, 3
6, 12, 2, 5, 1, 13, 14, 11, 5, 12, 0
9, 1, 10, 13, 4, 7, 14, 0, 9
2, 0, 5, 6, 5, 8, 1, 7, 3
3, 6, 10, 0, 12, 8, 0, 1, 6, 5
11, 6, 9, 12, 8, 14, 14, 3, 10
5, 2, 0, 11, 14, 4, 11, 1, 2, 6, 2
11, 6, 9, 12, 8, 14, 14, 3, 10
9, 1, 10, 13, 4, 7, 14, 0, 9
11, 6, 9, 12, 8, 14, 14, 3, 10
5, 1, 0, 2, 1, 0, 1, 10, 9
9, 3, 8, 3, 10, 12, 6, 9, 1
5, 2, 0, 11, 14, 4, 11, 1, 2, 6, 2
11, 7, 10, 14, 4, 12, 7, 7
11, 7, 10, 14, 4, 12, 7, 7
5, 1, 2, 0, 1, 0, 1, 10, 9
5, 11, 14, 4, 11, 2, 1, 0, 2, 6, 2
5, 11, 14, 2, 4, 11, 0, 1, 2, 6, 2
11, 7, 10, 14, 4, 12, 7, 7
3, 6, 0, 10, 12, 8, 0, 1, 6, 5
11, 6, 9, 12, 8, 14, 14, 3, 10
11, 6, 9, 12, 8, 14, 14, 3, 10
11, 12, 6, 9, 8, 14, 14, 3, 10
9, 1, 10, 13, 4, 7, 14, 0, 9
6, 12, 2, 5, 1, 13, 14, 11, 5, 12, 0
6, 12, 2, 5, 1, 13, 14, 11, 5, 12, 0
2, 0, 5, 6, 5, 8, 1, 7, 3
5, 11, 14, 2, 4, 0, 11, 1, 2, 6, 2
9, 3, 8, 3, 10, 6, 12, 9, 1
2, 0, 5, 5, 6, 8, 1, 7, 3
3, 6, 10, 12, 0, 8, 0, 1, 6, 5
11, 6, 9, 12, 8, 14, 14, 3, 10
2, 0, 5, 6, 5, 8, 1, 7, 3
6, 12, 2, 5, 1, 13, 14, 11, 5, 12, 0
9, 1, 10, 13, 4, 7, 14, 0, 9
5, 1, 0, 2, 1, 0, 1, 10, 9
9, 1, 10, 13, 4, 7, 14, 0, 9
11, 6, 9, 12, 8, 14, 14, 3, 10
5, 2, 0, 11, 14, 4, 11, 1, 2, 6, 2
9, 8, 3, 12, 3, 10, 6, 9, 1
5, 1, 0, 2, 1, 0, 1, 10, 9
11, 7, 10, 14, 4, 12, 7, 7
6, 12, 2, 5, 1, 13, 14, 11, 5, 12, 0
9, 3, 8, 3, 10, 6, 12, 9, 1
5, 2, 0, 11, 14, 4, 11, 1, 2, 6, 2
5, 11, 14, 2, 4, 0, 11, 1, 2, 6, 2
6, 12, 2, 5, 1, 13, 14, 11, 5, 12, 0
3, 6, 0, 10, 12, 8, 0, 1, 6, 5
11, 12, 6, 8, 9, 14, 14, 3, 10
5, 2, 11, 14, 4, 0, 11, 1, 2, 6, 2
5, 1, 2, 0, 1, 0, 1, 10, 9
6, 12, 2, 5, 1, 13, 14, 11, 5, 12, 0
3, 6, 10, 0, 12, 8, 0, 1, 6, 5
5, 1, 2, 0, 1, 0, 1, 10, 9
9, 13, 1, 10, 4, 7, 14, 0, 9
11, 6, 12, 9, 8, 14, 14, 3, 10
6, 12, 2, 5, 1, 13, 14, 11, 5, 12, 0
5, 1, 0, 2, 1, 0, 1, 10, 9
6, 12, 2, 5, 1, 13, 14, 11, 5, 12, 0
6, 12, 2, 5, 1, 13, 14, 11, 5, 12, 0
2, 0, 6, 5, 5, 8, 1, 7, 3
3, 6, 0, 10, 12, 8, 0, 1, 6, 5
2, 0, 5, 6, 5, 8, 1, 7, 3
5, 2, 0, 11, 14, 4, 11, 1, 2, 6, 2
5, 1, 0, 2, 1, 0, 1, 10, 9
3, 6, 0, 10, 12, 8, 0, 1, 6, 5
6, 12, 2, 5, 1, 13, 14, 11, 5, 12, 0
3, 6, 0, 10, 12, 8, 0, 1, 6, 5
5, 1, 2, 0, 1, 0, 1, 10, 9
5, 11, 14, 2, 4, 11, 0, 1, 2, 6, 2
5, 2, 0, 11, 14, 4, 11, 1, 2, 6, 2
9, 13, 1, 4, 10, 7, 14, 0, 9
11, 7, 10, 14, 4, 12, 7, 7
11, 7, 10, 14, 4, 12, 7, 7
9, 1, 10, 13, 4, 7, 14, 0, 9
11, 7, 10, 14, 4, 12, 7, 7
3, 6, 0, 10, 12, 8, 0, 1, 6, 5
11, 12, 6, 9, 8, 14, 14, 3, 10
9, 1, 10, 13, 4, 7, 14, 0, 9
9, 3, 3, 10, 8, 6, 12, 9, 1
9, 8, 12, 3, 3, 10, 6, 9, 1
5, 11, 3, 7, 6, 0, 5, 2
6, 12, 2, 5, 1, 13, 14, 11, 5, 12, 0
11, 7, 10, 14, 4, 12, 7, 7
5, 11, 3, 7, 6, 0, 5, 2
11, 6, 9, 12, 8, 14, 14, 3, 10
6, 12, 2, 5, 1, 13, 14, 11, 5, 12, 0
9, 3, 8, 3, 10, 12, 6, 9, 1
11, 7, 10, 14, 4, 12, 7, 7
9, 1, 10, 13, 4, 7, 14, 0, 9
5, 1, 2, 0, 1, 0, 1, 10, 9
5, 11, 3, 7, 6, 0, 5, 2
5, 1, 0, 2, 1, 0, 1, 10, 9
9, 13, 1, 4, 10, 7, 14, 0, 9
3, 6, 10, 0, 12, 8, 0, 1, 6, 5
11, 6, 12, 9, 8, 14, 14, 3, 10
3, 6, 10, 12, 0, 8, 0, 1, 6, 5
9, 3, 8, 3, 10, 6, 12, 9, 1
6, 12, 2, 5, 1, 13, 14, 11, 5, 12, 0
5, 2, 0, 11, 14, 4, 11, 1, 2, 6, 2
5, 2, 0, 11, 14, 4, 11, 1, 2, 6, 2
9, 1, 10, 13, 4, 7, 14, 0, 9
11, 7, 10, 14, 4, 12, 7, 7
5, 11, 3, 7, 6, 0, 5, 2
11, 7, 10, 14, 4, 12, 7, 7
9, 3, 8, 3, 10, 12, 6, 9, 1
5, 11, 7, 6, 3, 0, 5, 2
3, 6, 10, 0, 12, 8, 0, 1, 6, 5
5, 11, 14, 4, 2, 11, 0, 1, 2, 6, 2
9, 13, 1, 10, 4, 7, 14, 0, 9
11, 6, 9, 12, 8, 14, 14, 3, 10
9, 1, 10, 13, 4, 7, 14, 0, 9
5, 2, 0, 11, 14, 4, 11, 1, 2, 6, 2
5, 2, 0, 11, 14, 4, 11, 1, 2, 6, 2
3, 6, 10, 0, 12, 8, 0, 1, 6, 5
6, 12, 2, 5, 1, 13, 14, 11, 5, 12, 0
6, 12, 2, 5, 1, 13, 14, 11, 5, 12, 0
2, 0, 5, 6, 5, 8, 1, 7, 3
9, 8, 12, 3, 3, 10, 6, 9, 1
11, 12, 6, 9, 8, 14, 14, 3, 10
9, 1, 10, 13, 4, 7, 14, 0, 9
2, 0, 6, 5, 5, 8, 1, 7, 3
11, 7, 10, 14, 4, 12, 7, 7
6, 12, 5, 2, 1, 13, 14, 11, 5, 12, 0
5, 11, 14, 2, 4, 11, 0, 1, 2, 6, 2
5, 2, 0, 11, 14, 4, 11, 1, 2, 6, 2
6, 12, 2, 5, 1, 13, 14, 11, 5, 12, 0
5, 11, 3, 7, 6, 0, 5, 2
11, 7, 10, 14, 4, 12, 7, 7
11, 7, 10, 14, 4, 12, 7, 7
9, 8, 12, 3, 3, 10, 6, 9, 1
3, 6, 10, 12, 0, 8, 0, 1, 6, 5
5, 2, 0, 11, 14, 4, 11, 1, 2, 6, 2
6, 12, 2, 5, 1, 13, 14, 11, 5, 12, 0
6, 12, 2, 5, 1, 13, 14, 11, 5, 12, 0
11, 7, 10, 14, 4, 12, 7, 7
5, 1, 0, 2, 1, 0, 1, 10, 9
2, 0, 6, 5, 5, 8, 1, 7, 3
11, 7, 14, 10, 4, 12, 7, 7
9, 1, 10, 13, 4, 7, 14, 0, 9
2, 0, 5, 6, 5, 8, 1, 7, 3
2, 0, 6, 5, 5, 8, 1, 7, 3
6, 12, 2, 5, 1, 13, 14, 11, 5, 12, 0
5, 11, 7, 6, 3, 0, 5, 2
5, 11, 3, 7, 6, 0, 5, 2
5, 11, 14, 4, 2, 11, 0, 1, 2, 6, 2
5, 1, 2, 0, 1, 0, 1, 10, 9
9, 1, 10, 13, 4, 7, 14, 0, 9
11, 6, 9, 12, 8, 14, 14, 3, 10
11, 14, 7, 10, 4, 12, 7, 7
11, 7, 10, 14, 4, 12, 7, 7
6, 12, 2, 5, 1, 13, 14, 11, 5, 12, 0
5, 2, 11, 14, 4, 0, 11, 1, 2, 6, 2
9, 13, 1, 10, 4, 7, 14, 0, 9
9, 3, 8, 12, 3, 10, 6, 9, 1
9, 3, 8, 3, 10, 12, 6, 9, 1
9, 1, 10, 13, 4, 7, 14, 0, 9
9, 3, 8, 3, 10, 12, 6, 9, 1
3, 6, 0, 10, 12, 8, 0, 1, 6, 5
2, 0, 5, 5, 6, 8, 1, 7, 3
5, 11, 3, 7, 6, 0, 5, 2
9, 8, 12, 3, 3, 10, 6, 9, 1
5, 1, 2, 0, 1, 0, 1, 10, 9
5, 11, 3, 7, 6, 0, 5, 2
9, 1, 10, 13, 4, 7, 14, 0, 9
5, 1, 0, 2, 1, 0, 1, 10, 9
11, 12, 6, 9, 8, 14, 14, 3, 10
9, 8, 12, 3, 3, 10, 6, 9, 1
5, 11, 7, 6, 3, 0, 5, 2
5, 11, 3, 7, 6, 0, 5, 2
5, 11, 3, 7, 6, 0, 5, 2
5, 11, 3, 7, 6, 0, 5, 2
9, 8, 12, 3, 3, 10, 6, 9, 1
2, 0, 5, 6, 5, 8, 1, 7, 3
11, 12, 6, 9, 8, 14, 14, 3, 10
11, 7, 10, 14, 4, 12, 7, 7
3, 6, 0, 10, 12, 8, 0, 1, 6, 5
2, 0, 6, 5, 5, 8, 1, 7, 3
11, 7, 10, 14, 4, 12, 7, 7
9, 3, 8, 3, 10, 12, 6, 9, 1
9, 3, 8, 3, 10, 6, 12, 9, 1
11, 6, 12, 9, 8, 14, 14, 3, 10
2, 0, 6, 5, 5, 8, 1, 7, 3
6, 12, 2, 5, 1, 13, 14, 11, 5, 12, 0
9, 13, 1, 10, 4, 7, 14, 0, 9
5, 11, 3, 7, 6, 0, 5, 2
11, 7, 10, 14, 4, 12, 7, 7
11, 7, 10, 14, 4, 12, 7, 7
5, 11, 7, 3, 6, 0, 5, 2
5, 1, 0, 2, 1, 0, 1, 10, 9
