(79, 14), (110, 6), (240, 12), (282, 3), (372, 7), (474, 7), (564, 13), (635, 12)
(37, 11), (137, 14), (158, 6), (283, 3), (297, 14), (394, 10), (528, 6), (563, 6), (629, 1), (769, 2)
(72, 6), (190, 9), (274, 6), (287, 9), (383, 10), (431, 6), (546, 11), (569, 2), (638, 12)
(86, 8), (140, 1), (193, 5), (268, 11), (388, 9), (479, 11), (629, 6), (725, 14), (813, 2), (904, 2)
(31, 6), (130, 9), (234, 6), (283, 9), (392, 10), (441, 6), (557, 11), (573, 2), (650, 12)
(125, 8), (206, 1), (249, 5), (311, 11), (425, 9), (521, 11), (676, 6), (765, 14), (858, 2), (947, 2)
(104, 14), (155, 6), (272, 12), (328, 3), (463, 7), (602, 7), (660, 13), (736, 12)
(4, 6), (83, 4), (119, 4), (184, 11), (360, 9), (467, 1), (538, 6), (588, 2), (649, 13), (770, 8), (873, 4)
(79, 6), (176, 4), (275, 4), (349, 11), (495, 9), (582, 1), (673, 6), (703, 2), (761, 13), (823, 8), (925, 4)
(40, 14), (89, 6), (188, 12), (242, 3), (315, 7), (458, 7), (541, 13), (598, 12)
(104, 14), (131, 6), (234, 12), (302, 3), (440, 7), (576, 7), (667, 13), (733, 12)
(96, 6), (192, 9), (279, 6), (320, 9), (429, 10), (499, 6), (618, 11), (637, 2), (688, 12)
(107, 14), (175, 6), (284, 12), (322, 3), (449, 7), (520, 7), (603, 13), (663, 12)
(132, 6), (231, 4), (267, 4), (345, 11), (531, 9), (646, 1), (749, 6), (808, 2), (855, 13), (942, 8), (1032, 4)
(143, 6), (245, 9), (305, 6), (331, 9), (443, 10), (490, 6), (598, 11), (621, 2), (695, 12)
(71, 6), (160, 4), (237, 4), (303, 11), (410, 9), (500, 1), (585, 6), (626, 2), (681, 13), (764, 8), (885, 4)
(110, 11), (192, 14), (214, 6), (319, 3), (337, 14), (441, 10), (573, 6), (626, 6), (659, 1), (742, 2)
(38, 14), (87, 6), (215, 12), (281, 3), (372, 7), (494, 7), (579, 13), (655, 12)
(97, 6), (183, 4), (254, 4), (318, 11), (457, 9), (543, 1), (688, 6), (711, 2), (768, 13), (828, 8), (938, 4)
(65, 11), (125, 14), (150, 6), (284, 3), (352, 14), (456, 10), (579, 6), (652, 6), (680, 1), (785, 2)
(133, 11), (210, 14), (235, 6), (348, 3), (359, 14), (460, 10), (539, 6), (578, 6), (614, 1), (733, 2)
(82, 8), (155, 1), (204, 5), (270, 11), (410, 9), (499, 11), (609, 6), (729, 14), (798, 2), (891, 2)
(65, 11), (142, 14), (163, 6), (276, 3), (306, 14), (409, 10), (543, 6), (576, 6), (617, 1), (737, 2)
(70, 6), (144, 4), (186, 4), (247, 11), (407, 9), (502, 1), (629, 6), (680, 2), (721, 13), (827, 8), (916, 4)
(29, 11), (138, 14), (162, 6), (295, 3), (327, 14), (431, 10), (557, 6), (595, 6), (653, 1), (788, 2)
(36, 14), (60, 6), (205, 12), (245, 3), (391, 7), (511, 7), (571, 13), (684, 12)
(20, 6), (76, 4), (176, 4), (253, 11), (367, 9), (531, 1), (667, 6), (721, 2), (768, 13), (823, 8), (875, 4)
(114, 6), (161, 4), (252, 4), (321, 11), (460, 9), (615, 1), (732, 6), (756, 2), (792, 13), (904, 8), (1006, 4)
(47, 6), (164, 9), (255, 6), (282, 9), (376, 10), (423, 6), (542, 11), (555, 2), (630, 12)
(54, 14), (121, 6), (237, 12), (303, 3), (435, 7), (591, 7), (644, 13), (759, 12)
(74, 8), (126, 1), (170, 5), (248, 11), (390, 9), (453, 11), (566, 6), (615, 14), (678, 2), (771, 2)
(143, 6), (236, 9), (362, 6), (402, 9), (504, 10), (563, 6), (656, 11), (662, 2), (737, 12)
(6, 6), (124, 9), (234, 6), (273, 9), (397, 10), (457, 6), (577, 11), (585, 2), (660, 12)
(99, 11), (199, 14), (220, 6), (349, 3), (396, 14), (495, 10), (567, 6), (593, 6), (632, 1), (737, 2)
(108, 6), (226, 4), (306, 4), (392, 11), (572, 9), (678, 1), (812, 6), (863, 2), (919, 13), (1012, 8), (1099, 4)
(123, 14), (145, 6), (253, 12), (303, 3), (397, 7), (509, 7), (592, 13), (693, 12)
(139, 6), (225, 9), (319, 6), (360, 9), (462, 10), (535, 6), (634, 11), (638, 2), (695, 12)
(26, 14), (75, 6), (199, 12), (241, 3), (326, 7), (468, 7), (569, 13), (629, 12)
(108, 8), (144, 1), (192, 5), (259, 11), (403, 9), (473, 11), (567, 6), (625, 14), (742, 2), (821, 2)
(104, 11), (207, 14), (232, 6), (325, 3), (389, 14), (488, 10), (614, 6), (664, 6), (740, 1), (847, 2)
(133, 6), (225, 9), (358, 6), (380, 9), (480, 10), (546, 6), (639, 11), (656, 2), (705, 12)
(42, 11), (141, 14), (162, 6), (289, 3), (343, 14), (440, 10), (507, 6), (541, 6), (596, 1), (720, 2)
(39, 6), (146, 9), (271, 6), (294, 9), (423, 10), (481, 6), (574, 11), (581, 2), (637, 12)
(148, 8), (181, 1), (259, 5), (322, 11), (466, 9), (571, 11), (722, 6), (806, 14), (861, 2), (954, 2)
(12, 6), (78, 4), (149, 4), (235, 11), (339, 9), (451, 1), (535, 6), (558, 2), (610, 13), (736, 8), (810, 4)
(40, 8), (95, 1), (160, 5), (237, 11), (344, 9), (405, 11), (552, 6), (638, 14), (746, 2), (823, 2)
(64, 11), (134, 14), (158, 6), (290, 3), (323, 14), (419, 10), (483, 6), (526, 6), (583, 1), (695, 2)
(2, 6), (108, 9), (232, 6), (257, 9), (350, 10), (399, 6), (495, 11), (503, 2), (561, 12)
(25, 6), (145, 9), (263, 6), (293, 9), (418, 10), (478, 6), (583, 11), (603, 2), (660, 12)
(30, 6), (118, 9), (186, 6), (211, 9), (326, 10), (385, 6), (500, 11), (504, 2), (562, 12)
(25, 11), (86, 14), (111, 6), (193, 3), (248, 14), (345, 10), (461, 6), (514, 6), (555, 1), (664, 2)
(95, 14), (123, 6), (242, 12), (301, 3), (416, 7), (495, 7), (547, 13), (642, 12)
(74, 8), (116, 1), (177, 5), (251, 11), (405, 9), (462, 11), (548, 6), (610, 14), (719, 2), (797, 2)
(134, 6), (249, 9), (349, 6), (388, 9), (483, 10), (537, 6), (646, 11), (668, 2), (713, 12)
(67, 6), (120, 4), (196, 4), (284, 11), (423, 9), (586, 1), (681, 6), (707, 2), (765, 13), (812, 8), (872, 4)
(16, 11), (115, 14), (137, 6), (257, 3), (346, 14), (443, 10), (559, 6), (593, 6), (621, 1), (716, 2)
(121, 8), (223, 1), (286, 5), (345, 11), (463, 9), (570, 11), (708, 6), (827, 14), (888, 2), (965, 2)
(41, 14), (62, 6), (181, 12), (229, 3), (365, 7), (509, 7), (557, 13), (633, 12)
(95, 8), (134, 1), (211, 5), (281, 11), (400, 9), (460, 11), (561, 6), (698, 14), (797, 2), (876, 2)
(22, 11), (125, 14), (150, 6), (261, 3), (304, 14), (401, 10), (514, 6), (589, 6), (653, 1), (771, 2)
(50, 8), (80, 1), (108, 5), (173, 11), (333, 9), (396, 11), (490, 6), (542, 14), (598, 2), (684, 2)
(135, 11), (195, 14), (219, 6), (352, 3), (384, 14), (480, 10), (607, 6), (670, 6), (721, 1), (856, 2)
(148, 11), (242, 14), (266, 6), (377, 3), (460, 14), (557, 10), (627, 6), (655, 6), (687, 1), (799, 2)
(83, 6), (196, 9), (253, 6), (280, 9), (420, 10), (471, 6), (579, 11), (594, 2), (667, 12)
(52, 6), (146, 9), (242, 6), (256, 9), (363, 10), (417, 6), (516, 11), (538, 2), (600, 12)
(58, 11), (190, 14), (211, 6), (334, 3), (417, 14), (519, 10), (595, 6), (635, 6), (671, 1), (752, 2)
(63, 14), (104, 6), (239, 12), (285, 3), (399, 7), (483, 7), (568, 13), (646, 12)
(125, 8), (227, 1), (298, 5), (382, 11), (488, 9), (582, 11), (713, 6), (769, 14), (820, 2), (902, 2)
(42, 6), (155, 9), (287, 6), (325, 9), (457, 10), (527, 6), (623, 11), (626, 2), (698, 12)
(56, 6), (101, 4), (156, 4), (247, 11), (354, 9), (467, 1), (542, 6), (601, 2), (650, 13), (764, 8), (834, 4)
(106, 11), (238, 14), (262, 6), (345, 3), (427, 14), (522, 10), (609, 6), (685, 6), (725, 1), (870, 2)
(6, 6), (125, 9), (210, 6), (236, 9), (355, 10), (402, 6), (513, 11), (521, 2), (585, 12)
(129, 6), (219, 4), (299, 4), (377, 11), (547, 9), (680, 1), (762, 6), (800, 2), (832, 13), (889, 8), (928, 4)
(111, 8), (222, 1), (264, 5), (339, 11), (477, 9), (594, 11), (749, 6), (828, 14), (943, 2), (1038, 2)
(70, 6), (143, 4), (231, 4), (296, 11), (468, 9), (615, 1), (744, 6), (790, 2), (841, 13), (963, 8), (1008, 4)
(128, 6), (213, 4), (309, 4), (382, 11), (557, 9), (716, 1), (847, 6), (880, 2), (939, 13), (1044, 8), (1115, 4)
(102, 11), (203, 14), (224, 6), (315, 3), (357, 14), (456, 10), (529, 6), (560, 6), (591, 1), (721, 2)
(107, 11), (236, 14), (258, 6), (349, 3), (410, 14), (506, 10), (637, 6), (699, 6), (777, 1), (912, 2)
(18, 14), (94, 6), (223, 12), (265, 3), (395, 7), (491, 7), (570, 13), (682, 12)
(114, 6), (201, 9), (256, 6), (263, 9), (366, 10), (413, 6), (513, 11), (532, 2), (603, 12)
(36, 6), (151, 9), (299, 6), (316, 9), (425, 10), (476, 6), (572, 11), (582, 2), (658, 12)
(109, 6), (201, 9), (285, 6), (292, 9), (422, 10), (479, 6), (572, 11), (583, 2), (640, 12)
(96, 11), (192, 14), (215, 6), (277, 3), (312, 14), (415, 10), (513, 6), (565, 6), (627, 1), (720, 2)
(43, 6), (145, 9), (223, 6), (236, 9), (360, 10), (426, 6), (547, 11), (552, 2), (609, 12)
(75, 6), (169, 9), (244, 6), (290, 9), (403, 10), (460, 6), (564, 11), (577, 2), (639, 12)
(79, 11), (150, 14), (174, 6), (252, 3), (330, 14), (428, 10), (536, 6), (565, 6), (631, 1), (751, 2)
(148, 11), (228, 14), (250, 6), (307, 3), (387, 14), (490, 10), (560, 6), (591, 6), (665, 1), (802, 2)
(101, 11), (169, 14), (192, 6), (279, 3), (294, 14), (395, 10), (482, 6), (537, 6), (597, 1), (718, 2)
(148, 11), (208, 14), (231, 6), (331, 3), (358, 14), (463, 10), (563, 6), (601, 6), (678, 1), (807, 2)
(140, 14), (195, 6), (290, 12), (341, 3), (422, 7), (498, 7), (579, 13), (636, 12)
(5, 14), (25, 6), (143, 12), (194, 3), (273, 7), (418, 7), (462, 13), (538, 12)
(102, 14), (123, 6), (258, 12), (314, 3), (402, 7), (488, 7), (531, 13), (624, 12)
(101, 6), (151, 4), (239, 4), (315, 11), (491, 9), (628, 1), (767, 6), (813, 2), (846, 13), (937, 8), (1045, 4)
(111, 6), (174, 4), (241, 4), (318, 11), (425, 9), (520, 1), (649, 6), (711, 2), (754, 13), (820, 8), (867, 4)
(76, 6), (188, 9), (318, 6), (342, 9), (439, 10), (508, 6), (600, 11), (616, 2), (693, 12)
(66, 8), (127, 1), (168, 5), (256, 11), (395, 9), (445, 11), (561, 6), (680, 14), (760, 2), (845, 2)
(51, 8), (131, 1), (181, 5), (238, 11), (368, 9), (431, 11), (579, 6), (625, 14), (699, 2), (779, 2)
(65, 14), (108, 6), (248, 12), (296, 3), (369, 7), (486, 7), (532, 13), (591, 12)
(62, 14), (139, 6), (287, 12), (336, 3), (468, 7), (616, 7), (707, 13), (810, 12)
(75, 6), (175, 9), (285, 6), (297, 9), (431, 10), (501, 6), (607, 11), (630, 2), (682, 12)
(144, 11), (272, 14), (297, 6), (369, 3), (426, 14), (520, 10), (644, 6), (705, 6), (777, 1), (859, 2)
(15, 6), (114, 9), (174, 6), (204, 9), (326, 10), (394, 6), (513, 11), (522, 2), (576, 12)
(88, 6), (162, 4), (253, 4), (322, 11), (499, 9), (635, 1), (767, 6), (787, 2), (838, 13), (961, 8), (1035, 4)
(30, 11), (143, 14), (168, 6), (258, 3), (281, 14), (375, 10), (461, 6), (530, 6), (585, 1), (711, 2)
(48, 6), (125, 4), (205, 4), (273, 11), (397, 9), (546, 1), (689, 6), (744, 2), (803, 13), (850, 8), (926, 4)
(82, 6), (197, 4), (248, 4), (317, 11), (506, 9), (597, 1), (742, 6), (782, 2), (826, 13), (945, 8), (1029, 4)
(144, 8), (234, 1), (272, 5), (355, 11), (484, 9), (549, 11), (665, 6), (799, 14), (865, 2), (944, 2)
(29, 11), (108, 14), (132, 6), (194, 3), (214, 14), (308, 10), (425, 6), (462, 6), (493, 1), (619, 2)
(62, 11), (154, 14), (179, 6), (272, 3), (320, 14), (421, 10), (494, 6), (519, 6), (589, 1), (701, 2)
(95, 14), (140, 6), (266, 12), (312, 3), (441, 7), (583, 7), (641, 13), (748, 12)
(78, 8), (165, 1), (234, 5), (311, 11), (473, 9), (578, 11), (667, 6), (782, 14), (890, 2), (980, 2)
(23, 8), (76, 1), (142, 5), (199, 11), (341, 9), (436, 11), (566, 6), (630, 14), (754, 2), (849, 2)
(122, 14), (172, 6), (278, 12), (315, 3), (422, 7), (555, 7), (617, 13), (686, 12)
(133, 6), (217, 4), (266, 4), (342, 11), (442, 9), (619, 1), (763, 6), (813, 2), (847, 13), (969, 8), (1007, 4)
(65, 6), (169, 9), (250, 6), (270, 9), (387, 10), (448, 6), (553, 11), (573, 2), (629, 12)
(95, 11), (152, 14), (173, 6), (259, 3), (344, 14), (439, 10), (544, 6), (608, 6), (636, 1), (783, 2)
(121, 8), (208, 1), (281, 5), (350, 11), (515, 9), (613, 11), (769, 6), (857, 14), (914, 2), (1003, 2)
(1, 11), (69, 14), (94, 6), (203, 3), (246, 14), (345, 10), (474, 6), (547, 6), (577, 1), (730, 2)
(130, 11), (192, 14), (216, 6), (342, 3), (411, 14), (515, 10), (602, 6), (632, 6), (671, 1), (792, 2)
(90, 6), (142, 4), (200, 4), (278, 11), (421, 9), (533, 1), (649, 6), (707, 2), (764, 13), (840, 8), (949, 4)
(37, 14), (111, 6), (226, 12), (270, 3), (378, 7), (478, 7), (560, 13), (627, 12)
(133, 6), (250, 9), (401, 6), (409, 9), (523, 10), (589, 6), (709, 11), (735, 2), (785, 12)
(63, 6), (155, 9), (284, 6), (308, 9), (416, 10), (486, 6), (577, 11), (591, 2), (637, 12)
(58, 6), (160, 9), (236, 6), (266, 9), (395, 10), (467, 6), (575, 11), (586, 2), (652, 12)
(109, 11), (216, 14), (237, 6), (350, 3), (434, 14), (530, 10), (601, 6), (646, 6), (699, 1), (837, 2)
(53, 6), (162, 9), (232, 6), (269, 9), (393, 10), (466, 6), (562, 11), (566, 2), (620, 12)
(32, 8), (80, 1), (152, 5), (211, 11), (376, 9), (443, 11), (559, 6), (617, 14), (737, 2), (826, 2)
(0, 6), (85, 4), (142, 4), (205, 11), (327, 9), (441, 1), (528, 6), (580, 2), (614, 13), (671, 8), (780, 4)
(53, 8), (104, 1), (182, 5), (260, 11), (418, 9), (487, 11), (617, 6), (710, 14), (830, 2), (925, 2)
(125, 6), (212, 4), (284, 4), (360, 11), (542, 9), (662, 1), (767, 6), (788, 2), (836, 13), (889, 8), (937, 4)
(123, 14), (157, 6), (304, 12), (372, 3), (444, 7), (520, 7), (616, 13), (729, 12)
(94, 8), (180, 1), (214, 5), (271, 11), (416, 9), (532, 11), (676, 6), (756, 14), (829, 2), (908, 2)
(120, 6), (230, 4), (279, 4), (370, 11), (557, 9), (704, 1), (784, 6), (836, 2), (869, 13), (930, 8), (985, 4)
(1, 11), (105, 14), (130, 6), (230, 3), (269, 14), (372, 10), (474, 6), (518, 6), (590, 1), (722, 2)
(88, 14), (154, 6), (260, 12), (319, 3), (409, 7), (484, 7), (547, 13), (642, 12)
(46, 8), (142, 1), (191, 5), (273, 11), (372, 9), (464, 11), (596, 6), (661, 14), (757, 2), (848, 2)
(116, 6), (235, 4), (279, 4), (357, 11), (529, 9), (696, 1), (803, 6), (853, 2), (911, 13), (1031, 8), (1110, 4)
(21, 11), (122, 14), (144, 6), (250, 3), (284, 14), (382, 10), (488, 6), (561, 6), (593, 1), (695, 2)
(70, 6), (171, 4), (228, 4), (298, 11), (428, 9), (520, 1), (652, 6), (708, 2), (744, 13), (845, 8), (884, 4)
(55, 8), (91, 1), (156, 5), (225, 11), (331, 9), (408, 11), (540, 6), (629, 14), (697, 2), (783, 2)
(21, 6), (109, 4), (176, 4), (251, 11), (354, 9), (462, 1), (578, 6), (610, 2), (660, 13), (727, 8), (844, 4)
(122, 14), (168, 6), (281, 12), (330, 3), (411, 7), (554, 7), (637, 13), (722, 12)
(144, 11), (256, 14), (278, 6), (388, 3), (433, 14), (532, 10), (619, 6), (663, 6), (703, 1), (839, 2)
(59, 6), (142, 4), (204, 4), (287, 11), (467, 9), (565, 1), (705, 6), (738, 2), (792, 13), (849, 8), (891, 4)
(50, 11), (182, 14), (207, 6), (286, 3), (318, 14), (414, 10), (530, 6), (582, 6), (612, 1), (723, 2)
(125, 6), (166, 4), (218, 4), (282, 11), (460, 9), (615, 1), (700, 6), (747, 2), (783, 13), (836, 8), (902, 4)
(81, 8), (178, 1), (247, 5), (328, 11), (447, 9), (514, 11), (620, 6), (691, 14), (732, 2), (820, 2)
(95, 8), (195, 1), (229, 5), (320, 11), (427, 9), (488, 11), (581, 6), (681, 14), (801, 2), (877, 2)
(69, 8), (145, 1), (186, 5), (267, 11), (373, 9), (471, 11), (592, 6), (687, 14), (744, 2), (836, 2)
(76, 6), (175, 9), (298, 6), (311, 9), (415, 10), (486, 6), (604, 11), (624, 2), (691, 12)
(21, 14), (79, 6), (210, 12), (272, 3), (403, 7), (525, 7), (622, 13), (700, 12)
(100, 6), (218, 4), (261, 4), (332, 11), (472, 9), (587, 1), (681, 6), (719, 2), (752, 13), (831, 8), (907, 4)
(5, 14), (55, 6), (154, 12), (193, 3), (283, 7), (442, 7), (517, 13), (579, 12)
(102, 14), (130, 6), (261, 12), (311, 3), (449, 7), (597, 7), (673, 13), (744, 12)
(17, 6), (106, 9), (227, 6), (250, 9), (352, 10), (412, 6), (517, 11), (541, 2), (619, 12)
(110, 11), (184, 14), (206, 6), (276, 3), (346, 14), (441, 10), (560, 6), (623, 6), (676, 1), (815, 2)
(106, 6), (197, 4), (276, 4), (347, 11), (484, 9), (615, 1), (689, 6), (721, 2), (762, 13), (844, 8), (955, 4)
(23, 11), (84, 14), (106, 6), (214, 3), (224, 14), (317, 10), (454, 6), (513, 6), (554, 1), (672, 2)
(73, 6), (128, 4), (175, 4), (248, 11), (433, 9), (529, 1), (602, 6), (637, 2), (682, 13), (746, 8), (797, 4)
(10, 8), (87, 1), (150, 5), (212, 11), (335, 9), (417, 11), (561, 6), (664, 14), (759, 2), (855, 2)
(73, 6), (126, 4), (164, 4), (243, 11), (406, 9), (511, 1), (596, 6), (648, 2), (686, 13), (803, 8), (840, 4)
(18, 8), (91, 1), (137, 5), (213, 11), (348, 9), (406, 11), (514, 6), (650, 14), (719, 2), (811, 2)
(13, 14), (50, 6), (142, 12), (186, 3), (281, 7), (369, 7), (437, 13), (526, 12)
(129, 6), (208, 4), (268, 4), (353, 11), (529, 9), (643, 1), (767, 6), (786, 2), (826, 13), (887, 8), (996, 4)
(104, 8), (194, 1), (270, 5), (342, 11), (461, 9), (575, 11), (661, 6), (750, 14), (839, 2), (935, 2)
(82, 14), (121, 6), (259, 12), (307, 3), (453, 7), (527, 7), (619, 13), (712, 12)
(47, 11), (169, 14), (194, 6), (310, 3), (395, 14), (494, 10), (626, 6), (662, 6), (691, 1), (772, 2)
(38, 6), (132, 9), (215, 6), (257, 9), (393, 10), (446, 6), (550, 11), (558, 2), (634, 12)
(116, 14), (169, 6), (298, 12), (333, 3), (423, 7), (567, 7), (603, 13), (688, 12)
(120, 14), (156, 6), (303, 12), (341, 3), (425, 7), (511, 7), (591, 13), (654, 12)
(121, 6), (181, 4), (240, 4), (302, 11), (420, 9), (547, 1), (667, 6), (718, 2), (750, 13), (835, 8), (929, 4)
(38, 6), (157, 4), (225, 4), (305, 11), (491, 9), (664, 1), (809, 6), (870, 2), (918, 13), (974, 8), (1012, 4)
(46, 6), (96, 4), (191, 4), (254, 11), (383, 9), (537, 1), (638, 6), (670, 2), (730, 13), (854, 8), (912, 4)
(46, 6), (130, 9), (209, 6), (218, 9), (315, 10), (363, 6), (458, 11), (470, 2), (521, 12)
(134, 8), (185, 1), (216, 5), (292, 11), (428, 9), (514, 11), (625, 6), (690, 14), (778, 2), (865, 2)
(11, 8), (59, 1), (97, 5), (180, 11), (307, 9), (395, 11), (485, 6), (581, 14), (626, 2), (714, 2)
(98, 6), (186, 9), (272, 6), (288, 9), (395, 10), (462, 6), (552, 11), (558, 2), (613, 12)
(132, 11), (198, 14), (221, 6), (283, 3), (344, 14), (443, 10), (549, 6), (611, 6), (638, 1), (756, 2)
(105, 6), (190, 9), (302, 6), (327, 9), (466, 10), (522, 6), (612, 11), (623, 2), (684, 12)
(87, 11), (203, 14), (227, 6), (319, 3), (349, 14), (445, 10), (518, 6), (556, 6), (613, 1), (698, 2)
(131, 6), (245, 9), (394, 6), (408, 9), (532, 10), (580, 6), (689, 11), (708, 2), (760, 12)
(29, 6), (139, 9), (279, 6), (287, 9), (398, 10), (446, 6), (553, 11), (567, 2), (613, 12)
(69, 6), (142, 4), (186, 4), (259, 11), (374, 9), (502, 1), (586, 6), (608, 2), (645, 13), (743, 8), (840, 4)
(134, 14), (178, 6), (271, 12), (316, 3), (407, 7), (486, 7), (576, 13), (669, 12)
(62, 8), (180, 1), (240, 5), (311, 11), (433, 9), (537, 11), (683, 6), (813, 14), (880, 2), (959, 2)
(58, 14), (109, 6), (256, 12), (293, 3), (413, 7), (535, 7), (587, 13), (685, 12)
(103, 8), (205, 1), (244, 5), (328, 11), (466, 9), (581, 11), (674, 6), (720, 14), (814, 2), (910, 2)
(60, 6), (121, 4), (158, 4), (226, 11), (407, 9), (562, 1), (697, 6), (755, 2), (791, 13), (855, 8), (919, 4)
(98, 6), (217, 9), (298, 6), (337, 9), (437, 10), (509, 6), (620, 11), (640, 2), (706, 12)
(101, 6), (197, 4), (295, 4), (363, 11), (464, 9), (636, 1), (716, 6), (764, 2), (821, 13), (927, 8), (1008, 4)
(7, 11), (131, 14), (155, 6), (253, 3), (304, 14), (405, 10), (543, 6), (580, 6), (614, 1), (705, 2)
(135, 6), (236, 9), (367, 6), (405, 9), (532, 10), (586, 6), (684, 11), (687, 2), (748, 12)
(50, 14), (81, 6), (184, 12), (230, 3), (360, 7), (453, 7), (549, 13), (615, 12)
(19, 6), (79, 4), (125, 4), (202, 11), (317, 9), (417, 1), (510, 6), (542, 2), (580, 13), (626, 8), (739, 4)
(145, 6), (200, 4), (266, 4), (349, 11), (445, 9), (535, 1), (625, 6), (685, 2), (730, 13), (784, 8), (891, 4)
(99, 8), (191, 1), (219, 5), (284, 11), (393, 9), (448, 11), (594, 6), (683, 14), (775, 2), (862, 2)
(56, 6), (151, 9), (233, 6), (261, 9), (356, 10), (421, 6), (530, 11), (538, 2), (592, 12)
(107, 6), (217, 4), (260, 4), (333, 11), (524, 9), (610, 1), (697, 6), (753, 2), (792, 13), (855, 8), (918, 4)
(84, 14), (116, 6), (254, 12), (289, 3), (386, 7), (500, 7), (582, 13), (649, 12)
(59, 14), (103, 6), (212, 12), (270, 3), (398, 7), (509, 7), (606, 13), (686, 12)
(111, 11), (184, 14), (206, 6), (330, 3), (381, 14), (479, 10), (595, 6), (630, 6), (679, 1), (828, 2)
(98, 6), (211, 9), (307, 6), (338, 9), (450, 10), (520, 6), (628, 11), (652, 2), (717, 12)
(136, 6), (227, 9), (363, 6), (408, 9), (533, 10), (588, 6), (695, 11), (716, 2), (772, 12)
(81, 11), (199, 14), (224, 6), (353, 3), (422, 14), (526, 10), (654, 6), (728, 6), (761, 1), (884, 2)
(149, 8), (236, 1), (266, 5), (339, 11), (505, 9), (570, 11), (709, 6), (763, 14), (807, 2), (903, 2)
(18, 11), (95, 14), (120, 6), (194, 3), (227, 14), (327, 10), (393, 6), (433, 6), (481, 1), (603, 2)
(55, 6), (100, 4), (136, 4), (202, 11), (376, 9), (511, 1), (578, 6), (608, 2), (652, 13), (709, 8), (775, 4)
(75, 6), (157, 9), (293, 6), (305, 9), (399, 10), (459, 6), (556, 11), (564, 2), (630, 12)
(18, 6), (109, 9), (217, 6), (263, 9), (376, 10), (445, 6), (537, 11), (545, 2), (610, 12)
(88, 6), (207, 9), (289, 6), (329, 9), (432, 10), (504, 6), (622, 11), (635, 2), (696, 12)
(24, 11), (85, 14), (109, 6), (230, 3), (271, 14), (373, 10), (469, 6), (533, 6), (608, 1), (718, 2)
(38, 6), (131, 9), (254, 6), (266, 9), (363, 10), (420, 6), (537, 11), (559, 2), (629, 12)
(133, 6), (175, 4), (235, 4), (314, 11), (465, 9), (633, 1), (718, 6), (777, 2), (821, 13), (878, 8), (924, 4)
(47, 8), (113, 1), (170, 5), (258, 11), (388, 9), (508, 11), (629, 6), (742, 14), (798, 2), (882, 2)
(8, 8), (73, 1), (102, 5), (183, 11), (322, 9), (394, 11), (480, 6), (610, 14), (701, 2), (779, 2)
(113, 11), (213, 14), (238, 6), (319, 3), (396, 14), (495, 10), (633, 6), (689, 6), (761, 1), (861, 2)
(97, 6), (180, 9), (318, 6), (363, 9), (497, 10), (548, 6), (667, 11), (692, 2), (746, 12)
(117, 6), (172, 4), (237, 4), (314, 11), (500, 9), (599, 1), (707, 6), (743, 2), (787, 13), (865, 8), (983, 4)
(51, 8), (168, 1), (221, 5), (279, 11), (399, 9), (493, 11), (599, 6), (649, 14), (731, 2), (815, 2)
(66, 11), (133, 14), (155, 6), (241, 3), (283, 14), (380, 10), (455, 6), (488, 6), (543, 1), (664, 2)
(11, 6), (118, 9), (230, 6), (278, 9), (373, 10), (435, 6), (555, 11), (579, 2), (645, 12)
(46, 6), (153, 9), (280, 6), (326, 9), (436, 10), (495, 6), (602, 11), (615, 2), (661, 12)
(113, 6), (161, 4), (202, 4), (279, 11), (392, 9), (548, 1), (659, 6), (685, 2), (737, 13), (837, 8), (876, 4)
(70, 14), (139, 6), (249, 12), (285, 3), (417, 7), (517, 7), (563, 13), (628, 12)
(111, 11), (186, 14), (210, 6), (303, 3), (376, 14), (469, 10), (584, 6), (641, 6), (672, 1), (753, 2)
(115, 11), (205, 14), (229, 6), (287, 3), (317, 14), (419, 10), (523, 6), (560, 6), (627, 1), (760, 2)
(115, 6), (222, 4), (281, 4), (356, 11), (482, 9), (598, 1), (687, 6), (726, 2), (779, 13), (838, 8), (930, 4)
(10, 14), (51, 6), (157, 12), (205, 3), (295, 7), (415, 7), (467, 13), (552, 12)
(17, 6), (120, 9), (237, 6), (265, 9), (369, 10), (430, 6), (524, 11), (535, 2), (608, 12)
(51, 8), (128, 1), (166, 5), (254, 11), (413, 9), (480, 11), (622, 6), (757, 14), (829, 2), (921, 2)
(119, 11), (187, 14), (209, 6), (298, 3), (349, 14), (450, 10), (569, 6), (598, 6), (653, 1), (765, 2)
(72, 6), (176, 9), (275, 6), (314, 9), (407, 10), (471, 6), (586, 11), (595, 2), (643, 12)
(59, 6), (152, 9), (259, 6), (296, 9), (416, 10), (485, 6), (576, 11), (597, 2), (647, 12)
(119, 6), (183, 4), (233, 4), (300, 11), (481, 9), (631, 1), (738, 6), (796, 2), (846, 13), (969, 8), (1013, 4)
(30, 8), (87, 1), (116, 5), (178, 11), (322, 9), (395, 11), (544, 6), (608, 14), (685, 2), (765, 2)
(4, 11), (134, 14), (156, 6), (290, 3), (363, 14), (465, 10), (540, 6), (586, 6), (662, 1), (785, 2)
(17, 6), (96, 4), (169, 4), (258, 11), (402, 9), (531, 1), (654, 6), (714, 2), (746, 13), (810, 8), (922, 4)
(12, 14), (49, 6), (151, 12), (195, 3), (325, 7), (474, 7), (516, 13), (631, 12)
(4, 6), (123, 4), (220, 4), (290, 11), (476, 9), (596, 1), (679, 6), (701, 2), (742, 13), (815, 8), (862, 4)
(138, 6), (227, 9), (321, 6), (350, 9), (457, 10), (528, 6), (642, 11), (664, 2), (712, 12)
(44, 6), (158, 9), (255, 6), (273, 9), (373, 10), (433, 6), (547, 11), (563, 2), (631, 12)
(27, 6), (139, 9), (290, 6), (303, 9), (403, 10), (469, 6), (586, 11), (597, 2), (650, 12)
(130, 11), (241, 14), (263, 6), (359, 3), (379, 14), (480, 10), (582, 6), (610, 6), (670, 1), (809, 2)
(90, 14), (163, 6), (270, 12), (318, 3), (421, 7), (491, 7), (528, 13), (600, 12)
(149, 8), (204, 1), (263, 5), (336, 11), (494, 9), (561, 11), (685, 6), (805, 14), (874, 2), (966, 2)
(106, 14), (138, 6), (236, 12), (274, 3), (406, 7), (511, 7), (592, 13), (673, 12)
(46, 6), (138, 4), (183, 4), (259, 11), (399, 9), (518, 1), (617, 6), (660, 2), (695, 13), (807, 8), (885, 4)
(97, 6), (161, 4), (200, 4), (281, 11), (405, 9), (565, 1), (644, 6), (686, 2), (732, 13), (853, 8), (917, 4)
(77, 6), (157, 9), (301, 6), (329, 9), (458, 10), (526, 6), (633, 11), (638, 2), (690, 12)
(148, 6), (237, 9), (309, 6), (316, 9), (439, 10), (491, 6), (597, 11), (622, 2), (689, 12)
(113, 6), (174, 4), (232, 4), (297, 11), (432, 9), (537, 1), (652, 6), (701, 2), (761, 13), (818, 8), (913, 4)
(5, 11), (135, 14), (156, 6), (281, 3), (356, 14), (453, 10), (527, 6), (603, 6), (647, 1), (799, 2)
(111, 14), (146, 6), (275, 12), (314, 3), (456, 7), (565, 7), (660, 13), (741, 12)
(41, 6), (131, 9), (255, 6), (292, 9), (403, 10), (459, 6), (552, 11), (559, 2), (632, 12)
(115, 11), (226, 14), (248, 6), (311, 3), (339, 14), (444, 10), (533, 6), (587, 6), (656, 1), (781, 2)
(117, 6), (202, 4), (241, 4), (319, 11), (417, 9), (590, 1), (700, 6), (738, 2), (778, 13), (856, 8), (925, 4)
(105, 8), (138, 1), (186, 5), (271, 11), (383, 9), (487, 11), (643, 6), (699, 14), (782, 2), (858, 2)
(131, 14), (197, 6), (323, 12), (386, 3), (488, 7), (572, 7), (640, 13), (724, 12)
(49, 14), (73, 6), (201, 12), (255, 3), (333, 7), (449, 7), (486, 13), (562, 12)
(141, 14), (177, 6), (316, 12), (383, 3), (468, 7), (556, 7), (638, 13), (727, 12)
(146, 11), (256, 14), (280, 6), (361, 3), (395, 14), (489, 10), (570, 6), (630, 6), (680, 1), (766, 2)
(123, 6), (205, 9), (288, 6), (310, 9), (408, 10), (457, 6), (559, 11), (575, 2), (647, 12)
(37, 14), (57, 6), (155, 12), (214, 3), (339, 7), (485, 7), (551, 13), (662, 12)
(137, 11), (198, 14), (223, 6), (294, 3), (352, 14), (451, 10), (568, 6), (622, 6), (699, 1), (824, 2)
(74, 6), (194, 9), (333, 6), (346, 9), (454, 10), (515, 6), (610, 11), (635, 2), (688, 12)
(37, 11), (161, 14), (182, 6), (272, 3), (319, 14), (423, 10), (547, 6), (573, 6), (606, 1), (733, 2)
(120, 8), (184, 1), (219, 5), (284, 11), (428, 9), (514, 11), (619, 6), (733, 14), (779, 2), (871, 2)
(60, 6), (104, 4), (203, 4), (290, 11), (408, 9), (578, 1), (689, 6), (722, 2), (762, 13), (813, 8), (899, 4)
(145, 6), (223, 4), (263, 4), (325, 11), (423, 9), (573, 1), (676, 6), (725, 2), (757, 13), (838, 8), (947, 4)
(142, 6), (204, 4), (254, 4), (331, 11), (452, 9), (546, 1), (649, 6), (699, 2), (738, 13), (807, 8), (862, 4)
(116, 11), (180, 14), (204, 6), (291, 3), (347, 14), (443, 10), (514, 6), (567, 6), (628, 1), (735, 2)
(79, 14), (156, 6), (253, 12), (319, 3), (455, 7), (577, 7), (631, 13), (720, 12)
(121, 6), (226, 4), (283, 4), (366, 11), (470, 9), (644, 1), (778, 6), (805, 2), (861, 13), (969, 8), (1016, 4)
(76, 11), (176, 14), (199, 6), (296, 3), (368, 14), (469, 10), (550, 6), (580, 6), (623, 1), (736, 2)
(16, 6), (112, 9), (255, 6), (296, 9), (390, 10), (463, 6), (559, 11), (565, 2), (629, 12)
(143, 6), (253, 4), (350, 4), (423, 11), (603, 9), (753, 1), (853, 6), (913, 2), (968, 13), (1068, 8), (1176, 4)
(136, 11), (228, 14), (249, 6), (356, 3), (381, 14), (481, 10), (601, 6), (654, 6), (690, 1), (811, 2)
(39, 8), (149, 1), (201, 5), (279, 11), (440, 9), (527, 11), (640, 6), (761, 14), (884, 2), (964, 2)
(59, 14), (128, 6), (225, 12), (289, 3), (376, 7), (468, 7), (557, 13), (648, 12)
(74, 6), (174, 4), (225, 4), (308, 11), (449, 9), (605, 1), (681, 6), (707, 2), (766, 13), (867, 8), (924, 4)
(84, 11), (166, 14), (188, 6), (313, 3), (344, 14), (437, 10), (550, 6), (590, 6), (656, 1), (799, 2)
(59, 8), (168, 1), (217, 5), (274, 11), (367, 9), (442, 11), (550, 6), (614, 14), (667, 2), (759, 2)
(60, 6), (172, 9), (313, 6), (330, 9), (453, 10), (521, 6), (634, 11), (645, 2), (699, 12)
(145, 6), (240, 9), (338, 6), (381, 9), (518, 10), (587, 6), (700, 11), (720, 2), (768, 12)
(73, 14), (108, 6), (203, 12), (263, 3), (334, 7), (462, 7), (538, 13), (642, 12)
(12, 11), (132, 14), (157, 6), (233, 3), (306, 14), (404, 10), (505, 6), (552, 6), (628, 1), (759, 2)
(68, 6), (167, 4), (266, 4), (334, 11), (472, 9), (618, 1), (692, 6), (743, 2), (784, 13), (894, 8), (929, 4)
(49, 6), (140, 4), (207, 4), (276, 11), (461, 9), (626, 1), (760, 6), (789, 2), (827, 13), (898, 8), (954, 4)
(115, 8), (170, 1), (214, 5), (301, 11), (460, 9), (531, 11), (672, 6), (798, 14), (925, 2), (1002, 2)
(79, 14), (119, 6), (227, 12), (267, 3), (353, 7), (508, 7), (579, 13), (667, 12)
(20, 8), (80, 1), (128, 5), (220, 11), (357, 9), (407, 11), (518, 6), (642, 14), (733, 2), (814, 2)
(80, 6), (166, 9), (282, 6), (290, 9), (412, 10), (467, 6), (564, 11), (570, 2), (639, 12)
(121, 14), (155, 6), (246, 12), (312, 3), (455, 7), (533, 7), (621, 13), (704, 12)
(24, 8), (77, 1), (116, 5), (185, 11), (338, 9), (436, 11), (543, 6), (593, 14), (693, 2), (778, 2)
(92, 6), (205, 4), (269, 4), (338, 11), (530, 9), (636, 1), (763, 6), (818, 2), (858, 13), (920, 8), (1017, 4)
(52, 11), (166, 14), (188, 6), (297, 3), (344, 14), (442, 10), (541, 6), (605, 6), (678, 1), (791, 2)
(77, 8), (174, 1), (230, 5), (314, 11), (447, 9), (532, 11), (631, 6), (679, 14), (803, 2), (895, 2)
(114, 8), (165, 1), (195, 5), (288, 11), (439, 9), (537, 11), (630, 6), (723, 14), (778, 2), (859, 2)
(140, 8), (183, 1), (253, 5), (345, 11), (494, 9), (612, 11), (708, 6), (814, 14), (916, 2), (1004, 2)
(80, 14), (115, 6), (241, 12), (306, 3), (400, 7), (490, 7), (538, 13), (631, 12)
