5, 1, 0, 2, 1, 0, 1, 10, 9
9, 8, 12, 3, 3, 10, 6, 9, 1
5, 1, 0, 2, 1, 0, 1, 10, 9
3, 6, 0, 10, 12, 8, 0, 1, 6, 5
3, 6, 0, 10, 12, 8, 0, 1, 6, 5
11, 6, 9, 12, 8, 14, 14, 3, 10
5, 1, 0, 2, 1, 0, 1, 10, 9
3, 6, 0, 10, 12, 8, 0, 1, 6, 5
5, 2, 0, 11, 14, 4, 11, 1, 2, 6, 2
2, 0, 6, 5, 5, 8, 1, 7, 3
9, 8, 12, 3, 3, 10, 6, 9, 1
11, 7, 10, 14, 4, 12, 7, 7
3, 6, 0, 10, 12, 8, 0, 1, 6, 5
3, 6, 0, 10, 12, 8, 0, 1, 6, 5
5, 11, 3, 7, 6, 0, 5, 2
5, 11, 3, 7, 6, 0, 5, 2
11, 6, 9, 12, 8, 14, 14, 3, 10
9, 1, 10, 13, 4, 7, 14, 0, 9
11, 7, 10, 14, 4, 12, 7, 7
5, 1, 0, 2, 1, 0, 1, 10, 9
5, 1, 0, 2, 1, 0, 1, 10, 9
5, 1, 0, 2, 1, 0, 1, 10, 9
5, 11, 3, 7, 6, 0, 5, 2
11, 7, 10, 14, 4, 12, 7, 7
5, 2, 0, 11, 14, 4, 11, 1, 2, 6, 2
11, 6, 9, 12, 8, 14, 14, 3, 10
5, 11, 3, 7, 6, 0, 5, 2
2, 0, 6, 5, 5, 8, 1, 7, 3
2, 0, 6, 5, 5, 8, 1, 7, 3
11, 6, 9, 12, 8, 14, 14, 3, 10
9, 8, 12, 3, 3, 10, 6, 9, 1
5, 2, 0, 11, 14, 4, 11, 1, 2, 6, 2
11, 6, 9, 12, 8, 14, 14, 3, 10
5, 2, 0, 11, 14, 4, 11, 1, 2, 6, 2
2, 0, 6, 5, 5, 8, 1, 7, 3
5, 11, 3, 7, 6, 0, 5, 2
9, 8, 12, 3, 3, 10, 6, 9, 1
9, 8, 12, 3, 3, 10, 6, 9, 1
6, 12, 2, 5, 1, 13, 14, 11, 5, 12, 0
6, 12, 2, 5, 1, 13, 14, 11, 5, 12, 0
11, 7, 10, 14, 4, 12, 7, 7
5, 2, 0, 11, 14, 4, 11, 1, 2, 6, 2
5, 11, 3, 7, 6, 0, 5, 2
11, 6, 9, 12, 8, 14, 14, 3, 10
6, 12, 2, 5, 1, 13, 14, 11, 5, 12, 0
9, 1, 10, 13, 4, 7, 14, 0, 9
3, 6, 0, 10, 12, 8, 0, 1, 6, 5
9, 8, 12, 3, 3, 10, 6, 9, 1
11, 7, 10, 14, 4, 12, 7, 7
5, 11, 3, 7, 6, 0, 5, 2
5, 1, 0, 2, 1, 0, 1, 10, 9
5, 11, 3, 7, 6, 0, 5, 2
9, 1, 10, 13, 4, 7, 14, 0, 9
2, 0, 6, 5, 5, 8, 1, 7, 3
11, 7, 10, 14, 4, 12, 7, 7
9, 1, 10, 13, 4, 7, 14, 0, 9
6, 12, 2, 5, 1, 13, 14, 11, 5, 12, 0
11, 7, 10, 14, 4, 12, 7, 7
6, 12, 2, 5, 1, 13, 14, 11, 5, 12, 0
2, 0, 6, 5, 5, 8, 1, 7, 3
5, 11, 3, 7, 6, 0, 5, 2
5, 2, 0, 11, 14, 4, 11, 1, 2, 6, 2
11, 7, 10, 14, 4, 12, 7, 7
11, 7, 10, 14, 4, 12, 7, 7
2, 0, 6, 5, 5, 8, 1, 7, 3
6, 12, 2, 5, 1, 13, 14, 11, 5, 12, 0
3, 6, 0, 10, 12, 8, 0, 1, 6, 5
9, 1, 10, 13, 4, 7, 14, 0, 9
9, 8, 12, 3, 3, 10, 6, 9, 1
6, 12, 2, 5, 1, 13, 14, 11, 5, 12, 0
6, 12, 2, 5, 1, 13, 14, 11, 5, 12, 0
11, 6, 9, 12, 8, 14, 14, 3, 10
6, 12, 2, 5, 1, 13, 14, 11, 5, 12, 0
5, 1, 0, 2, 1, 0, 1, 10, 9
11, 6, 9, 12, 8, 14, 14, 3, 10
11, 7, 10, 14, 4, 12, 7, 7
9, 1, 10, 13, 4, 7, 14, 0, 9
9, 8, 12, 3, 3, 10, 6, 9, 1
5, 2, 0, 11, 14, 4, 11, 1, 2, 6, 2
5, 1, 0, 2, 1, 0, 1, 10, 9
9, 1, 10, 13, 4, 7, 14, 0, 9
5, 1, 0, 2, 1, 0, 1, 10, 9
5, 11, 3, 7, 6, 0, 5, 2
6, 12, 2, 5, 1, 13, 14, 11, 5, 12, 0
9, 8, 12, 3, 3, 10, 6, 9, 1
11, 7, 10, 14, 4, 12, 7, 7
9, 8, 12, 3, 3, 10, 6, 9, 1
11, 7, 10, 14, 4, 12, 7, 7
5, 1, 0, 2, 1, 0, 1, 10, 9
5, 2, 0, 11, 14, 4, 11, 1, 2, 6, 2
5, 2, 0, 11, 14, 4, 11, 1, 2, 6, 2
5, 2, 0, 11, 14, 4, 11, 1, 2, 6, 2
5, 1, 0, 2, 1, 0, 1, 10, 9
5, 11, 3, 7, 6, 0, 5, 2
11, 7, 10, 14, 4, 12, 7, 7
2, 0, 6, 5, 5, 8, 1, 7, 3
5, 1, 0, 2, 1, 0, 1, 10, 9
2, 0, 6, 5, 5, 8, 1, 7, 3
6, 12, 2, 5, 1, 13, 14, 11, 5, 12, 0
5, 11, 3, 7, 6, 0, 5, 2
11, 6, 9, 12, 8, 14, 14, 3, 10
9, 1, 10, 13, 4, 7, 14, 0, 9
3, 6, 0, 10, 12, 8, 0, 1, 6, 5
5, 1, 0, 2, 1, 0, 1, 10, 9
3, 6, 0, 10, 12, 8, 0, 1, 6, 5
11, 7, 10, 14, 4, 12, 7, 7
5, 2, 0, 11, 14, 4, 11, 1, 2, 6, 2
9, 8, 12, 3, 3, 10, 6, 9, 1
3, 6, 0, 10, 12, 8, 0, 1, 6, 5
5, 1, 0, 2, 1, 0, 1, 10, 9
11, 7, 10, 14, 4, 12, 7, 7
9, 1, 10, 13, 4, 7, 14, 0, 9
9, 1, 10, 13, 4, 7, 14, 0, 9
5, 2, 0, 11, 14, 4, 11, 1, 2, 6, 2
3, 6, 0, 10, 12, 8, 0, 1, 6, 5
9, 1, 10, 13, 4, 7, 14, 0, 9
11, 7, 10, 14, 4, 12, 7, 7
9, 8, 12, 3, 3, 10, 6, 9, 1
5, 2, 0, 11, 14, 4, 11, 1, 2, 6, 2
5, 2, 0, 11, 14, 4, 11, 1, 2, 6, 2
9, 8, 12, 3, 3, 10, 6, 9, 1
9, 8, 12, 3, 3, 10, 6, 9, 1
9, 1, 10, 13, 4, 7, 14, 0, 9
6, 12, 2, 5, 1, 13, 14, 11, 5, 12, 0
11, 6, 9, 12, 8, 14, 14, 3, 10
9, 8, 12, 3, 3, 10, 6, 9, 1
3, 6, 0, 10, 12, 8, 0, 1, 6, 5
9, 8, 12, 3, 3, 10, 6, 9, 1
9, 1, 10, 13, 4, 7, 14, 0, 9
2, 0, 6, 5, 5, 8, 1, 7, 3
6, 12, 2, 5, 1, 13, 14, 11, 5, 12, 0
9, 8, 12, 3, 3, 10, 6, 9, 1
5, 1, 0, 2, 1, 0, 1, 10, 9
5, 2, 0, 11, 14, 4, 11, 1, 2, 6, 2
11, 6, 9, 12, 8, 14, 14, 3, 10
11, 6, 9, 12, 8, 14, 14, 3, 10
3, 6, 0, 10, 12, 8, 0, 1, 6, 5
5, 11, 3, 7, 6, 0, 5, 2
5, 11, 3, 7, 6, 0, 5, 2
9, 1, 10, 13, 4, 7, 14, 0, 9
6, 12, 2, 5, 1, 13, 14, 11, 5, 12, 0
11, 7, 10, 14, 4, 12, 7, 7
11, 7, 10, 14, 4, 12, 7, 7
9, 8, 12, 3, 3, 10, 6, 9, 1
11, 7, 10, 14, 4, 12, 7, 7
6, 12, 2, 5, 1, 13, 14, 11, 5, 12, 0
6, 12, 2, 5, 1, 13, 14, 11, 5, 12, 0
9, 1, 10, 13, 4, 7, 14, 0, 9
9, 1, 10, 13, 4, 7, 14, 0, 9
3, 6, 0, 10, 12, 8, 0, 1, 6, 5
3, 6, 0, 10, 12, 8, 0, 1, 6, 5
5, 1, 0, 2, 1, 0, 1, 10, 9
5, 2, 0, 11, 14, 4, 11, 1, 2, 6, 2
11, 6, 9, 12, 8, 14, 14, 3, 10
11, 6, 9, 12, 8, 14, 14, 3, 10
11, 7, 10, 14, 4, 12, 7, 7
9, 8, 12, 3, 3, 10, 6, 9, 1
3, 6, 0, 10, 12, 8, 0, 1, 6, 5
11, 7, 10, 14, 4, 12, 7, 7
11, 6, 9, 12, 8, 14, 14, 3, 10
11, 7, 10, 14, 4, 12, 7, 7
11, 7, 10, 14, 4, 12, 7, 7
9, 1, 10, 13, 4, 7, 14, 0, 9
11, 6, 9, 12, 8, 14, 14, 3, 10
9, 8, 12, 3, 3, 10, 6, 9, 1
9, 8, 12, 3, 3, 10, 6, 9, 1
5, 2, 0, 11, 14, 4, 11, 1, 2, 6, 2
9, 1, 10, 13, 4, 7, 14, 0, 9
5, 1, 0, 2, 1, 0, 1, 10, 9
5, 11, 3, 7, 6, 0, 5, 2
5, 11, 3, 7, 6, 0, 5, 2
5, 11, 3, 7, 6, 0, 5, 2
11, 7, 10, 14, 4, 12, 7, 7
5, 1, 0, 2, 1, 0, 1, 10, 9
5, 11, 3, 7, 6, 0, 5, 2
11, 6, 9, 12, 8, 14, 14, 3, 10
5, 1, 0, 2, 1, 0, 1, 10, 9
11, 6, 9, 12, 8, 14, 14, 3, 10
5, 1, 0, 2, 1, 0, 1, 10, 9
6, 12, 2, 5, 1, 13, 14, 11, 5, 12, 0
6, 12, 2, 5, 1, 13, 14, 11, 5, 12, 0
11, 7, 10, 14, 4, 12, 7, 7
3, 6, 0, 10, 12, 8, 0, 1, 6, 5
5, 11, 3, 7, 6, 0, 5, 2
2, 0, 6, 5, 5, 8, 1, 7, 3
6, 12, 2, 5, 1, 13, 14, 11, 5, 12, 0
5, 1, 0, 2, 1, 0, 1, 10, 9
5, 2, 0, 11, 14, 4, 11, 1, 2, 6, 2
9, 8, 12, 3, 3, 10, 6, 9, 1
5, 2, 0, 11, 14, 4, 11, 1, 2, 6, 2
2, 0, 6, 5, 5, 8, 1, 7, 3
9, 8, 12, 3, 3, 10, 6, 9, 1
5, 2, 0, 11, 14, 4, 11, 1, 2, 6, 2
5, 11, 3, 7, 6, 0, 5, 2
9, 8, 12, 3, 3, 10, 6, 9, 1
5, 11, 3, 7, 6, 0, 5, 2
6, 12, 2, 5, 1, 13, 14, 11, 5, 12, 0
2, 0, 6, 5, 5, 8, 1, 7, 3
3, 6, 0, 10, 12, 8, 0, 1, 6, 5
5, 1, 0, 2, 1, 0, 1, 10, 9
9, 1, 10, 13, 4, 7, 14, 0, 9
9, 8, 12, 3, 3, 10, 6, 9, 1
5, 11, 3, 7, 6, 0, 5, 2
5, 2, 0, 11, 14, 4, 11, 1, 2, 6, 2
3, 6, 0, 10, 12, 8, 0, 1, 6, 5
5, 11, 3, 7, 6, 0, 5, 2
5, 2, 0, 11, 14, 4, 11, 1, 2, 6, 2
2, 0, 6, 5, 5, 8, 1, 7, 3
2, 0, 6, 5, 5, 8, 1, 7, 3
3, 6, 0, 10, 12, 8, 0, 1, 6, 5
9, 8, 12, 3, 3, 10, 6, 9, 1
3, 6, 0, 10, 12, 8, 0, 1, 6, 5
6, 12, 2, 5, 1, 13, 14, 11, 5, 12, 0
9, 8, 12, 3, 3, 10, 6, 9, 1
6, 12, 2, 5, 1, 13, 14, 11, 5, 12, 0
6, 12, 2, 5, 1, 13, 14, 11, 5, 12, 0
3, 6, 0, 10, 12, 8, 0, 1, 6, 5
2, 0, 6, 5, 5, 8, 1, 7, 3
5, 2, 0, 11, 14, 4, 11, 1, 2, 6, 2
5, 11, 3, 7, 6, 0, 5, 2
9, 1, 10, 13, 4, 7, 14, 0, 9
5, 1, 0, 2, 1, 0, 1, 10, 9
3, 6, 0, 10, 12, 8, 0, 1, 6, 5
2, 0, 6, 5, 5, 8, 1, 7, 3
2, 0, 6, 5, 5, 8, 1, 7, 3
5, 1, 0, 2, 1, 0, 1, 10, 9
9, 8, 12, 3, 3, 10, 6, 9, 1
11, 6, 9, 12, 8, 14, 14, 3, 10
11, 6, 9, 12, 8, 14, 14, 3, 10
11, 7, 10, 14, 4, 12, 7, 7
9, 8, 12, 3, 3, 10, 6, 9, 1
2, 0, 6, 5, 5, 8, 1, 7, 3
3, 6, 0, 10, 12, 8, 0, 1, 6, 5
6, 12, 2, 5, 1, 13, 14, 11, 5, 12, 0
5, 1, 0, 2, 1, 0, 1, 10, 9
5, 1, 0, 2, 1, 0, 1, 10, 9
2, 0, 6, 5, 5, 8, 1, 7, 3
3, 6, 0, 10, 12, 8, 0, 1, 6, 5
5, 2, 0, 11, 14, 4, 11, 1, 2, 6, 2
3, 6, 0, 10, 12, 8, 0, 1, 6, 5
11, 7, 10, 14, 4, 12, 7, 7
11, 7, 10, 14, 4, 12, 7, 7
5, 1, 0, 2, 1, 0, 1, 10, 9
5, 2, 0, 11, 14, 4, 11, 1, 2, 6, 2
6, 12, 2, 5, 1, 13, 14, 11, 5, 12, 0
9, 8, 12, 3, 3, 10, 6, 9, 1
11, 6, 9, 12, 8, 14, 14, 3, 10
11, 6, 9, 12, 8, 14, 14, 3, 10
11, 7, 10, 14, 4, 12, 7, 7
5, 1, 0, 2, 1, 0, 1, 10, 9
5, 2, 0, 11, 14, 4, 11, 1, 2, 6, 2
2, 0, 6, 5, 5, 8, 1, 7, 3
2, 0, 6, 5, 5, 8, 1, 7, 3
9, 1, 10, 13, 4, 7, 14, 0, 9
9, 1, 10, 13, 4, 7, 14, 0, 9
9, 8, 12, 3, 3, 10, 6, 9, 1
11, 7, 10, 14, 4, 12, 7, 7
5, 2, 0, 11, 14, 4, 11, 1, 2, 6, 2
3, 6, 0, 10, 12, 8, 0, 1, 6, 5
2, 0, 6, 5, 5, 8, 1, 7, 3
3, 6, 0, 10, 12, 8, 0, 1, 6, 5
3, 6, 0, 10, 12, 8, 0, 1, 6, 5
9, 8, 12, 3, 3, 10, 6, 9, 1
9, 1, 10, 13, 4, 7, 14, 0, 9
5, 11, 3, 7, 6, 0, 5, 2
5, 11, 3, 7, 6, 0, 5, 2
11, 7, 10, 14, 4, 12, 7, 7
2, 0, 6, 5, 5, 8, 1, 7, 3
9, 8, 12, 3, 3, 10, 6, 9, 1
9, 8, 12, 3, 3, 10, 6, 9, 1
5, 2, 0, 11, 14, 4, 11, 1, 2, 6, 2
9, 1, 10, 13, 4, 7, 14, 0, 9
9, 1, 10, 13, 4, 7, 14, 0, 9
6, 12, 2, 5, 1, 13, 14, 11, 5, 12, 0
9, 8, 12, 3, 3, 10, 6, 9, 1
5, 11, 3, 7, 6, 0, 5, 2
5, 11, 3, 7, 6, 0, 5, 2
3, 6, 0, 10, 12, 8, 0, 1, 6, 5
9, 8, 12, 3, 3, 10, 6, 9, 1
5, 1, 0, 2, 1, 0, 1, 10, 9
5, 11, 3, 7, 6, 0, 5, 2
9, 8, 12, 3, 3, 10, 6, 9, 1
11, 6, 9, 12, 8, 14, 14, 3, 10
5, 1, 0, 2, 1, 0, 1, 10, 9
5, 11, 3, 7, 6, 0, 5, 2
6, 12, 2, 5, 1, 13, 14, 11, 5, 12, 0
5, 2, 0, 11, 14, 4, 11, 1, 2, 6, 2
5, 1, 0, 2, 1, 0, 1, 10, 9
5, 1, 0, 2, 1, 0, 1, 10, 9
6, 12, 2, 5, 1, 13, 14, 11, 5, 12, 0
5, 11, 3, 7, 6, 0, 5, 2
11, 6, 9, 12, 8, 14, 14, 3, 10
11, 7, 10, 14, 4, 12, 7, 7
9, 8, 12, 3, 3, 10, 6, 9, 1
6, 12, 2, 5, 1, 13, 14, 11, 5, 12, 0
5, 11, 3, 7, 6, 0, 5, 2
5, 2, 0, 11, 14, 4, 11, 1, 2, 6, 2
11, 7, 10, 14, 4, 12, 7, 7
11, 6, 9, 12, 8, 14, 14, 3, 10
9, 1, 10, 13, 4, 7, 14, 0, 9
