(9, 18), (107, 15), (220, 37), (286, 26), (367, 37), (381, 23), (461, 3), (606, 14), (691, 32), (803, 1), (882, 25), (1007, 14), (1054, 28), (1192, 31), (1290, 13), (1404, 16), (1512, 10), (1628, 4), (1649, 1)
(131, 26), (218, 14), (318, 15), (413, 31), (505, 31), (586, 22), (689, 5), (790, 12), (877, 31), (946, 37), (1035, 12), (1138, 23), (1212, 28), (1313, 7), (1340, 5), (1431, 35), (1486, 9)
(138, 35), (170, 28), (249, 5), (256, 38), (288, 38), (341, 25), (460, 15), (517, 11), (601, 23), (626, 27), (701, 32), (739, 30), (760, 35), (802, 2), (826, 25), (861, 31), (955, 1), (1041, 30), (1047, 14), (1090, 28), (1157, 26)
(30, 33), (120, 37), (210, 28), (248, 24), (268, 35), (358, 28), (406, 23), (528, 18), (580, 2), (643, 16), (737, 18), (874, 6), (906, 10), (974, 28), (1015, 33), (1137, 24), (1227, 4), (1294, 28), (1361, 11), (1452, 18)
(51, 19), (120, 10), (190, 27), (238, 6), (322, 2), (356, 29), (443, 29), (555, 36), (659, 14), (757, 28), (859, 38), (895, 39), (990, 1), (1034, 14), (1107, 21), (1128, 30), (1300, 39), (1354, 1)
(145, 7), (175, 19), (206, 22), (286, 19), (314, 22), (385, 5), (438, 15), (518, 25), (613, 22), (634, 21), (688, 6), (809, 31), (845, 8), (877, 36), (955, 20), (984, 25), (1085, 15), (1162, 26), (1238, 28)
(9, 18), (90, 15), (221, 37), (305, 26), (356, 37), (370, 23), (456, 3), (566, 14), (636, 32), (741, 1), (815, 25), (982, 14), (1011, 28), (1120, 31), (1233, 13), (1295, 16), (1407, 10), (1475, 4), (1501, 1)
(56, 33), (144, 37), (254, 28), (289, 24), (296, 35), (419, 28), (467, 23), (613, 18), (662, 2), (727, 16), (822, 18), (914, 6), (937, 10), (1003, 28), (1121, 33), (1188, 24), (1316, 4), (1356, 28), (1397, 11), (1530, 18)
(39, 36), (193, 32), (314, 26), (436, 26), (510, 16), (642, 38), (744, 24), (830, 1), (881, 16), (991, 35), (1102, 2), (1176, 12), (1254, 38), (1428, 12), (1524, 22), (1599, 19), (1658, 19), (1688, 20), (1793, 29), (1877, 1), (1895, 36), (1925, 27)
(23, 36), (169, 32), (278, 26), (400, 26), (465, 16), (568, 38), (652, 24), (716, 1), (771, 16), (903, 35), (992, 2), (1064, 12), (1099, 38), (1290, 12), (1391, 22), (1437, 19), (1503, 19), (1539, 20), (1662, 29), (1749, 1), (1773, 36), (1842, 27)
(36, 7), (77, 19), (110, 22), (192, 19), (221, 22), (271, 5), (298, 15), (401, 25), (503, 22), (523, 21), (579, 6), (663, 31), (708, 8), (782, 36), (875, 20), (902, 25), (1025, 15), (1091, 26), (1168, 28)
(72, 36), (212, 32), (322, 26), (388, 26), (463, 16), (560, 38), (659, 24), (775, 1), (844, 16), (995, 35), (1083, 2), (1157, 12), (1229, 38), (1343, 12), (1439, 22), (1537, 19), (1607, 19), (1647, 20), (1718, 29), (1802, 1), (1827, 36), (1866, 27)
(146, 36), (243, 13), (342, 5), (491, 10), (595, 20), (641, 13), (708, 33), (790, 13), (872, 16), (992, 16), (1034, 5), (1088, 16), (1166, 31), (1260, 27), (1343, 34), (1424, 3), (1495, 37), (1645, 35), (1797, 34)
(78, 26), (160, 14), (293, 15), (397, 31), (488, 31), (568, 22), (679, 5), (804, 12), (891, 31), (971, 37), (1040, 12), (1146, 23), (1184, 28), (1275, 7), (1314, 5), (1404, 35), (1511, 9)
(77, 30), (98, 35), (127, 12), (155, 35), (236, 2), (265, 7), (295, 18), (319, 31), (399, 13), (519, 19), (610, 10), (681, 10), (788, 11), (804, 23), (885, 35), (956, 4), (1067, 26), (1185, 2), (1216, 6), (1280, 21)
(64, 31), (138, 15), (169, 16), (196, 9), (298, 34), (389, 32), (481, 25), (585, 16), (676, 21), (742, 3), (818, 22), (952, 2), (1022, 4), (1094, 39), (1157, 15), (1225, 25), (1301, 15), (1381, 36), (1470, 6), (1556, 28), (1579, 11), (1693, 16), (1716, 20)
(61, 5), (121, 9), (251, 24), (319, 1), (388, 38), (410, 12), (474, 6), (499, 15), (555, 4), (657, 7), (830, 3), (875, 0), (977, 3), (1018, 0), (1087, 30), (1170, 32)
(86, 30), (108, 35), (114, 12), (171, 35), (253, 2), (320, 7), (427, 18), (439, 31), (510, 13), (621, 19), (766, 10), (790, 10), (915, 11), (937, 23), (1025, 35), (1099, 4), (1161, 26), (1287, 2), (1335, 6), (1409, 21)
(47, 19), (87, 10), (157, 27), (166, 6), (247, 2), (285, 29), (390, 29), (493, 36), (615, 14), (732, 28), (813, 38), (857, 39), (929, 1), (982, 14), (1043, 21), (1109, 30), (1220, 39), (1270, 1)
(126, 26), (222, 24), (284, 37), (347, 39), (431, 5), (515, 20), (529, 9), (623, 11), (673, 22), (718, 36), (881, 20), (995, 5), (1020, 31), (1102, 2), (1136, 3), (1170, 18), (1194, 11), (1299, 31), (1392, 38)
(9, 19), (53, 10), (130, 27), (199, 6), (297, 2), (331, 29), (432, 29), (574, 36), (673, 14), (781, 28), (859, 38), (890, 39), (986, 1), (1031, 14), (1090, 21), (1148, 30), (1257, 39), (1288, 1)
(5, 5), (76, 9), (149, 24), (228, 1), (303, 38), (325, 12), (395, 6), (472, 15), (504, 4), (627, 7), (760, 3), (795, 0), (864, 3), (893, 0), (953, 30), (996, 32)
(92, 18), (196, 15), (297, 37), (361, 26), (407, 37), (420, 23), (504, 3), (640, 14), (743, 32), (837, 1), (955, 25), (1073, 14), (1138, 28), (1223, 31), (1350, 13), (1457, 16), (1554, 10), (1645, 4), (1668, 1)
(62, 18), (161, 15), (316, 37), (410, 26), (490, 37), (502, 23), (578, 3), (694, 14), (779, 32), (880, 1), (992, 25), (1114, 14), (1174, 28), (1277, 31), (1364, 13), (1433, 16), (1524, 10), (1643, 4), (1653, 1)
(100, 37), (160, 15), (284, 35), (361, 23), (451, 12), (583, 27), (708, 36), (803, 39), (895, 1), (938, 24), (1031, 2), (1137, 6), (1145, 28), (1244, 4), (1317, 24), (1361, 3), (1407, 38), (1476, 17), (1535, 5), (1612, 33)
(49, 7), (90, 19), (104, 22), (188, 19), (216, 22), (263, 5), (302, 15), (421, 25), (524, 22), (542, 21), (600, 6), (719, 31), (768, 8), (790, 36), (872, 20), (900, 25), (1008, 15), (1127, 26), (1205, 28)
(127, 33), (221, 37), (339, 28), (388, 24), (407, 35), (495, 28), (560, 23), (663, 18), (731, 2), (799, 16), (852, 18), (977, 6), (1002, 10), (1063, 28), (1113, 33), (1182, 24), (1280, 4), (1355, 28), (1419, 11), (1537, 18)
(76, 7), (116, 19), (142, 22), (221, 19), (249, 22), (332, 5), (376, 15), (462, 25), (579, 22), (600, 21), (657, 6), (742, 31), (785, 8), (859, 36), (946, 20), (976, 25), (1111, 15), (1209, 26), (1289, 28)
(145, 34), (244, 23), (362, 9), (416, 19), (456, 36), (516, 39), (599, 9), (708, 29), (814, 4), (931, 5), (959, 36), (1008, 18), (1078, 8), (1155, 31), (1184, 17), (1192, 13), (1257, 33), (1338, 16), (1387, 0), (1421, 29)
(68, 23), (156, 11), (215, 27), (319, 36), (365, 34), (397, 19), (502, 22), (559, 23), (627, 38), (716, 6), (781, 0), (815, 1), (945, 21), (988, 7), (1045, 15), (1075, 37), (1166, 15), (1269, 0)
(75, 36), (187, 32), (288, 26), (374, 26), (470, 16), (580, 38), (680, 24), (802, 1), (861, 16), (1018, 35), (1108, 2), (1182, 12), (1261, 38), (1384, 12), (1481, 22), (1535, 19), (1642, 19), (1666, 20), (1784, 29), (1871, 1), (1891, 36), (1924, 27)
(139, 33), (235, 18), (292, 12), (389, 37), (403, 9), (546, 33), (641, 31), (748, 38), (776, 14), (883, 9), (909, 1), (994, 29), (1058, 39), (1077, 7), (1162, 36), (1240, 7), (1286, 6), (1315, 39), (1332, 35), (1390, 3), (1466, 19), (1547, 21)
(86, 34), (189, 23), (326, 9), (371, 19), (409, 36), (502, 39), (585, 9), (729, 29), (826, 4), (883, 5), (907, 36), (947, 18), (1055, 8), (1170, 31), (1205, 17), (1218, 13), (1240, 33), (1320, 16), (1349, 0), (1388, 29)
(27, 11), (57, 4), (106, 28), (192, 4), (225, 34), (317, 31), (416, 30), (514, 7), (536, 12), (591, 10), (687, 39), (763, 0), (871, 5), (968, 21), (1100, 24), (1139, 18), (1251, 30), (1365, 31), (1451, 4), (1527, 25), (1582, 11)
(96, 34), (178, 23), (291, 9), (345, 19), (382, 36), (412, 39), (495, 9), (618, 29), (717, 4), (826, 5), (839, 36), (879, 18), (923, 8), (1028, 31), (1068, 17), (1080, 13), (1093, 33), (1172, 16), (1211, 0), (1259, 29)
(74, 18), (155, 15), (241, 37), (317, 26), (408, 37), (419, 23), (492, 3), (617, 14), (691, 32), (808, 1), (904, 25), (1077, 14), (1155, 28), (1255, 31), (1379, 13), (1475, 16), (1565, 10), (1685, 4), (1708, 1)
(84, 34), (178, 23), (315, 9), (372, 19), (416, 36), (446, 39), (529, 9), (670, 29), (791, 4), (860, 5), (878, 36), (929, 18), (961, 8), (1072, 31), (1101, 17), (1112, 13), (1180, 33), (1259, 16), (1283, 0), (1329, 29)
(139, 11), (185, 4), (228, 28), (316, 4), (351, 34), (455, 31), (572, 30), (662, 7), (691, 12), (704, 10), (778, 39), (864, 0), (947, 5), (1002, 21), (1086, 24), (1110, 18), (1217, 30), (1330, 31), (1429, 4), (1520, 25), (1574, 11)
(49, 36), (142, 32), (238, 26), (291, 26), (318, 16), (422, 38), (546, 24), (643, 1), (705, 16), (858, 35), (944, 2), (1018, 12), (1066, 38), (1218, 12), (1316, 22), (1380, 19), (1482, 19), (1548, 20), (1641, 29), (1724, 1), (1748, 36), (1815, 27)
(1, 35), (148, 29), (178, 3), (267, 4), (376, 34), (541, 29), (610, 20), (778, 6), (816, 3), (844, 37), (923, 36), (971, 28), (1049, 30), (1110, 24), (1135, 38), (1233, 23), (1376, 1), (1425, 34), (1472, 13), (1503, 17)
(2, 26), (121, 24), (160, 37), (233, 39), (320, 5), (429, 20), (483, 9), (556, 11), (597, 22), (711, 36), (842, 20), (974, 5), (1002, 31), (1101, 2), (1131, 3), (1198, 18), (1222, 11), (1397, 31), (1541, 38)
(73, 26), (190, 24), (255, 37), (349, 39), (418, 5), (497, 20), (545, 9), (606, 11), (639, 22), (735, 36), (826, 20), (929, 5), (965, 31), (1057, 2), (1110, 3), (1140, 18), (1164, 11), (1278, 31), (1395, 38)
(141, 35), (183, 28), (301, 5), (309, 38), (328, 38), (412, 25), (524, 15), (570, 11), (658, 23), (721, 27), (789, 32), (805, 30), (828, 35), (869, 2), (881, 25), (892, 31), (1016, 1), (1134, 30), (1153, 14), (1202, 28), (1263, 26)
(119, 23), (191, 11), (227, 27), (343, 36), (389, 34), (421, 19), (524, 22), (580, 23), (660, 38), (750, 6), (822, 0), (870, 1), (1002, 21), (1068, 7), (1133, 15), (1211, 37), (1271, 15), (1371, 0)
(102, 26), (229, 24), (279, 37), (340, 39), (403, 5), (484, 20), (513, 9), (581, 11), (644, 22), (725, 36), (844, 20), (940, 5), (962, 31), (1064, 2), (1093, 3), (1174, 18), (1199, 11), (1296, 31), (1448, 38)
(116, 30), (137, 35), (173, 12), (234, 35), (318, 2), (373, 7), (410, 18), (420, 31), (498, 13), (603, 19), (690, 10), (759, 10), (870, 11), (882, 23), (967, 35), (1010, 4), (1074, 26), (1217, 2), (1238, 6), (1288, 21)
(20, 30), (42, 35), (50, 12), (91, 35), (182, 2), (248, 7), (291, 18), (309, 31), (380, 13), (504, 19), (661, 10), (707, 10), (810, 11), (829, 23), (911, 35), (963, 4), (1045, 26), (1145, 2), (1176, 6), (1207, 21)
(54, 7), (95, 19), (126, 22), (206, 19), (235, 22), (312, 5), (358, 15), (476, 25), (566, 22), (586, 21), (640, 6), (729, 31), (763, 8), (792, 36), (874, 20), (901, 25), (1038, 15), (1138, 26), (1211, 28)
(92, 17), (186, 15), (256, 33), (284, 7), (287, 30), (422, 0), (487, 24), (580, 27), (707, 4), (845, 15), (887, 28), (983, 24), (1030, 24), (1111, 16), (1212, 37), (1265, 24), (1364, 36), (1420, 9), (1529, 5)
(99, 17), (175, 15), (234, 33), (265, 7), (268, 30), (391, 0), (437, 24), (508, 27), (590, 4), (725, 15), (762, 28), (853, 24), (909, 24), (982, 16), (1119, 37), (1172, 24), (1273, 36), (1316, 9), (1402, 5)
(23, 36), (123, 32), (233, 26), (350, 26), (390, 16), (507, 38), (605, 24), (705, 1), (755, 16), (910, 35), (1007, 2), (1083, 12), (1122, 38), (1288, 12), (1386, 22), (1444, 19), (1500, 19), (1552, 20), (1686, 29), (1769, 1), (1791, 36), (1855, 27)
(103, 33), (210, 18), (282, 12), (381, 37), (394, 9), (507, 33), (554, 31), (642, 38), (724, 14), (801, 9), (848, 1), (892, 29), (973, 39), (989, 7), (1103, 36), (1184, 7), (1261, 6), (1292, 39), (1308, 35), (1393, 3), (1502, 19), (1590, 21)
(81, 35), (195, 29), (221, 3), (328, 4), (436, 34), (600, 29), (670, 20), (776, 6), (836, 3), (906, 37), (1023, 36), (1074, 28), (1092, 30), (1152, 24), (1179, 38), (1277, 23), (1410, 1), (1488, 34), (1567, 13), (1589, 17)
(71, 26), (178, 24), (247, 37), (307, 39), (334, 5), (435, 20), (471, 9), (537, 11), (583, 22), (695, 36), (808, 20), (922, 5), (943, 31), (1050, 2), (1083, 3), (1113, 18), (1139, 11), (1234, 31), (1335, 38)
(125, 26), (137, 28), (177, 22), (271, 31), (342, 1), (432, 18), (439, 13), (529, 37), (593, 19), (704, 15), (750, 26), (812, 39), (921, 1), (1028, 34), (1059, 21), (1107, 7), (1221, 35), (1301, 25)
(12, 26), (19, 28), (76, 22), (169, 31), (253, 1), (329, 18), (368, 13), (490, 37), (558, 19), (691, 15), (737, 26), (746, 39), (812, 1), (905, 34), (919, 21), (999, 7), (1111, 35), (1183, 25)
(52, 35), (101, 28), (178, 5), (183, 38), (205, 38), (261, 25), (383, 15), (446, 11), (501, 23), (513, 27), (581, 32), (616, 30), (637, 35), (710, 2), (730, 25), (763, 31), (883, 1), (1027, 30), (1033, 14), (1115, 28), (1191, 26)
(104, 23), (185, 11), (207, 27), (303, 36), (350, 34), (389, 19), (490, 22), (545, 23), (621, 38), (715, 6), (777, 0), (806, 1), (932, 21), (1002, 7), (1053, 15), (1100, 37), (1169, 15), (1243, 0)
(51, 35), (85, 28), (179, 5), (186, 38), (201, 38), (252, 25), (325, 15), (369, 11), (394, 23), (447, 27), (522, 32), (558, 30), (581, 35), (676, 2), (681, 25), (744, 31), (851, 1), (1000, 30), (1009, 14), (1051, 28), (1077, 26)
(55, 18), (138, 15), (272, 37), (374, 26), (490, 37), (501, 23), (588, 3), (762, 14), (866, 32), (956, 1), (1047, 25), (1181, 14), (1224, 28), (1369, 31), (1466, 13), (1543, 16), (1641, 10), (1722, 4), (1730, 1)
(96, 17), (174, 15), (233, 33), (268, 7), (271, 30), (436, 0), (472, 24), (570, 27), (683, 4), (825, 15), (875, 28), (969, 24), (1023, 24), (1090, 16), (1221, 37), (1337, 24), (1436, 36), (1484, 9), (1567, 5)
(27, 37), (40, 15), (91, 35), (178, 23), (265, 12), (401, 27), (523, 36), (600, 39), (689, 1), (782, 24), (839, 2), (932, 6), (939, 28), (1028, 4), (1103, 24), (1144, 3), (1203, 38), (1276, 17), (1336, 5), (1418, 33)
(99, 18), (205, 15), (341, 37), (421, 26), (479, 37), (493, 23), (569, 3), (707, 14), (812, 32), (927, 1), (1061, 25), (1197, 14), (1225, 28), (1350, 31), (1478, 13), (1537, 16), (1616, 10), (1753, 4), (1773, 1)
(135, 11), (165, 4), (205, 28), (291, 4), (327, 34), (457, 31), (527, 30), (642, 7), (677, 12), (723, 10), (768, 39), (854, 0), (924, 5), (1009, 21), (1127, 24), (1156, 18), (1256, 30), (1319, 31), (1406, 4), (1417, 25), (1482, 11)
(97, 31), (194, 15), (236, 16), (248, 9), (342, 34), (438, 32), (490, 25), (593, 16), (757, 21), (846, 3), (895, 22), (1017, 2), (1064, 4), (1092, 39), (1139, 15), (1301, 25), (1376, 15), (1472, 36), (1560, 6), (1648, 28), (1671, 11), (1713, 16), (1737, 20)
(111, 7), (137, 19), (177, 22), (258, 19), (287, 22), (348, 5), (404, 15), (515, 25), (592, 22), (610, 21), (664, 6), (766, 31), (809, 8), (826, 36), (914, 20), (942, 25), (1077, 15), (1165, 26), (1241, 28)
(124, 26), (215, 24), (280, 37), (390, 39), (450, 5), (541, 20), (560, 9), (627, 11), (661, 22), (763, 36), (882, 20), (1033, 5), (1067, 31), (1144, 2), (1190, 3), (1251, 18), (1279, 11), (1440, 31), (1515, 38)
(92, 31), (186, 15), (228, 16), (270, 9), (364, 34), (422, 32), (487, 25), (597, 16), (774, 21), (827, 3), (878, 22), (959, 2), (992, 4), (1059, 39), (1106, 15), (1257, 25), (1333, 15), (1426, 36), (1509, 6), (1586, 28), (1603, 11), (1690, 16), (1713, 20)
(87, 26), (173, 24), (240, 37), (329, 39), (379, 5), (470, 20), (504, 9), (592, 11), (641, 22), (709, 36), (812, 20), (928, 5), (964, 31), (1052, 2), (1096, 3), (1188, 18), (1214, 11), (1396, 31), (1513, 38)
(118, 19), (180, 10), (253, 27), (260, 6), (356, 2), (390, 29), (483, 29), (626, 36), (751, 14), (873, 28), (958, 38), (1041, 39), (1142, 1), (1193, 14), (1271, 21), (1304, 30), (1430, 39), (1458, 1)
(63, 35), (129, 28), (210, 5), (215, 38), (241, 38), (323, 25), (397, 15), (452, 11), (525, 23), (550, 27), (618, 32), (650, 30), (671, 35), (779, 2), (790, 25), (869, 31), (996, 1), (1092, 30), (1111, 14), (1192, 28), (1254, 26)
(48, 26), (137, 14), (255, 15), (331, 31), (425, 31), (506, 22), (609, 5), (730, 12), (799, 31), (866, 37), (987, 12), (1065, 23), (1138, 28), (1242, 7), (1279, 5), (1342, 35), (1438, 9)
(7, 34), (101, 23), (239, 9), (275, 19), (316, 36), (365, 39), (448, 9), (539, 29), (639, 4), (743, 5), (774, 36), (822, 18), (895, 8), (985, 31), (1011, 17), (1019, 13), (1040, 33), (1121, 16), (1206, 0), (1245, 29)
(125, 19), (195, 10), (265, 27), (286, 6), (354, 2), (388, 29), (478, 29), (571, 36), (706, 14), (821, 28), (918, 38), (953, 39), (1052, 1), (1094, 14), (1170, 21), (1197, 30), (1322, 39), (1377, 1)
(34, 33), (110, 18), (184, 12), (285, 37), (297, 9), (409, 33), (472, 31), (576, 38), (595, 14), (711, 9), (758, 1), (771, 29), (858, 39), (875, 7), (957, 36), (1022, 7), (1088, 6), (1122, 39), (1148, 35), (1244, 3), (1318, 19), (1399, 21)
(131, 30), (152, 35), (187, 12), (221, 35), (303, 2), (360, 7), (420, 18), (434, 31), (508, 13), (603, 19), (754, 10), (787, 10), (932, 11), (953, 23), (1038, 35), (1068, 4), (1106, 26), (1266, 2), (1318, 6), (1355, 21)
(93, 26), (226, 24), (291, 37), (358, 39), (437, 5), (547, 20), (570, 9), (669, 11), (726, 22), (829, 36), (918, 20), (1060, 5), (1098, 31), (1190, 2), (1233, 3), (1314, 18), (1339, 11), (1450, 31), (1600, 38)
(67, 36), (162, 13), (268, 5), (382, 10), (469, 20), (522, 13), (597, 33), (683, 13), (758, 16), (901, 16), (955, 5), (997, 16), (1074, 31), (1154, 27), (1178, 34), (1272, 3), (1356, 37), (1457, 35), (1579, 34)
(131, 35), (259, 29), (289, 3), (367, 4), (477, 34), (592, 29), (642, 20), (724, 6), (791, 3), (850, 37), (928, 36), (975, 28), (1011, 30), (1067, 24), (1095, 38), (1194, 23), (1331, 1), (1370, 34), (1416, 13), (1447, 17)
(82, 19), (154, 10), (223, 27), (248, 6), (340, 2), (374, 29), (478, 29), (567, 36), (673, 14), (794, 28), (881, 38), (945, 39), (1041, 1), (1090, 14), (1140, 21), (1209, 30), (1331, 39), (1373, 1)
(62, 35), (205, 29), (216, 3), (318, 4), (422, 34), (567, 29), (636, 20), (769, 6), (811, 3), (874, 37), (993, 36), (1042, 28), (1061, 30), (1124, 24), (1157, 38), (1256, 23), (1387, 1), (1432, 34), (1481, 13), (1516, 17)
(80, 17), (145, 15), (210, 33), (228, 7), (231, 30), (348, 0), (411, 24), (521, 27), (649, 4), (796, 15), (871, 28), (959, 24), (1017, 24), (1067, 16), (1172, 37), (1249, 24), (1350, 36), (1412, 9), (1517, 5)
(83, 33), (166, 37), (260, 28), (295, 24), (304, 35), (404, 28), (451, 23), (626, 18), (645, 2), (709, 16), (762, 18), (902, 6), (922, 10), (981, 28), (1100, 33), (1223, 24), (1368, 4), (1385, 28), (1435, 11), (1555, 18)
(3, 33), (86, 37), (170, 28), (207, 24), (224, 35), (321, 28), (387, 23), (538, 18), (637, 2), (703, 16), (745, 18), (886, 6), (930, 10), (1015, 28), (1100, 33), (1211, 24), (1353, 4), (1377, 28), (1432, 11), (1527, 18)
(28, 36), (166, 32), (265, 26), (337, 26), (367, 16), (492, 38), (553, 24), (629, 1), (688, 16), (799, 35), (890, 2), (964, 12), (1001, 38), (1154, 12), (1250, 22), (1315, 19), (1412, 19), (1474, 20), (1557, 29), (1643, 1), (1667, 36), (1731, 27)
(69, 35), (221, 29), (246, 3), (349, 4), (450, 34), (571, 29), (624, 20), (780, 6), (818, 3), (905, 37), (1017, 36), (1065, 28), (1115, 30), (1178, 24), (1208, 38), (1309, 23), (1416, 1), (1471, 34), (1522, 13), (1545, 17)
(33, 17), (108, 15), (176, 33), (186, 7), (189, 30), (358, 0), (393, 24), (472, 27), (606, 4), (739, 15), (817, 28), (916, 24), (981, 24), (1054, 16), (1186, 37), (1249, 24), (1349, 36), (1392, 9), (1473, 5)
(106, 26), (190, 14), (330, 15), (446, 31), (539, 31), (619, 22), (710, 5), (817, 12), (891, 31), (973, 37), (1066, 12), (1178, 23), (1230, 28), (1334, 7), (1371, 5), (1431, 35), (1527, 9)
(70, 18), (150, 15), (243, 37), (318, 26), (405, 37), (419, 23), (504, 3), (611, 14), (708, 32), (821, 1), (920, 25), (1042, 14), (1088, 28), (1222, 31), (1347, 13), (1459, 16), (1533, 10), (1594, 4), (1611, 1)
(9, 11), (49, 4), (82, 28), (169, 4), (203, 34), (315, 31), (374, 30), (486, 7), (513, 12), (576, 10), (609, 39), (672, 0), (764, 5), (795, 21), (899, 24), (939, 18), (1049, 30), (1163, 31), (1261, 4), (1322, 25), (1379, 11)
(147, 5), (195, 9), (335, 24), (441, 1), (499, 38), (521, 12), (593, 6), (611, 15), (649, 4), (747, 7), (888, 3), (933, 0), (1004, 3), (1035, 0), (1095, 30), (1170, 32)
(47, 36), (147, 13), (257, 5), (364, 10), (442, 20), (481, 13), (562, 33), (642, 13), (731, 16), (860, 16), (907, 5), (943, 16), (1025, 31), (1115, 27), (1164, 34), (1252, 3), (1321, 37), (1460, 35), (1613, 34)
(30, 33), (113, 18), (168, 12), (263, 37), (279, 9), (381, 33), (445, 31), (544, 38), (645, 14), (776, 9), (857, 1), (913, 29), (999, 39), (1015, 7), (1117, 36), (1175, 7), (1247, 6), (1281, 39), (1320, 35), (1349, 3), (1420, 19), (1510, 21)
(63, 33), (150, 37), (268, 28), (287, 24), (296, 35), (393, 28), (442, 23), (616, 18), (716, 2), (780, 16), (842, 18), (932, 6), (976, 10), (1046, 28), (1102, 33), (1218, 24), (1367, 4), (1453, 28), (1499, 11), (1634, 18)
(60, 30), (81, 35), (104, 12), (150, 35), (241, 2), (306, 7), (353, 18), (362, 31), (433, 13), (552, 19), (636, 10), (691, 10), (806, 11), (828, 23), (913, 35), (960, 4), (1040, 26), (1193, 2), (1226, 6), (1243, 21)
(93, 33), (181, 37), (287, 28), (332, 24), (347, 35), (435, 28), (492, 23), (671, 18), (773, 2), (836, 16), (905, 18), (1008, 6), (1047, 10), (1103, 28), (1188, 33), (1282, 24), (1405, 4), (1423, 28), (1479, 11), (1581, 18)
(69, 34), (160, 23), (275, 9), (330, 19), (380, 36), (409, 39), (491, 9), (607, 29), (698, 4), (757, 5), (787, 36), (831, 18), (867, 8), (963, 31), (999, 17), (1006, 13), (1040, 33), (1119, 16), (1173, 0), (1219, 29)
(137, 19), (198, 10), (272, 27), (323, 6), (395, 2), (432, 29), (522, 29), (666, 36), (799, 14), (912, 28), (990, 38), (1036, 39), (1114, 1), (1162, 14), (1259, 21), (1330, 30), (1471, 39), (1499, 1)
(32, 35), (81, 28), (144, 5), (150, 38), (174, 38), (226, 25), (333, 15), (381, 11), (423, 23), (453, 27), (526, 32), (541, 30), (563, 35), (608, 2), (624, 25), (655, 31), (713, 1), (863, 30), (883, 14), (924, 28), (938, 26)
(97, 11), (136, 4), (193, 28), (284, 4), (318, 34), (412, 31), (547, 30), (603, 7), (631, 12), (645, 10), (670, 39), (728, 0), (784, 5), (860, 21), (1029, 24), (1075, 18), (1173, 30), (1280, 31), (1365, 4), (1431, 25), (1485, 11)
(124, 35), (288, 29), (319, 3), (423, 4), (527, 34), (625, 29), (703, 20), (859, 6), (903, 3), (974, 37), (1073, 36), (1119, 28), (1179, 30), (1239, 24), (1273, 38), (1373, 23), (1511, 1), (1584, 34), (1627, 13), (1655, 17)
(109, 36), (198, 13), (309, 5), (460, 10), (570, 20), (632, 13), (709, 33), (796, 13), (881, 16), (983, 16), (1029, 5), (1088, 16), (1166, 31), (1263, 27), (1346, 34), (1424, 3), (1508, 37), (1636, 35), (1753, 34)
(25, 33), (94, 37), (215, 28), (256, 24), (274, 35), (364, 28), (423, 23), (530, 18), (627, 2), (691, 16), (740, 18), (873, 6), (893, 10), (959, 28), (1007, 33), (1113, 24), (1201, 4), (1238, 28), (1289, 11), (1378, 18)
(77, 31), (181, 15), (227, 16), (250, 9), (333, 34), (434, 32), (513, 25), (617, 16), (754, 21), (835, 3), (900, 22), (1033, 2), (1118, 4), (1164, 39), (1208, 15), (1313, 25), (1388, 15), (1468, 36), (1556, 6), (1643, 28), (1667, 11), (1769, 16), (1792, 20)
(33, 34), (122, 23), (248, 9), (264, 19), (303, 36), (348, 39), (430, 9), (557, 29), (679, 4), (737, 5), (759, 36), (802, 18), (925, 8), (1010, 31), (1041, 17), (1050, 13), (1079, 33), (1158, 16), (1244, 0), (1284, 29)
(34, 19), (112, 10), (184, 27), (221, 6), (295, 2), (330, 29), (428, 29), (556, 36), (666, 14), (759, 28), (862, 38), (927, 39), (1029, 1), (1073, 14), (1132, 21), (1159, 30), (1341, 39), (1381, 1)
(71, 37), (133, 15), (256, 35), (345, 23), (437, 12), (546, 27), (636, 36), (716, 39), (772, 1), (848, 24), (937, 2), (1058, 6), (1067, 28), (1161, 4), (1228, 24), (1270, 3), (1342, 38), (1389, 17), (1433, 5), (1521, 33)
(97, 36), (180, 32), (317, 26), (414, 26), (483, 16), (585, 38), (711, 24), (820, 1), (866, 16), (984, 35), (1085, 2), (1159, 12), (1203, 38), (1327, 12), (1423, 22), (1488, 19), (1561, 19), (1609, 20), (1718, 29), (1801, 1), (1822, 36), (1888, 27)
(49, 19), (88, 10), (162, 27), (171, 6), (238, 2), (273, 29), (372, 29), (474, 36), (581, 14), (702, 28), (798, 38), (834, 39), (922, 1), (972, 14), (1054, 21), (1093, 30), (1218, 39), (1239, 1)
(101, 23), (164, 11), (197, 27), (310, 36), (357, 34), (397, 19), (497, 22), (554, 23), (628, 38), (722, 6), (780, 0), (807, 1), (909, 21), (970, 7), (1048, 15), (1132, 37), (1190, 15), (1296, 0)
(94, 11), (142, 4), (181, 28), (272, 4), (308, 34), (421, 31), (506, 30), (623, 7), (671, 12), (682, 10), (699, 39), (764, 0), (846, 5), (944, 21), (1110, 24), (1151, 18), (1248, 30), (1377, 31), (1477, 4), (1538, 25), (1603, 11)
(98, 34), (165, 23), (285, 9), (298, 19), (340, 36), (430, 39), (513, 9), (656, 29), (760, 4), (816, 5), (846, 36), (888, 18), (1000, 8), (1085, 31), (1123, 17), (1129, 13), (1215, 33), (1295, 16), (1305, 0), (1354, 29)
(9, 31), (116, 15), (145, 16), (178, 9), (263, 34), (322, 32), (405, 25), (511, 16), (671, 21), (749, 3), (818, 22), (902, 2), (958, 4), (975, 39), (1048, 15), (1183, 25), (1258, 15), (1322, 36), (1415, 6), (1477, 28), (1504, 11), (1585, 16), (1608, 20)
(128, 11), (159, 4), (218, 28), (308, 4), (344, 34), (481, 31), (600, 30), (671, 7), (696, 12), (782, 10), (809, 39), (872, 0), (959, 5), (1007, 21), (1102, 24), (1138, 18), (1251, 30), (1374, 31), (1471, 4), (1518, 25), (1572, 11)
(103, 5), (169, 9), (266, 24), (362, 1), (423, 38), (441, 12), (515, 6), (537, 15), (605, 4), (732, 7), (837, 3), (896, 0), (982, 3), (1014, 0), (1080, 30), (1128, 32)
(148, 17), (205, 15), (264, 33), (296, 7), (299, 30), (457, 0), (521, 24), (609, 27), (739, 4), (853, 15), (897, 28), (990, 24), (1038, 24), (1117, 16), (1219, 37), (1308, 24), (1407, 36), (1457, 9), (1550, 5)
(91, 7), (127, 19), (165, 22), (247, 19), (275, 22), (338, 5), (373, 15), (455, 25), (547, 22), (564, 21), (619, 6), (738, 31), (787, 8), (841, 36), (929, 20), (957, 25), (1049, 15), (1168, 26), (1244, 28)
(1, 30), (22, 35), (44, 12), (94, 35), (165, 2), (194, 7), (279, 18), (291, 31), (373, 13), (496, 19), (635, 10), (688, 10), (807, 11), (820, 23), (902, 35), (923, 4), (1025, 26), (1120, 2), (1142, 6), (1157, 21)
(141, 23), (217, 11), (238, 27), (337, 36), (382, 34), (419, 19), (524, 22), (580, 23), (646, 38), (735, 6), (805, 0), (844, 1), (976, 21), (1001, 7), (1066, 15), (1173, 37), (1225, 15), (1332, 0)
(52, 17), (118, 15), (187, 33), (201, 7), (204, 30), (352, 0), (434, 24), (544, 27), (643, 4), (739, 15), (794, 28), (892, 24), (932, 24), (979, 16), (1120, 37), (1230, 24), (1329, 36), (1377, 9), (1457, 5)
(137, 36), (230, 13), (321, 5), (424, 10), (457, 20), (520, 13), (601, 33), (681, 13), (752, 16), (890, 16), (937, 5), (981, 16), (1026, 31), (1125, 27), (1205, 34), (1250, 3), (1320, 37), (1435, 35), (1532, 34)
(100, 7), (130, 19), (151, 22), (235, 19), (264, 22), (350, 5), (386, 15), (506, 25), (618, 22), (639, 21), (694, 6), (800, 31), (837, 8), (886, 36), (970, 20), (1000, 25), (1119, 15), (1193, 26), (1270, 28)
(36, 37), (51, 15), (96, 35), (190, 23), (271, 12), (416, 27), (537, 36), (626, 39), (691, 1), (742, 24), (837, 2), (984, 6), (993, 28), (1099, 4), (1166, 24), (1210, 3), (1265, 38), (1384, 17), (1460, 5), (1529, 33)
(46, 37), (110, 15), (211, 35), (287, 23), (377, 12), (551, 27), (662, 36), (749, 39), (822, 1), (898, 24), (996, 2), (1109, 6), (1121, 28), (1211, 4), (1277, 24), (1323, 3), (1407, 38), (1461, 17), (1527, 5), (1608, 33)
(134, 26), (218, 24), (260, 37), (339, 39), (421, 5), (515, 20), (531, 9), (623, 11), (689, 22), (778, 36), (894, 20), (1057, 5), (1065, 31), (1159, 2), (1193, 3), (1275, 18), (1301, 11), (1398, 31), (1547, 38)
(44, 11), (88, 4), (126, 28), (213, 4), (246, 34), (350, 31), (424, 30), (529, 7), (571, 12), (610, 10), (661, 39), (727, 0), (805, 5), (836, 21), (1010, 24), (1054, 18), (1160, 30), (1221, 31), (1313, 4), (1355, 25), (1403, 11)
(69, 26), (166, 24), (218, 37), (332, 39), (405, 5), (516, 20), (561, 9), (627, 11), (696, 22), (784, 36), (877, 20), (960, 5), (986, 31), (1093, 2), (1122, 3), (1185, 18), (1210, 11), (1308, 31), (1426, 38)
(84, 19), (125, 10), (197, 27), (222, 6), (322, 2), (357, 29), (446, 29), (536, 36), (645, 14), (755, 28), (844, 38), (915, 39), (1010, 1), (1053, 14), (1147, 21), (1202, 30), (1318, 39), (1340, 1)
(124, 7), (155, 19), (180, 22), (257, 19), (285, 22), (349, 5), (407, 15), (471, 25), (545, 22), (565, 21), (619, 6), (736, 31), (788, 8), (868, 36), (946, 20), (973, 25), (1085, 15), (1204, 26), (1275, 28)
(66, 36), (159, 13), (256, 5), (390, 10), (471, 20), (508, 13), (581, 33), (664, 13), (737, 16), (855, 16), (896, 5), (979, 16), (1027, 31), (1120, 27), (1193, 34), (1249, 3), (1318, 37), (1415, 35), (1539, 34)
(68, 31), (185, 15), (209, 16), (234, 9), (322, 34), (407, 32), (477, 25), (572, 16), (742, 21), (814, 3), (892, 22), (999, 2), (1039, 4), (1081, 39), (1135, 15), (1217, 25), (1292, 15), (1366, 36), (1457, 6), (1533, 28), (1550, 11), (1673, 16), (1696, 20)
(36, 33), (127, 18), (204, 12), (300, 37), (312, 9), (408, 33), (474, 31), (588, 38), (622, 14), (734, 9), (786, 1), (842, 29), (928, 39), (945, 7), (1036, 36), (1119, 7), (1188, 6), (1229, 39), (1249, 35), (1298, 3), (1390, 19), (1483, 21)
(2, 11), (39, 4), (101, 28), (188, 4), (222, 34), (349, 31), (438, 30), (494, 7), (523, 12), (585, 10), (656, 39), (732, 0), (804, 5), (844, 21), (969, 24), (1013, 18), (1124, 30), (1243, 31), (1328, 4), (1359, 25), (1419, 11)
(134, 23), (225, 11), (295, 27), (386, 36), (432, 34), (468, 19), (568, 22), (623, 23), (701, 38), (791, 6), (852, 0), (895, 1), (1029, 21), (1050, 7), (1116, 15), (1195, 37), (1286, 15), (1346, 0)
(49, 33), (146, 18), (207, 12), (308, 37), (315, 9), (502, 33), (599, 31), (710, 38), (810, 14), (886, 9), (956, 1), (1002, 29), (1082, 39), (1102, 7), (1190, 36), (1261, 7), (1311, 6), (1375, 39), (1396, 35), (1494, 3), (1594, 19), (1693, 21)
(142, 30), (164, 35), (193, 12), (224, 35), (306, 2), (394, 7), (431, 18), (447, 31), (522, 13), (619, 19), (716, 10), (744, 10), (878, 11), (897, 23), (985, 35), (1043, 4), (1149, 26), (1249, 2), (1300, 6), (1316, 21)
(80, 7), (110, 19), (154, 22), (236, 19), (264, 22), (328, 5), (359, 15), (480, 25), (564, 22), (584, 21), (642, 6), (719, 31), (756, 8), (837, 36), (925, 20), (955, 25), (1094, 15), (1157, 26), (1235, 28)
(130, 19), (209, 10), (287, 27), (296, 6), (369, 2), (405, 29), (499, 29), (632, 36), (727, 14), (837, 28), (943, 38), (1000, 39), (1094, 1), (1147, 14), (1215, 21), (1270, 30), (1436, 39), (1474, 1)
(12, 19), (70, 10), (140, 27), (167, 6), (233, 2), (271, 29), (377, 29), (479, 36), (621, 14), (720, 28), (833, 38), (909, 39), (1003, 1), (1056, 14), (1113, 21), (1157, 30), (1318, 39), (1375, 1)
(14, 19), (69, 10), (145, 27), (166, 6), (243, 2), (280, 29), (373, 29), (476, 36), (589, 14), (701, 28), (787, 38), (850, 39), (938, 1), (985, 14), (1066, 21), (1112, 30), (1269, 39), (1330, 1)
(127, 26), (227, 14), (302, 15), (392, 31), (486, 31), (567, 22), (662, 5), (780, 12), (829, 31), (891, 37), (984, 12), (1063, 23), (1124, 28), (1211, 7), (1241, 5), (1299, 35), (1374, 9)
(39, 26), (131, 24), (185, 37), (261, 39), (365, 5), (472, 20), (518, 9), (595, 11), (639, 22), (729, 36), (820, 20), (967, 5), (987, 31), (1094, 2), (1143, 3), (1191, 18), (1218, 11), (1357, 31), (1506, 38)
(123, 36), (215, 13), (316, 5), (426, 10), (532, 20), (582, 13), (653, 33), (741, 13), (817, 16), (925, 16), (978, 5), (1030, 16), (1111, 31), (1224, 27), (1248, 34), (1336, 3), (1410, 37), (1548, 35), (1627, 34)
(29, 17), (111, 15), (176, 33), (215, 7), (218, 30), (388, 0), (431, 24), (543, 27), (665, 4), (815, 15), (890, 28), (985, 24), (1031, 24), (1099, 16), (1243, 37), (1317, 24), (1418, 36), (1469, 9), (1571, 5)
(65, 23), (129, 11), (161, 27), (261, 36), (307, 34), (345, 19), (446, 22), (503, 23), (585, 38), (675, 6), (730, 0), (766, 1), (882, 21), (936, 7), (1022, 15), (1079, 37), (1201, 15), (1273, 0)
(142, 19), (171, 10), (249, 27), (298, 6), (372, 2), (410, 29), (504, 29), (605, 36), (741, 14), (850, 28), (943, 38), (1022, 39), (1092, 1), (1134, 14), (1197, 21), (1237, 30), (1413, 39), (1454, 1)
(60, 35), (181, 29), (194, 3), (260, 4), (358, 34), (502, 29), (572, 20), (653, 6), (722, 3), (757, 37), (834, 36), (882, 28), (979, 30), (1037, 24), (1075, 38), (1176, 23), (1284, 1), (1344, 34), (1405, 13), (1430, 17)
(28, 35), (90, 28), (145, 5), (149, 38), (165, 38), (256, 25), (360, 15), (407, 11), (484, 23), (539, 27), (623, 32), (650, 30), (673, 35), (783, 2), (808, 25), (851, 31), (895, 1), (998, 30), (1007, 14), (1076, 28), (1123, 26)
(126, 5), (175, 9), (269, 24), (338, 1), (390, 38), (407, 12), (470, 6), (488, 15), (557, 4), (661, 7), (769, 3), (809, 0), (896, 3), (923, 0), (983, 30), (1063, 32)
(37, 31), (151, 15), (207, 16), (256, 9), (339, 34), (351, 32), (395, 25), (502, 16), (589, 21), (680, 3), (771, 22), (859, 2), (905, 4), (950, 39), (1002, 15), (1163, 25), (1237, 15), (1305, 36), (1397, 6), (1479, 28), (1511, 11), (1552, 16), (1575, 20)
(72, 11), (100, 4), (145, 28), (235, 4), (270, 34), (404, 31), (499, 30), (577, 7), (599, 12), (636, 10), (711, 39), (796, 0), (867, 5), (911, 21), (1006, 24), (1046, 18), (1158, 30), (1241, 31), (1340, 4), (1391, 25), (1439, 11)
(145, 36), (243, 13), (358, 5), (460, 10), (514, 20), (545, 13), (627, 33), (709, 13), (792, 16), (903, 16), (949, 5), (1043, 16), (1085, 31), (1191, 27), (1213, 34), (1250, 3), (1329, 37), (1465, 35), (1575, 34)
(146, 5), (203, 9), (296, 24), (363, 1), (420, 38), (437, 12), (500, 6), (551, 15), (594, 4), (686, 7), (777, 3), (821, 0), (924, 3), (946, 0), (1012, 30), (1103, 32)
(64, 37), (115, 15), (213, 35), (308, 23), (386, 12), (527, 27), (658, 36), (749, 39), (841, 1), (903, 24), (985, 2), (1102, 6), (1114, 28), (1209, 4), (1277, 24), (1319, 3), (1393, 38), (1482, 17), (1544, 5), (1609, 33)
(149, 26), (228, 14), (312, 15), (429, 31), (519, 31), (600, 22), (706, 5), (831, 12), (933, 31), (1026, 37), (1159, 12), (1246, 23), (1284, 28), (1361, 7), (1394, 5), (1485, 35), (1560, 9)
(111, 36), (189, 13), (328, 5), (464, 10), (573, 20), (607, 13), (693, 33), (781, 13), (855, 16), (994, 16), (1043, 5), (1065, 16), (1127, 31), (1208, 27), (1261, 34), (1295, 3), (1368, 37), (1507, 35), (1628, 34)
(25, 33), (106, 37), (196, 28), (215, 24), (223, 35), (345, 28), (396, 23), (571, 18), (664, 2), (729, 16), (780, 18), (917, 6), (955, 10), (1028, 28), (1060, 33), (1160, 24), (1250, 4), (1315, 28), (1355, 11), (1459, 18)
(131, 26), (158, 28), (200, 22), (294, 31), (381, 1), (482, 18), (494, 13), (624, 37), (686, 19), (805, 15), (851, 26), (875, 39), (989, 1), (1105, 34), (1122, 21), (1172, 7), (1256, 35), (1361, 25)
(134, 7), (159, 19), (176, 22), (254, 19), (283, 22), (362, 5), (421, 15), (518, 25), (619, 22), (636, 21), (693, 6), (816, 31), (849, 8), (870, 36), (966, 20), (994, 25), (1090, 15), (1191, 26), (1271, 28)
(39, 5), (95, 9), (178, 24), (252, 1), (281, 38), (299, 12), (359, 6), (396, 15), (438, 4), (568, 7), (724, 3), (776, 0), (854, 3), (890, 0), (951, 30), (993, 32)
(60, 5), (109, 9), (248, 24), (309, 1), (360, 38), (381, 12), (445, 6), (471, 15), (510, 4), (651, 7), (730, 3), (787, 0), (884, 3), (919, 0), (988, 30), (1053, 32)
(61, 35), (120, 28), (219, 5), (225, 38), (244, 38), (321, 25), (410, 15), (455, 11), (535, 23), (562, 27), (639, 32), (674, 30), (695, 35), (789, 2), (801, 25), (840, 31), (884, 1), (955, 30), (975, 14), (1044, 28), (1056, 26)
(119, 37), (135, 15), (243, 35), (318, 23), (399, 12), (494, 27), (576, 36), (668, 39), (730, 1), (791, 24), (849, 2), (955, 6), (971, 28), (1078, 4), (1149, 24), (1190, 3), (1247, 38), (1295, 17), (1378, 5), (1468, 33)
(142, 33), (217, 37), (307, 28), (327, 24), (334, 35), (425, 28), (474, 23), (584, 18), (681, 2), (748, 16), (843, 18), (976, 6), (1017, 10), (1075, 28), (1149, 33), (1235, 24), (1374, 4), (1449, 28), (1509, 11), (1625, 18)
(114, 26), (214, 24), (255, 37), (339, 39), (436, 5), (518, 20), (572, 9), (637, 11), (679, 22), (772, 36), (891, 20), (983, 5), (996, 31), (1079, 2), (1104, 3), (1180, 18), (1205, 11), (1385, 31), (1475, 38)
(139, 26), (163, 28), (203, 22), (297, 31), (379, 1), (461, 18), (529, 13), (613, 37), (677, 19), (853, 15), (899, 26), (950, 39), (1043, 1), (1149, 34), (1214, 21), (1299, 7), (1448, 35), (1562, 25)
(124, 11), (168, 4), (223, 28), (308, 4), (344, 34), (458, 31), (505, 30), (614, 7), (641, 12), (689, 10), (770, 39), (848, 0), (959, 5), (998, 21), (1087, 24), (1108, 18), (1214, 30), (1321, 31), (1407, 4), (1439, 25), (1484, 11)
(148, 11), (195, 4), (245, 28), (335, 4), (372, 34), (505, 31), (622, 30), (736, 7), (766, 12), (781, 10), (879, 39), (965, 0), (1042, 5), (1151, 21), (1291, 24), (1324, 18), (1437, 30), (1520, 31), (1612, 4), (1702, 25), (1751, 11)
(143, 17), (205, 15), (277, 33), (300, 7), (303, 30), (401, 0), (456, 24), (548, 27), (665, 4), (771, 15), (811, 28), (910, 24), (957, 24), (1038, 16), (1154, 37), (1260, 24), (1359, 36), (1404, 9), (1522, 5)
(44, 33), (128, 18), (205, 12), (306, 37), (314, 9), (496, 33), (541, 31), (626, 38), (665, 14), (750, 9), (808, 1), (894, 29), (952, 39), (970, 7), (1063, 36), (1151, 7), (1198, 6), (1231, 39), (1252, 35), (1351, 3), (1422, 19), (1505, 21)
(14, 35), (133, 29), (169, 3), (243, 4), (351, 34), (516, 29), (572, 20), (737, 6), (783, 3), (839, 37), (927, 36), (978, 28), (1046, 30), (1101, 24), (1133, 38), (1234, 23), (1377, 1), (1409, 34), (1463, 13), (1492, 17)
(103, 26), (217, 24), (273, 37), (330, 39), (424, 5), (500, 20), (532, 9), (597, 11), (662, 22), (723, 36), (874, 20), (993, 5), (1017, 31), (1125, 2), (1171, 3), (1211, 18), (1236, 11), (1367, 31), (1450, 38)
(21, 19), (52, 10), (122, 27), (161, 6), (238, 2), (273, 29), (381, 29), (479, 36), (572, 14), (684, 28), (791, 38), (835, 39), (919, 1), (970, 14), (1024, 21), (1053, 30), (1170, 39), (1229, 1)
(15, 7), (42, 19), (83, 22), (165, 19), (194, 22), (260, 5), (301, 15), (412, 25), (506, 22), (523, 21), (577, 6), (654, 31), (701, 8), (750, 36), (835, 20), (864, 25), (1005, 15), (1106, 26), (1177, 28)
(14, 30), (36, 35), (69, 12), (125, 35), (196, 2), (252, 7), (327, 18), (350, 31), (431, 13), (540, 19), (664, 10), (695, 10), (769, 11), (778, 23), (865, 35), (890, 4), (998, 26), (1121, 2), (1151, 6), (1198, 21)
(15, 37), (71, 15), (182, 35), (256, 23), (345, 12), (503, 27), (624, 36), (717, 39), (812, 1), (874, 24), (950, 2), (1044, 6), (1059, 28), (1148, 4), (1220, 24), (1265, 3), (1317, 38), (1392, 17), (1443, 5), (1514, 33)
(30, 35), (94, 28), (219, 5), (225, 38), (256, 38), (302, 25), (360, 15), (417, 11), (474, 23), (513, 27), (581, 32), (600, 30), (624, 35), (729, 2), (756, 25), (824, 31), (866, 1), (1023, 30), (1037, 14), (1118, 28), (1181, 26)
(76, 33), (160, 37), (269, 28), (292, 24), (312, 35), (431, 28), (497, 23), (606, 18), (676, 2), (741, 16), (834, 18), (974, 6), (997, 10), (1074, 28), (1144, 33), (1264, 24), (1351, 4), (1413, 28), (1487, 11), (1618, 18)
(121, 30), (143, 35), (151, 12), (204, 35), (274, 2), (355, 7), (438, 18), (454, 31), (540, 13), (675, 19), (767, 10), (817, 10), (948, 11), (960, 23), (1041, 35), (1057, 4), (1099, 26), (1215, 2), (1271, 6), (1299, 21)
(31, 37), (57, 15), (128, 35), (214, 23), (303, 12), (461, 27), (561, 36), (642, 39), (743, 1), (824, 24), (903, 2), (1012, 6), (1023, 28), (1116, 4), (1190, 24), (1231, 3), (1311, 38), (1402, 17), (1481, 5), (1545, 33)
(38, 36), (193, 32), (311, 26), (416, 26), (444, 16), (535, 38), (645, 24), (712, 1), (775, 16), (922, 35), (1012, 2), (1086, 12), (1139, 38), (1252, 12), (1349, 22), (1438, 19), (1542, 19), (1575, 20), (1671, 29), (1756, 1), (1772, 36), (1846, 27)
(83, 17), (145, 15), (221, 33), (256, 7), (259, 30), (411, 0), (443, 24), (543, 27), (633, 4), (733, 15), (780, 28), (870, 24), (915, 24), (981, 16), (1099, 37), (1136, 24), (1236, 36), (1296, 9), (1409, 5)
(136, 37), (198, 15), (282, 35), (361, 23), (440, 12), (596, 27), (703, 36), (798, 39), (867, 1), (960, 24), (1029, 2), (1161, 6), (1166, 28), (1256, 4), (1325, 24), (1368, 3), (1437, 38), (1544, 17), (1632, 5), (1693, 33)
(119, 18), (213, 15), (333, 37), (406, 26), (509, 37), (521, 23), (609, 3), (765, 14), (865, 32), (967, 1), (1084, 25), (1203, 14), (1251, 28), (1364, 31), (1458, 13), (1548, 16), (1643, 10), (1713, 4), (1742, 1)
(84, 34), (167, 23), (274, 9), (322, 19), (367, 36), (453, 39), (536, 9), (625, 29), (718, 4), (816, 5), (836, 36), (889, 18), (979, 8), (1098, 31), (1127, 17), (1132, 13), (1185, 33), (1263, 16), (1301, 0), (1340, 29)
(125, 19), (175, 10), (251, 27), (263, 6), (336, 2), (372, 29), (456, 29), (547, 36), (669, 14), (769, 28), (855, 38), (903, 39), (970, 1), (1013, 14), (1081, 21), (1108, 30), (1252, 39), (1286, 1)
(30, 35), (186, 29), (216, 3), (310, 4), (414, 34), (505, 29), (581, 20), (673, 6), (704, 3), (732, 37), (799, 36), (849, 28), (877, 30), (932, 24), (971, 38), (1071, 23), (1195, 1), (1287, 34), (1317, 13), (1346, 17)
(53, 34), (133, 23), (267, 9), (295, 19), (342, 36), (427, 39), (509, 9), (644, 29), (735, 4), (836, 5), (868, 36), (913, 18), (995, 8), (1062, 31), (1093, 17), (1109, 13), (1116, 33), (1197, 16), (1226, 0), (1269, 29)
(97, 17), (145, 15), (212, 33), (228, 7), (231, 30), (377, 0), (407, 24), (478, 27), (588, 4), (728, 15), (797, 28), (886, 24), (929, 24), (977, 16), (1108, 37), (1219, 24), (1320, 36), (1383, 9), (1481, 5)
(39, 36), (190, 32), (331, 26), (389, 26), (456, 16), (570, 38), (638, 24), (726, 1), (798, 16), (959, 35), (1060, 2), (1134, 12), (1168, 38), (1320, 12), (1421, 22), (1482, 19), (1565, 19), (1607, 20), (1705, 29), (1792, 1), (1811, 36), (1839, 27)
(89, 26), (184, 24), (245, 37), (308, 39), (349, 5), (438, 20), (479, 9), (558, 11), (623, 22), (683, 36), (855, 20), (1018, 5), (1055, 31), (1160, 2), (1210, 3), (1224, 18), (1248, 11), (1417, 31), (1513, 38)
(146, 33), (241, 37), (345, 28), (390, 24), (410, 35), (498, 28), (551, 23), (721, 18), (808, 2), (871, 16), (957, 18), (1043, 6), (1084, 10), (1158, 28), (1198, 33), (1310, 24), (1451, 4), (1485, 28), (1559, 11), (1690, 18)
(37, 35), (197, 29), (229, 3), (316, 4), (424, 34), (573, 29), (619, 20), (748, 6), (785, 3), (814, 37), (914, 36), (960, 28), (1006, 30), (1069, 24), (1103, 38), (1205, 23), (1360, 1), (1447, 34), (1505, 13), (1537, 17)
(33, 35), (72, 28), (184, 5), (188, 38), (217, 38), (303, 25), (392, 15), (448, 11), (519, 23), (559, 27), (640, 32), (672, 30), (696, 35), (815, 2), (821, 25), (871, 31), (969, 1), (1051, 30), (1057, 14), (1114, 28), (1152, 26)
(106, 31), (180, 15), (228, 16), (268, 9), (360, 34), (433, 32), (480, 25), (591, 16), (721, 21), (794, 3), (879, 22), (982, 2), (1067, 4), (1119, 39), (1194, 15), (1336, 25), (1410, 15), (1499, 36), (1584, 6), (1696, 28), (1738, 11), (1856, 16), (1880, 20)
(120, 34), (206, 23), (328, 9), (342, 19), (387, 36), (418, 39), (501, 9), (600, 29), (700, 4), (766, 5), (805, 36), (852, 18), (973, 8), (1094, 31), (1128, 17), (1142, 13), (1153, 33), (1230, 16), (1243, 0), (1285, 29)
(60, 34), (142, 23), (251, 9), (268, 19), (313, 36), (406, 39), (488, 9), (598, 29), (704, 4), (809, 5), (829, 36), (871, 18), (994, 8), (1067, 31), (1093, 17), (1103, 13), (1156, 33), (1236, 16), (1304, 0), (1345, 29)
(129, 26), (138, 28), (180, 22), (273, 31), (338, 1), (419, 18), (447, 13), (522, 37), (586, 19), (759, 15), (805, 26), (875, 39), (940, 1), (1001, 34), (1018, 21), (1068, 7), (1151, 35), (1283, 25)
(91, 33), (174, 37), (285, 28), (334, 24), (354, 35), (450, 28), (511, 23), (644, 18), (660, 2), (728, 16), (779, 18), (867, 6), (912, 10), (999, 28), (1119, 33), (1186, 24), (1294, 4), (1329, 28), (1378, 11), (1481, 18)
(85, 37), (130, 15), (199, 35), (281, 23), (365, 12), (485, 27), (567, 36), (653, 39), (717, 1), (798, 24), (867, 2), (971, 6), (985, 28), (1092, 4), (1166, 24), (1207, 3), (1240, 38), (1311, 17), (1383, 5), (1462, 33)
(16, 26), (131, 24), (170, 37), (277, 39), (377, 5), (464, 20), (479, 9), (546, 11), (616, 22), (674, 36), (775, 20), (935, 5), (963, 31), (1045, 2), (1067, 3), (1140, 18), (1168, 11), (1286, 31), (1406, 38)
(34, 33), (122, 18), (172, 12), (270, 37), (278, 9), (431, 33), (497, 31), (602, 38), (667, 14), (754, 9), (793, 1), (842, 29), (912, 39), (929, 7), (1020, 36), (1111, 7), (1184, 6), (1246, 39), (1276, 35), (1348, 3), (1440, 19), (1525, 21)
(46, 19), (103, 10), (181, 27), (200, 6), (272, 2), (308, 29), (407, 29), (504, 36), (616, 14), (735, 28), (836, 38), (899, 39), (994, 1), (1042, 14), (1138, 21), (1196, 30), (1364, 39), (1410, 1)
(81, 26), (185, 14), (328, 15), (447, 31), (536, 31), (616, 22), (705, 5), (814, 12), (895, 31), (965, 37), (1077, 12), (1163, 23), (1218, 28), (1329, 7), (1369, 5), (1454, 35), (1542, 9)
(60, 18), (162, 15), (307, 37), (385, 26), (447, 37), (460, 23), (546, 3), (699, 14), (783, 32), (917, 1), (1042, 25), (1196, 14), (1258, 28), (1337, 31), (1436, 13), (1501, 16), (1606, 10), (1725, 4), (1740, 1)
(148, 26), (252, 14), (351, 15), (436, 31), (525, 31), (605, 22), (696, 5), (799, 12), (877, 31), (930, 37), (1007, 12), (1115, 23), (1183, 28), (1264, 7), (1292, 5), (1387, 35), (1457, 9)
(42, 37), (77, 15), (197, 35), (275, 23), (367, 12), (505, 27), (597, 36), (681, 39), (740, 1), (834, 24), (890, 2), (1020, 6), (1028, 28), (1132, 4), (1204, 24), (1246, 3), (1315, 38), (1415, 17), (1466, 5), (1530, 33)
(19, 30), (41, 35), (69, 12), (123, 35), (210, 2), (277, 7), (316, 18), (327, 31), (401, 13), (517, 19), (663, 10), (709, 10), (857, 11), (870, 23), (954, 35), (988, 4), (1050, 26), (1149, 2), (1191, 6), (1226, 21)
(95, 7), (127, 19), (160, 22), (244, 19), (273, 22), (339, 5), (399, 15), (496, 25), (618, 22), (637, 21), (694, 6), (803, 31), (835, 8), (881, 36), (957, 20), (985, 25), (1084, 15), (1136, 26), (1211, 28)
(98, 18), (204, 15), (316, 37), (397, 26), (497, 37), (509, 23), (594, 3), (757, 14), (836, 32), (926, 1), (1034, 25), (1146, 14), (1186, 28), (1284, 31), (1415, 13), (1478, 16), (1588, 10), (1705, 4), (1718, 1)
(33, 19), (99, 10), (176, 27), (246, 6), (310, 2), (347, 29), (442, 29), (562, 36), (675, 14), (795, 28), (898, 38), (962, 39), (1033, 1), (1086, 14), (1134, 21), (1159, 30), (1322, 39), (1381, 1)
(130, 30), (151, 35), (162, 12), (198, 35), (282, 2), (364, 7), (456, 18), (482, 31), (550, 13), (655, 19), (748, 10), (811, 10), (894, 11), (917, 23), (1002, 35), (1070, 4), (1187, 26), (1328, 2), (1373, 6), (1430, 21)
(98, 23), (171, 11), (240, 27), (345, 36), (390, 34), (422, 19), (526, 22), (583, 23), (638, 38), (730, 6), (808, 0), (832, 1), (935, 21), (1003, 7), (1105, 15), (1203, 37), (1299, 15), (1365, 0)
(35, 26), (58, 28), (126, 22), (220, 31), (288, 1), (360, 18), (412, 13), (495, 37), (561, 19), (730, 15), (776, 26), (855, 39), (962, 1), (1046, 34), (1048, 21), (1102, 7), (1221, 35), (1295, 25)
(134, 17), (210, 15), (272, 33), (295, 7), (298, 30), (415, 0), (469, 24), (510, 27), (632, 4), (759, 15), (827, 28), (920, 24), (971, 24), (1033, 16), (1170, 37), (1254, 24), (1355, 36), (1406, 9), (1516, 5)
(105, 37), (149, 15), (264, 35), (359, 23), (446, 12), (541, 27), (669, 36), (759, 39), (819, 1), (910, 24), (977, 2), (1075, 6), (1091, 28), (1184, 4), (1255, 24), (1297, 3), (1327, 38), (1401, 17), (1483, 5), (1564, 33)
(102, 33), (164, 18), (229, 12), (326, 37), (346, 9), (494, 33), (571, 31), (672, 38), (768, 14), (862, 9), (905, 1), (975, 29), (1058, 39), (1076, 7), (1163, 36), (1253, 7), (1318, 6), (1384, 39), (1398, 35), (1491, 3), (1564, 19), (1653, 21)
(46, 23), (94, 11), (161, 27), (271, 36), (318, 34), (347, 19), (447, 22), (502, 23), (571, 38), (661, 6), (731, 0), (772, 1), (872, 21), (939, 7), (999, 15), (1087, 37), (1200, 15), (1252, 0)
(148, 31), (249, 15), (283, 16), (314, 9), (412, 34), (430, 32), (457, 25), (551, 16), (657, 21), (755, 3), (794, 22), (872, 2), (933, 4), (995, 39), (1045, 15), (1116, 25), (1189, 15), (1281, 36), (1366, 6), (1426, 28), (1471, 11), (1513, 16), (1536, 20)
(24, 7), (63, 19), (79, 22), (155, 19), (184, 22), (232, 5), (290, 15), (392, 25), (458, 22), (477, 21), (531, 6), (655, 31), (701, 8), (715, 36), (797, 20), (824, 25), (967, 15), (1049, 26), (1124, 28)
(134, 33), (227, 18), (303, 12), (403, 37), (424, 9), (596, 33), (659, 31), (763, 38), (830, 14), (930, 9), (965, 1), (1045, 29), (1103, 39), (1119, 7), (1228, 36), (1287, 7), (1359, 6), (1397, 39), (1445, 35), (1474, 3), (1587, 19), (1674, 21)
(138, 19), (168, 10), (241, 27), (282, 6), (355, 2), (391, 29), (487, 29), (626, 36), (751, 14), (852, 28), (957, 38), (988, 39), (1084, 1), (1127, 14), (1199, 21), (1215, 30), (1352, 39), (1389, 1)
(60, 26), (157, 14), (263, 15), (385, 31), (475, 31), (555, 22), (666, 5), (761, 12), (870, 31), (968, 37), (1096, 12), (1205, 23), (1273, 28), (1370, 7), (1402, 5), (1479, 35), (1593, 9)
(23, 18), (109, 15), (259, 37), (372, 26), (468, 37), (482, 23), (563, 3), (733, 14), (830, 32), (953, 1), (1074, 25), (1221, 14), (1293, 28), (1357, 31), (1471, 13), (1557, 16), (1620, 10), (1760, 4), (1786, 1)
(135, 30), (157, 35), (191, 12), (221, 35), (294, 2), (358, 7), (445, 18), (467, 31), (549, 13), (661, 19), (793, 10), (845, 10), (994, 11), (1013, 23), (1098, 35), (1161, 4), (1273, 26), (1402, 2), (1449, 6), (1516, 21)
(60, 31), (164, 15), (213, 16), (225, 9), (309, 34), (415, 32), (452, 25), (556, 16), (671, 21), (759, 3), (838, 22), (947, 2), (1035, 4), (1066, 39), (1126, 15), (1273, 25), (1347, 15), (1430, 36), (1523, 6), (1612, 28), (1643, 11), (1770, 16), (1793, 20)
(108, 35), (223, 29), (237, 3), (344, 4), (452, 34), (579, 29), (644, 20), (741, 6), (773, 3), (836, 37), (897, 36), (945, 28), (1044, 30), (1101, 24), (1133, 38), (1233, 23), (1389, 1), (1479, 34), (1528, 13), (1557, 17)
(61, 26), (176, 24), (235, 37), (298, 39), (401, 5), (489, 20), (519, 9), (585, 11), (644, 22), (704, 36), (873, 20), (954, 5), (986, 31), (1078, 2), (1117, 3), (1147, 18), (1172, 11), (1353, 31), (1450, 38)
(117, 17), (199, 15), (264, 33), (298, 7), (301, 30), (398, 0), (477, 24), (539, 27), (663, 4), (805, 15), (887, 28), (977, 24), (1017, 24), (1077, 16), (1219, 37), (1324, 24), (1425, 36), (1482, 9), (1565, 5)
(130, 18), (233, 15), (314, 37), (376, 26), (505, 37), (518, 23), (601, 3), (736, 14), (841, 32), (981, 1), (1052, 25), (1185, 14), (1248, 28), (1337, 31), (1423, 13), (1508, 16), (1580, 10), (1730, 4), (1742, 1)
(125, 30), (146, 35), (172, 12), (222, 35), (317, 2), (396, 7), (471, 18), (494, 31), (563, 13), (689, 19), (842, 10), (908, 10), (998, 11), (1013, 23), (1099, 35), (1166, 4), (1231, 26), (1354, 2), (1411, 6), (1472, 21)
(45, 7), (72, 19), (103, 22), (180, 19), (208, 22), (270, 5), (315, 15), (402, 25), (470, 22), (488, 21), (546, 6), (645, 31), (684, 8), (735, 36), (815, 20), (842, 25), (941, 15), (1009, 26), (1080, 28)
(57, 33), (135, 37), (251, 28), (279, 24), (294, 35), (404, 28), (462, 23), (581, 18), (652, 2), (716, 16), (798, 18), (920, 6), (943, 10), (1019, 28), (1060, 33), (1144, 24), (1302, 4), (1358, 28), (1409, 11), (1537, 18)
(122, 33), (211, 18), (279, 12), (379, 37), (397, 9), (578, 33), (688, 31), (801, 38), (841, 14), (922, 9), (995, 1), (1074, 29), (1151, 39), (1169, 7), (1242, 36), (1311, 7), (1378, 6), (1446, 39), (1482, 35), (1575, 3), (1683, 19), (1782, 21)
(18, 34), (93, 23), (218, 9), (266, 19), (308, 36), (401, 39), (484, 9), (597, 29), (720, 4), (822, 5), (860, 36), (904, 18), (939, 8), (1032, 31), (1061, 17), (1072, 13), (1090, 33), (1170, 16), (1226, 0), (1262, 29)
(36, 30), (57, 35), (94, 12), (129, 35), (216, 2), (256, 7), (312, 18), (331, 31), (411, 13), (514, 19), (650, 10), (692, 10), (827, 11), (839, 23), (919, 35), (975, 4), (1048, 26), (1212, 2), (1237, 6), (1256, 21)
(86, 36), (224, 32), (340, 26), (463, 26), (482, 16), (597, 38), (672, 24), (752, 1), (807, 16), (926, 35), (1003, 2), (1075, 12), (1148, 38), (1311, 12), (1410, 22), (1500, 19), (1585, 19), (1616, 20), (1743, 29), (1830, 1), (1846, 36), (1901, 27)
(94, 26), (177, 14), (280, 15), (374, 31), (466, 31), (547, 22), (631, 5), (746, 12), (796, 31), (842, 37), (970, 12), (1065, 23), (1132, 28), (1251, 7), (1284, 5), (1349, 35), (1417, 9)
(138, 5), (189, 9), (330, 24), (429, 1), (451, 38), (469, 12), (537, 6), (563, 15), (616, 4), (733, 7), (864, 3), (914, 0), (997, 3), (1043, 0), (1113, 30), (1150, 32)
(44, 35), (113, 28), (217, 5), (225, 38), (255, 38), (327, 25), (442, 15), (495, 11), (547, 23), (568, 27), (652, 32), (665, 30), (689, 35), (763, 2), (789, 25), (797, 31), (912, 1), (1056, 30), (1068, 14), (1130, 28), (1166, 26)
(105, 26), (230, 24), (289, 37), (397, 39), (450, 5), (550, 20), (573, 9), (675, 11), (731, 22), (817, 36), (941, 20), (1033, 5), (1057, 31), (1143, 2), (1177, 3), (1183, 18), (1208, 11), (1312, 31), (1383, 38)
(111, 33), (188, 37), (278, 28), (328, 24), (336, 35), (437, 28), (502, 23), (631, 18), (719, 2), (787, 16), (866, 18), (996, 6), (1031, 10), (1117, 28), (1212, 33), (1319, 24), (1421, 4), (1495, 28), (1522, 11), (1656, 18)
(37, 26), (138, 14), (266, 15), (384, 31), (474, 31), (555, 22), (662, 5), (756, 12), (846, 31), (918, 37), (998, 12), (1109, 23), (1166, 28), (1257, 7), (1296, 5), (1365, 35), (1460, 9)
(86, 5), (134, 9), (267, 24), (333, 1), (359, 38), (380, 12), (452, 6), (531, 15), (572, 4), (701, 7), (861, 3), (899, 0), (969, 3), (1006, 0), (1069, 30), (1150, 32)
(69, 33), (154, 18), (203, 12), (304, 37), (313, 9), (498, 33), (588, 31), (675, 38), (742, 14), (816, 9), (872, 1), (889, 29), (960, 39), (981, 7), (1071, 36), (1130, 7), (1180, 6), (1204, 39), (1222, 35), (1302, 3), (1394, 19), (1482, 21)
(18, 19), (67, 10), (141, 27), (196, 6), (282, 2), (316, 29), (415, 29), (527, 36), (616, 14), (722, 28), (835, 38), (904, 39), (992, 1), (1037, 14), (1105, 21), (1151, 30), (1279, 39), (1319, 1)
(86, 7), (121, 19), (145, 22), (228, 19), (257, 22), (311, 5), (355, 15), (432, 25), (503, 22), (520, 21), (576, 6), (666, 31), (700, 8), (726, 36), (815, 20), (843, 25), (949, 15), (1026, 26), (1106, 28)
(135, 26), (143, 28), (207, 22), (300, 31), (378, 1), (477, 18), (528, 13), (670, 37), (738, 19), (902, 15), (948, 26), (969, 39), (1054, 1), (1140, 34), (1157, 21), (1223, 7), (1375, 35), (1469, 25)
(29, 11), (74, 4), (119, 28), (208, 4), (241, 34), (371, 31), (417, 30), (490, 7), (522, 12), (550, 10), (598, 39), (667, 0), (774, 5), (864, 21), (992, 24), (1022, 18), (1132, 30), (1261, 31), (1347, 4), (1406, 25), (1449, 11)
(133, 33), (167, 18), (217, 12), (316, 37), (325, 9), (454, 33), (509, 31), (615, 38), (688, 14), (812, 9), (848, 1), (916, 29), (1016, 39), (1034, 7), (1115, 36), (1186, 7), (1246, 6), (1286, 39), (1317, 35), (1355, 3), (1458, 19), (1549, 21)
(108, 5), (159, 9), (247, 24), (307, 1), (388, 38), (409, 12), (480, 6), (539, 15), (607, 4), (742, 7), (859, 3), (916, 0), (1017, 3), (1062, 0), (1128, 30), (1205, 32)
(84, 37), (142, 15), (252, 35), (347, 23), (429, 12), (535, 27), (670, 36), (766, 39), (816, 1), (868, 24), (920, 2), (1059, 6), (1078, 28), (1170, 4), (1243, 24), (1288, 3), (1327, 38), (1388, 17), (1448, 5), (1509, 33)
(106, 26), (205, 14), (317, 15), (446, 31), (535, 31), (615, 22), (718, 5), (809, 12), (869, 31), (964, 37), (1091, 12), (1182, 23), (1252, 28), (1366, 7), (1398, 5), (1480, 35), (1598, 9)
(45, 11), (74, 4), (134, 28), (221, 4), (257, 34), (356, 31), (430, 30), (501, 7), (553, 12), (602, 10), (624, 39), (680, 0), (750, 5), (855, 21), (951, 24), (989, 18), (1099, 30), (1189, 31), (1283, 4), (1344, 25), (1389, 11)
(127, 31), (237, 15), (294, 16), (336, 9), (436, 34), (461, 32), (553, 25), (661, 16), (783, 21), (860, 3), (933, 22), (1007, 2), (1074, 4), (1140, 39), (1189, 15), (1273, 25), (1346, 15), (1405, 36), (1491, 6), (1596, 28), (1632, 11), (1757, 16), (1780, 20)
(99, 11), (146, 4), (182, 28), (268, 4), (303, 34), (410, 31), (544, 30), (619, 7), (647, 12), (682, 10), (783, 39), (854, 0), (917, 5), (1029, 21), (1188, 24), (1233, 18), (1345, 30), (1424, 31), (1508, 4), (1556, 25), (1620, 11)
(120, 30), (141, 35), (165, 12), (210, 35), (285, 2), (305, 7), (397, 18), (407, 31), (473, 13), (579, 19), (741, 10), (780, 10), (861, 11), (871, 23), (958, 35), (1001, 4), (1095, 26), (1259, 2), (1302, 6), (1334, 21)
(117, 35), (181, 28), (271, 5), (279, 38), (298, 38), (359, 25), (485, 15), (531, 11), (599, 23), (658, 27), (727, 32), (742, 30), (763, 35), (869, 2), (890, 25), (938, 31), (979, 1), (1072, 30), (1094, 14), (1177, 28), (1229, 26)
(65, 37), (96, 15), (191, 35), (271, 23), (351, 12), (513, 27), (643, 36), (738, 39), (844, 1), (934, 24), (1017, 2), (1118, 6), (1138, 28), (1242, 4), (1315, 24), (1361, 3), (1424, 38), (1467, 17), (1524, 5), (1589, 33)
(65, 26), (163, 24), (210, 37), (276, 39), (311, 5), (405, 20), (454, 9), (533, 11), (579, 22), (666, 36), (794, 20), (916, 5), (933, 31), (1044, 2), (1075, 3), (1106, 18), (1133, 11), (1243, 31), (1365, 38)
(125, 34), (215, 23), (337, 9), (364, 19), (399, 36), (483, 39), (566, 9), (659, 29), (741, 4), (813, 5), (841, 36), (887, 18), (1005, 8), (1114, 31), (1143, 17), (1155, 13), (1215, 33), (1296, 16), (1310, 0), (1352, 29)
(9, 31), (112, 15), (149, 16), (191, 9), (293, 34), (400, 32), (443, 25), (553, 16), (683, 21), (747, 3), (840, 22), (953, 2), (1013, 4), (1044, 39), (1101, 15), (1247, 25), (1320, 15), (1380, 36), (1471, 6), (1585, 28), (1616, 11), (1735, 16), (1759, 20)
(101, 35), (169, 28), (278, 5), (283, 38), (299, 38), (378, 25), (453, 15), (496, 11), (541, 23), (606, 27), (688, 32), (715, 30), (739, 35), (837, 2), (853, 25), (927, 31), (977, 1), (1138, 30), (1149, 14), (1202, 28), (1266, 26)
(29, 17), (84, 15), (148, 33), (178, 7), (181, 30), (334, 0), (386, 24), (451, 27), (586, 4), (697, 15), (743, 28), (834, 24), (897, 24), (947, 16), (1079, 37), (1142, 24), (1243, 36), (1305, 9), (1418, 5)
(106, 11), (147, 4), (194, 28), (279, 4), (313, 34), (407, 31), (526, 30), (610, 7), (640, 12), (650, 10), (736, 39), (793, 0), (897, 5), (981, 21), (1066, 24), (1102, 18), (1203, 30), (1335, 31), (1425, 4), (1457, 25), (1510, 11)
(33, 26), (112, 14), (239, 15), (345, 31), (435, 31), (516, 22), (623, 5), (739, 12), (817, 31), (863, 37), (968, 12), (1085, 23), (1156, 28), (1248, 7), (1280, 5), (1350, 35), (1415, 9)
(113, 31), (213, 15), (245, 16), (264, 9), (355, 34), (374, 32), (465, 25), (562, 16), (741, 21), (834, 3), (931, 22), (1058, 2), (1149, 4), (1174, 39), (1221, 15), (1327, 25), (1403, 15), (1484, 36), (1577, 6), (1644, 28), (1690, 11), (1797, 16), (1820, 20)
(126, 23), (207, 11), (231, 27), (334, 36), (381, 34), (415, 19), (513, 22), (569, 23), (634, 38), (729, 6), (784, 0), (790, 1), (914, 21), (973, 7), (1062, 15), (1144, 37), (1211, 15), (1309, 0)
(99, 26), (110, 28), (172, 22), (265, 31), (336, 1), (430, 18), (480, 13), (574, 37), (639, 19), (783, 15), (829, 26), (883, 39), (975, 1), (1041, 34), (1069, 21), (1153, 7), (1298, 35), (1397, 25)
(139, 33), (214, 18), (266, 12), (365, 37), (380, 9), (521, 33), (562, 31), (674, 38), (779, 14), (871, 9), (902, 1), (989, 29), (1062, 39), (1082, 7), (1195, 36), (1286, 7), (1363, 6), (1401, 39), (1445, 35), (1523, 3), (1631, 19), (1718, 21)
(57, 26), (70, 28), (126, 22), (219, 31), (290, 1), (365, 18), (415, 13), (491, 37), (553, 19), (673, 15), (719, 26), (777, 39), (878, 1), (996, 34), (1050, 21), (1135, 7), (1266, 35), (1373, 25)
(53, 23), (159, 11), (220, 27), (332, 36), (377, 34), (413, 19), (515, 22), (572, 23), (631, 38), (722, 6), (781, 0), (807, 1), (919, 21), (966, 7), (1029, 15), (1059, 37), (1115, 15), (1167, 0)
(17, 36), (119, 32), (262, 26), (372, 26), (398, 16), (510, 38), (595, 24), (677, 1), (723, 16), (856, 35), (907, 2), (982, 12), (1061, 38), (1212, 12), (1309, 22), (1357, 19), (1462, 19), (1486, 20), (1588, 29), (1675, 1), (1694, 36), (1757, 27)
(34, 34), (122, 23), (227, 9), (250, 19), (289, 36), (393, 39), (476, 9), (597, 29), (701, 4), (808, 5), (847, 36), (890, 18), (960, 8), (1058, 31), (1088, 17), (1103, 13), (1186, 33), (1264, 16), (1334, 0), (1372, 29)
(105, 35), (142, 28), (200, 5), (206, 38), (228, 38), (274, 25), (370, 15), (432, 11), (455, 23), (517, 27), (586, 32), (624, 30), (645, 35), (702, 2), (732, 25), (762, 31), (844, 1), (947, 30), (951, 14), (1015, 28), (1065, 26)
(80, 7), (108, 19), (127, 22), (207, 19), (236, 22), (289, 5), (329, 15), (392, 25), (509, 22), (528, 21), (586, 6), (690, 31), (729, 8), (805, 36), (897, 20), (926, 25), (1041, 15), (1134, 26), (1210, 28)
(61, 36), (172, 32), (317, 26), (392, 26), (482, 16), (589, 38), (659, 24), (758, 1), (805, 16), (949, 35), (1051, 2), (1127, 12), (1153, 38), (1338, 12), (1435, 22), (1489, 19), (1553, 19), (1612, 20), (1721, 29), (1807, 1), (1827, 36), (1855, 27)
(46, 33), (123, 37), (243, 28), (265, 24), (281, 35), (361, 28), (419, 23), (515, 18), (575, 2), (639, 16), (701, 18), (815, 6), (856, 10), (917, 28), (1011, 33), (1082, 24), (1218, 4), (1255, 28), (1304, 11), (1405, 18)
(126, 35), (176, 28), (229, 5), (234, 38), (265, 38), (327, 25), (383, 15), (436, 11), (490, 23), (517, 27), (593, 32), (610, 30), (635, 35), (685, 2), (694, 25), (744, 31), (810, 1), (971, 30), (977, 14), (1025, 28), (1087, 26)
(142, 26), (158, 28), (201, 22), (294, 31), (382, 1), (458, 18), (490, 13), (583, 37), (650, 19), (767, 15), (813, 26), (890, 39), (994, 1), (1032, 34), (1048, 21), (1101, 7), (1216, 35), (1315, 25)
(38, 26), (64, 28), (102, 22), (195, 31), (270, 1), (367, 18), (391, 13), (463, 37), (529, 19), (670, 15), (716, 26), (787, 39), (891, 1), (950, 34), (982, 21), (1032, 7), (1142, 35), (1224, 25)
(20, 26), (33, 28), (86, 22), (179, 31), (244, 1), (319, 18), (333, 13), (418, 37), (482, 19), (624, 15), (670, 26), (725, 39), (827, 1), (859, 34), (917, 21), (990, 7), (1143, 35), (1212, 25)
(13, 33), (101, 37), (210, 28), (247, 24), (258, 35), (360, 28), (407, 23), (572, 18), (611, 2), (676, 16), (748, 18), (868, 6), (904, 10), (985, 28), (1080, 33), (1185, 24), (1343, 4), (1416, 28), (1485, 11), (1590, 18)
(70, 17), (145, 15), (214, 33), (224, 7), (227, 30), (340, 0), (370, 24), (453, 27), (545, 4), (670, 15), (731, 28), (821, 24), (871, 24), (938, 16), (1056, 37), (1107, 24), (1206, 36), (1253, 9), (1351, 5)
(3, 34), (95, 23), (227, 9), (280, 19), (329, 36), (356, 39), (438, 9), (578, 29), (667, 4), (784, 5), (798, 36), (839, 18), (929, 8), (1033, 31), (1071, 17), (1082, 13), (1104, 33), (1185, 16), (1247, 0), (1291, 29)
(14, 23), (44, 11), (90, 27), (200, 36), (248, 34), (289, 19), (393, 22), (448, 23), (521, 38), (616, 6), (672, 0), (699, 1), (818, 21), (864, 7), (948, 15), (989, 37), (1098, 15), (1157, 0)
(43, 26), (142, 14), (247, 15), (329, 31), (419, 31), (500, 22), (593, 5), (699, 12), (753, 31), (837, 37), (958, 12), (1042, 23), (1106, 28), (1212, 7), (1255, 5), (1317, 35), (1396, 9)
(8, 34), (112, 23), (208, 9), (256, 19), (305, 36), (348, 39), (430, 9), (563, 29), (643, 4), (741, 5), (759, 36), (812, 18), (860, 8), (943, 31), (982, 17), (995, 13), (1005, 33), (1086, 16), (1139, 0), (1185, 29)
(126, 18), (210, 15), (332, 37), (436, 26), (573, 37), (586, 23), (654, 3), (768, 14), (864, 32), (975, 1), (1046, 25), (1163, 14), (1190, 28), (1326, 31), (1392, 13), (1452, 16), (1531, 10), (1683, 4), (1708, 1)
(131, 31), (245, 15), (275, 16), (298, 9), (386, 34), (410, 32), (453, 25), (560, 16), (674, 21), (760, 3), (815, 22), (908, 2), (958, 4), (1045, 39), (1116, 15), (1207, 25), (1280, 15), (1342, 36), (1432, 6), (1496, 28), (1532, 11), (1630, 16), (1654, 20)
(9, 17), (82, 15), (152, 33), (170, 7), (173, 30), (339, 0), (380, 24), (453, 27), (575, 4), (681, 15), (758, 28), (854, 24), (903, 24), (945, 16), (1074, 37), (1174, 24), (1275, 36), (1320, 9), (1408, 5)
(112, 5), (166, 9), (245, 24), (301, 1), (346, 38), (365, 12), (439, 6), (496, 15), (542, 4), (669, 7), (781, 3), (840, 0), (940, 3), (961, 0), (1024, 30), (1114, 32)
(82, 31), (203, 15), (238, 16), (273, 9), (365, 34), (408, 32), (466, 25), (564, 16), (732, 21), (837, 3), (880, 22), (938, 2), (1016, 4), (1055, 39), (1104, 15), (1190, 25), (1265, 15), (1331, 36), (1424, 6), (1537, 28), (1568, 11), (1622, 16), (1645, 20)
(92, 30), (114, 35), (133, 12), (168, 35), (245, 2), (311, 7), (385, 18), (398, 31), (467, 13), (572, 19), (719, 10), (782, 10), (888, 11), (912, 23), (998, 35), (1046, 4), (1150, 26), (1287, 2), (1303, 6), (1351, 21)
(88, 33), (161, 37), (268, 28), (303, 24), (310, 35), (401, 28), (458, 23), (602, 18), (649, 2), (717, 16), (769, 18), (905, 6), (932, 10), (995, 28), (1030, 33), (1099, 24), (1201, 4), (1274, 28), (1331, 11), (1437, 18)
(101, 26), (182, 14), (262, 15), (364, 31), (456, 31), (536, 22), (635, 5), (724, 12), (834, 31), (896, 37), (989, 12), (1059, 23), (1121, 28), (1222, 7), (1257, 5), (1326, 35), (1404, 9)
(58, 19), (126, 10), (204, 27), (257, 6), (335, 2), (373, 29), (470, 29), (570, 36), (665, 14), (787, 28), (893, 38), (942, 39), (1023, 1), (1075, 14), (1129, 21), (1173, 30), (1356, 39), (1372, 1)
(92, 36), (212, 32), (367, 26), (483, 26), (582, 16), (670, 38), (807, 24), (895, 1), (965, 16), (1114, 35), (1217, 2), (1292, 12), (1384, 38), (1572, 12), (1673, 22), (1717, 19), (1801, 19), (1824, 20), (1911, 29), (1994, 1), (2019, 36), (2094, 27)
(9, 17), (92, 15), (154, 33), (193, 7), (196, 30), (308, 0), (385, 24), (481, 27), (561, 4), (662, 15), (742, 28), (831, 24), (896, 24), (948, 16), (1053, 37), (1125, 24), (1225, 36), (1284, 9), (1361, 5)
(79, 26), (103, 28), (173, 22), (266, 31), (336, 1), (426, 18), (486, 13), (625, 37), (687, 19), (822, 15), (868, 26), (902, 39), (995, 1), (1099, 34), (1128, 21), (1210, 7), (1296, 35), (1388, 25)
