11, 72, 27, 55, 1, 12, 62, 52, 50, 22, 17, 47, 72, 33, 48, 80, 49, 23, 16, 81, 53, 56, 15, 64, 52, 82, 73, 45, 47, 79, 38, 20, 73, 84, 63, 20, 23
11, 72, 45, 79, 84, 80, 73, 62, 73, 82, 27, 63, 23, 64, 16, 47, 53, 12, 20, 48, 17, 56, 72, 20, 23, 50, 33, 47, 52, 15, 52, 55, 38, 49, 81, 1, 22
70, 78, 61, 45, 4, 45, 64, 24, 47, 68, 37, 39, 47, 61, 58, 56, 36, 30, 79, 84, 82, 28, 19, 26, 23, 1, 14, 32, 3, 18, 57, 4, 23
35, 23, 66, 2, 64, 39, 32, 47, 67, 58, 7, 22, 30, 14, 51, 61, 24, 37, 82, 63, 68, 70, 73, 83, 74, 48, 16, 64, 58, 57, 26, 10, 23, 75, 40, 44, 46, 56, 62, 47, 19, 2, 27, 66, 72, 61, 21
80, 38, 3, 15, 54, 16, 8, 68, 23, 12, 83, 67, 57, 19, 64, 65, 21, 4, 31, 11, 30, 52, 26, 83, 66, 13, 68, 46, 63, 65, 55, 80, 44, 36, 29, 15, 9, 75, 10
64, 49, 23, 70, 7, 38, 65, 12, 59, 7, 59, 82, 66, 58, 84, 18, 8, 57, 78, 46, 37, 28, 16, 64, 20, 81, 41, 6, 71, 83, 57, 75, 17, 8, 40, 8, 15, 4, 5, 7
80, 47, 70, 24, 35, 28, 81, 39, 22, 44, 26, 74, 24, 49, 63, 7, 1, 22, 2, 42, 74, 68, 33, 37, 60, 12, 33, 27, 20, 67, 63, 16, 18, 64, 14, 52, 11, 84, 59, 74, 73, 48, 9, 55, 64, 26
80, 38, 15, 9, 44, 10, 64, 52, 3, 23, 65, 83, 68, 13, 19, 57, 54, 67, 16, 26, 55, 46, 21, 8, 63, 36, 30, 4, 11, 15, 66, 68, 65, 80, 29, 75, 83, 12, 31
80, 47, 44, 70, 68, 55, 52, 37, 73, 1, 26, 60, 81, 64, 2, 24, 35, 74, 84, 74, 64, 26, 20, 28, 27, 22, 14, 48, 63, 24, 12, 42, 22, 33, 7, 59, 49, 9, 33, 67, 74, 63, 18, 16, 11, 39
80, 38, 15, 9, 44, 52, 10, 75, 15, 26, 55, 23, 3, 54, 19, 57, 36, 83, 67, 83, 16, 12, 21, 8, 63, 13, 68, 46, 30, 31, 11, 80, 4, 66, 68, 65, 65, 64, 29
49, 22, 3, 5, 26, 81, 45, 69, 0, 55, 14, 81, 14, 74, 14, 71, 79, 1, 39, 21, 60, 54, 16, 52, 64, 59, 18, 16, 52, 11, 20, 32, 3, 76, 1, 71, 6, 65, 8, 74
64, 23, 70, 57, 58, 8, 20, 40, 59, 71, 18, 38, 28, 84, 75, 8, 66, 5, 49, 78, 65, 12, 41, 7, 6, 57, 7, 16, 46, 8, 7, 4, 17, 15, 59, 82, 83, 81, 37, 64
46, 23, 11, 49, 11, 0, 4, 52, 51, 65, 15, 69, 82, 58, 11, 63, 19, 13, 26, 40, 79, 71, 8, 47, 64, 82, 4, 84, 18, 51, 76, 27, 23, 0, 9, 70, 11, 57, 60, 18
80, 38, 3, 15, 54, 21, 11, 63, 68, 36, 83, 19, 29, 10, 80, 13, 44, 57, 30, 66, 67, 23, 16, 52, 55, 46, 65, 68, 12, 15, 8, 83, 9, 75, 31, 4, 65, 64, 26
29, 2, 84, 21, 83, 82, 84, 43, 77, 64, 9, 53, 13, 17, 56, 44, 22, 30, 25, 7, 58, 42, 41, 9, 7, 62, 79, 79, 28, 4, 68, 40, 52, 1, 56, 47, 63, 26, 80, 80
58, 26, 63, 30, 22, 49, 21, 61, 5, 24, 59, 29, 42, 25, 62, 69, 63, 37, 59, 9, 8, 10, 17, 77, 49, 74, 28, 66, 79, 28, 61, 81, 66, 12, 65, 42, 59, 35, 2, 80, 55
29, 3, 64, 0, 43, 7, 14, 56, 28, 32, 82, 79, 35, 29, 3, 7, 13, 13, 21, 10, 23, 7, 25, 35, 66, 18, 47, 72, 61, 2, 48, 14, 42, 13, 1, 27, 81, 28, 1, 1, 14, 70, 68, 36, 13
64, 23, 70, 66, 75, 49, 78, 8, 7, 71, 59, 41, 5, 40, 84, 20, 64, 16, 38, 65, 7, 6, 17, 8, 8, 15, 57, 7, 4, 83, 46, 28, 57, 12, 58, 18, 59, 81, 82, 37
52, 24, 19, 56, 32, 41, 27, 54, 20, 43, 82, 27, 20, 39, 27, 66, 53, 0, 30, 67, 65, 5, 42, 43, 3, 54, 75, 62, 58, 64, 27, 54, 49, 27, 43, 45, 72, 58, 40, 32, 21, 14, 75, 44, 32
49, 33, 73, 3, 39, 70, 77, 39, 43, 49, 0, 7, 62, 35, 35, 4, 50, 23, 51, 11, 78, 54, 82, 29, 52, 62, 38, 40, 19, 2, 36, 2, 77, 39, 15, 33, 48, 30, 56
72, 43, 77, 42, 82, 0, 59, 50, 16, 61, 43, 35, 62, 51, 7, 23, 2, 2, 23, 76, 74, 40, 16, 59, 59, 3, 60, 80, 72, 79, 67, 17, 51, 39, 24, 27, 73, 22, 26, 38
31, 6, 78, 40, 75, 15, 6, 73, 31, 38, 60, 81, 38, 8, 21, 11, 9, 10, 26, 41, 84, 48, 39, 61, 14, 81, 12, 64, 69, 43, 6, 30, 39, 66, 41
7, 8, 57, 79, 37, 61, 20, 4, 51, 54, 73, 65, 1, 56, 80, 51, 10, 37, 39, 14, 40, 15, 12, 0, 31, 62, 35, 77, 25, 69, 12, 78, 36, 56, 49, 46, 1, 9, 8, 2
62, 40, 5, 53, 36, 22, 62, 29, 38, 15, 55, 71, 19, 29, 35, 9, 82, 12, 31, 77, 78, 20, 54, 8, 43, 70, 4, 55, 39, 48, 46, 53, 4, 76, 46
10, 6, 25, 16, 49, 31, 84, 36, 73, 78, 49, 73, 49, 23, 0, 62, 34, 45, 52, 28, 83, 15, 46, 44, 32, 33, 28, 39, 35, 2, 52, 21, 58, 41, 57, 65
10, 50, 72, 75, 60, 10, 29, 30, 75, 64, 72, 37, 4, 27, 31, 18, 28, 58, 84, 41, 26, 22, 72, 19, 58, 53, 51, 7, 52, 42, 77, 50, 46, 81, 31
72, 27, 20, 33, 50, 15, 51, 70, 54, 55, 22, 80, 80, 10, 52, 13, 53, 42, 52, 27, 55, 9, 68, 73, 6, 0, 20, 20, 38, 10, 20, 57, 52, 61, 15, 20, 74, 49, 33
53, 73, 25, 74, 14, 79, 57, 73, 81, 59, 39, 43, 41, 79, 80, 5, 71, 3, 25, 72, 7, 66, 80, 30, 11, 56, 68, 81, 29, 20, 7, 39, 4, 24, 46
46, 23, 11, 4, 13, 57, 8, 40, 23, 0, 18, 11, 9, 11, 11, 70, 49, 47, 26, 65, 4, 27, 52, 0, 63, 60, 18, 69, 15, 76, 58, 79, 19, 82, 71, 51, 82, 64, 84, 51
20, 53, 77, 41, 84, 13, 46, 19, 54, 8, 31, 74, 29, 42, 26, 1, 58, 67, 8, 55, 0, 57, 27, 28, 73, 50, 4, 23, 38, 81, 8, 29, 61, 34, 42, 75, 43, 9, 74, 7
64, 23, 70, 81, 78, 65, 41, 49, 7, 7, 37, 38, 40, 15, 64, 82, 66, 59, 46, 75, 58, 84, 28, 8, 83, 57, 20, 12, 71, 18, 7, 5, 57, 17, 16, 8, 8, 59, 6, 4
45, 67, 2, 25, 59, 11, 65, 58, 50, 48, 80, 66, 63, 72, 49, 84, 81, 70, 70, 78, 72, 65, 38, 39, 0, 10, 27, 12, 34, 21, 36, 63, 2, 69, 44, 18, 17, 53, 39, 15
62, 40, 53, 62, 46, 5, 46, 20, 36, 29, 55, 12, 77, 29, 55, 71, 38, 15, 31, 22, 4, 82, 54, 9, 43, 70, 39, 35, 8, 76, 53, 78, 4, 19, 48
31, 37, 28, 37, 46, 47, 27, 19, 48, 72, 52, 17, 1, 77, 44, 9, 84, 19, 28, 24, 81, 45, 59, 23, 78, 77, 48, 7, 35, 1, 4, 12, 2, 21, 9
53, 73, 39, 41, 57, 25, 80, 71, 72, 4, 68, 74, 81, 66, 79, 73, 7, 43, 5, 29, 46, 11, 7, 39, 56, 79, 20, 14, 30, 25, 80, 81, 24, 3, 59
49, 40, 57, 5, 10, 65, 21, 32, 28, 73, 59, 22, 68, 57, 23, 8, 46, 59, 31, 2, 26, 22, 53, 7, 52, 46, 50, 84, 7, 25, 15
29, 2, 58, 47, 84, 79, 56, 17, 25, 79, 13, 26, 83, 80, 22, 21, 62, 56, 41, 28, 7, 77, 42, 44, 9, 9, 53, 30, 1, 68, 4, 52, 84, 63, 80, 64, 82, 43, 7, 40
49, 40, 57, 7, 21, 5, 28, 26, 50, 15, 25, 68, 57, 10, 32, 31, 59, 46, 65, 53, 59, 23, 22, 52, 73, 7, 8, 22, 46, 2, 84
59, 40, 47, 49, 37, 43, 77, 48, 44, 7, 23, 69, 31, 20, 34, 53, 55, 20, 48, 81, 70, 3, 43, 49, 66, 40, 32, 77, 21, 1, 56, 39, 81, 5
31, 37, 37, 48, 28, 19, 81, 7, 77, 17, 2, 19, 28, 9, 27, 47, 46, 52, 1, 59, 45, 72, 44, 24, 48, 4, 23, 1, 9, 78, 12, 35, 21, 84, 77
52, 24, 56, 19, 32, 65, 43, 20, 43, 41, 54, 20, 27, 54, 39, 45, 27, 5, 72, 44, 3, 27, 14, 54, 62, 32, 21, 58, 0, 27, 66, 42, 67, 43, 40, 64, 30, 75, 82, 53, 32, 75, 58, 49, 27
35, 22, 33, 75, 29, 23, 31, 23, 17, 62, 52, 40, 70, 23, 24, 48, 7, 62, 20, 13, 25, 54, 48, 38, 0, 81, 10, 75, 67, 14, 16, 58, 49, 71, 81, 39, 75, 16
45, 2, 80, 66, 27, 63, 2, 44, 12, 34, 18, 15, 49, 39, 11, 38, 65, 81, 50, 70, 36, 72, 84, 0, 48, 69, 70, 78, 10, 17, 65, 21, 53, 39, 25, 58, 67, 72, 59, 63
72, 43, 50, 77, 59, 7, 2, 39, 42, 76, 26, 51, 0, 59, 59, 27, 17, 74, 80, 38, 35, 23, 82, 16, 61, 43, 60, 3, 67, 62, 2, 22, 79, 23, 16, 73, 40, 72, 51, 24
29, 2, 7, 13, 83, 84, 21, 44, 41, 53, 1, 22, 30, 64, 56, 84, 79, 77, 7, 42, 52, 43, 40, 9, 82, 28, 56, 63, 4, 62, 68, 9, 17, 25, 79, 47, 80, 58, 26, 80
53, 29, 61, 35, 31, 45, 33, 54, 32, 36, 39, 11, 60, 4, 60, 17, 20, 47, 69, 43, 42, 60, 66, 8, 17, 53, 16, 59, 32, 47, 84, 69, 53, 38, 1, 63, 12, 8, 70, 84
61, 20, 34, 56, 41, 71, 60, 79, 8, 1, 36, 27, 0, 79, 53, 2, 31, 75, 60, 19, 28, 17, 36, 37, 42, 61, 38, 46, 46, 52, 33, 40, 33, 6, 42, 4, 76, 61, 40, 13, 54
50, 3, 43, 8, 59, 77, 64, 8, 31, 25, 13, 28, 24, 48, 53, 17, 55, 19, 84, 74, 34, 64, 1, 67, 38, 67, 20, 47, 42, 43, 47, 69, 27, 17, 28, 26, 76, 58, 27, 42, 49
48, 77, 72, 13, 23, 82, 17, 57, 67, 66, 29, 63, 24, 19, 1, 78, 47, 77, 16, 54, 12, 49, 83, 53, 60, 16, 52, 55, 23, 65, 42, 45, 71, 65, 84, 29, 49, 35, 14, 31, 26
0, 58, 5, 55, 2, 36, 76, 27, 2, 11, 17, 4, 28, 27, 83, 63, 66, 27, 69, 64, 66, 29, 32, 67, 78, 56, 30, 2, 23, 56, 68, 82, 3, 47, 22, 8, 6
31, 37, 28, 37, 27, 17, 19, 48, 23, 78, 1, 9, 59, 9, 24, 44, 28, 2, 35, 7, 46, 12, 72, 21, 19, 52, 77, 1, 47, 4, 81, 84, 48, 77, 45
11, 72, 27, 79, 73, 56, 84, 17, 47, 45, 20, 15, 55, 82, 47, 23, 64, 48, 16, 52, 1, 38, 62, 63, 81, 23, 50, 53, 73, 80, 52, 22, 49, 33, 20, 12, 72
45, 2, 66, 48, 38, 80, 67, 10, 65, 63, 58, 65, 25, 0, 39, 18, 59, 84, 50, 27, 72, 78, 81, 70, 21, 36, 63, 49, 44, 70, 12, 2, 39, 69, 17, 53, 34, 11, 15, 72
72, 51, 27, 20, 80, 38, 55, 55, 20, 20, 33, 80, 33, 50, 22, 42, 54, 52, 10, 20, 49, 27, 0, 73, 52, 70, 13, 68, 15, 15, 20, 9, 52, 74, 10, 6, 53, 57, 61
49, 40, 57, 5, 31, 26, 10, 32, 8, 7, 65, 25, 53, 84, 23, 50, 46, 68, 59, 52, 46, 7, 22, 21, 2, 73, 28, 15, 22, 59, 57
50, 3, 77, 8, 25, 17, 84, 13, 42, 55, 20, 28, 1, 64, 43, 58, 17, 42, 47, 26, 34, 19, 69, 49, 47, 38, 76, 27, 24, 28, 31, 43, 67, 74, 27, 67, 8, 53, 64, 48, 59
64, 18, 19, 55, 29, 29, 69, 8, 82, 4, 0, 43, 69, 25, 64, 11, 67, 21, 49, 66, 62, 66, 34, 19, 19, 53, 3, 25, 21, 61, 84, 43, 59, 42, 57, 63, 76
72, 43, 50, 77, 59, 16, 73, 76, 26, 59, 17, 35, 74, 38, 80, 51, 60, 24, 43, 23, 42, 2, 67, 79, 61, 39, 59, 72, 7, 22, 40, 16, 23, 3, 51, 27, 2, 0, 82, 62
49, 40, 57, 5, 7, 10, 22, 15, 28, 59, 65, 59, 73, 23, 21, 22, 57, 68, 84, 8, 7, 25, 2, 53, 31, 46, 26, 52, 46, 32, 50
10, 6, 25, 16, 49, 44, 33, 35, 39, 58, 46, 2, 0, 84, 73, 78, 52, 41, 52, 49, 65, 62, 31, 36, 83, 21, 73, 28, 57, 32, 49, 28, 34, 45, 15, 23
80, 38, 44, 10, 15, 3, 54, 65, 19, 8, 15, 9, 80, 65, 75, 30, 52, 21, 57, 66, 83, 4, 68, 16, 29, 68, 13, 11, 63, 23, 46, 83, 12, 55, 67, 36, 31, 64, 26
31, 6, 78, 15, 75, 40, 73, 64, 38, 6, 48, 26, 39, 66, 41, 41, 12, 39, 60, 11, 10, 30, 43, 8, 38, 84, 31, 61, 9, 6, 81, 69, 21, 14, 81
70, 78, 36, 61, 4, 47, 26, 24, 32, 68, 58, 4, 1, 45, 61, 57, 23, 56, 18, 19, 82, 14, 23, 39, 28, 30, 3, 79, 37, 47, 84, 45, 64
72, 51, 27, 20, 33, 55, 10, 54, 15, 9, 55, 20, 13, 15, 52, 0, 38, 50, 61, 73, 10, 68, 74, 20, 33, 70, 52, 6, 57, 80, 53, 20, 20, 49, 52, 27, 80, 42, 22
59, 47, 49, 32, 56, 81, 1, 48, 77, 39, 40, 77, 66, 81, 40, 37, 34, 31, 5, 53, 20, 49, 7, 69, 23, 48, 20, 55, 70, 21, 43, 44, 3, 43
70, 78, 61, 82, 1, 36, 28, 32, 57, 14, 26, 23, 37, 24, 79, 47, 58, 39, 19, 45, 68, 84, 4, 45, 4, 61, 30, 23, 64, 47, 3, 18, 56
29, 3, 64, 79, 0, 29, 13, 7, 61, 14, 25, 32, 2, 35, 70, 1, 13, 42, 27, 36, 13, 14, 35, 81, 68, 23, 47, 72, 7, 10, 28, 3, 13, 56, 14, 7, 66, 18, 43, 21, 28, 1, 48, 82, 1
50, 3, 8, 43, 42, 8, 67, 47, 43, 27, 69, 74, 84, 76, 26, 17, 25, 53, 42, 49, 24, 77, 1, 28, 27, 58, 64, 17, 48, 55, 20, 47, 31, 13, 28, 59, 64, 38, 67, 34, 19
52, 24, 19, 56, 32, 40, 3, 58, 27, 20, 14, 54, 20, 43, 30, 62, 0, 21, 41, 27, 39, 27, 72, 32, 27, 65, 54, 43, 32, 54, 75, 44, 27, 66, 82, 67, 42, 5, 75, 49, 43, 53, 45, 64, 58
52, 24, 19, 56, 49, 32, 75, 67, 5, 64, 45, 40, 20, 32, 62, 20, 0, 66, 30, 53, 27, 58, 3, 14, 32, 54, 54, 58, 43, 27, 44, 27, 82, 42, 21, 27, 75, 41, 43, 72, 39, 54, 27, 65, 43
7, 53, 55, 77, 84, 70, 17, 82, 15, 67, 32, 47, 70, 27, 74, 52, 60, 54, 82, 26, 4, 15, 73, 51, 68, 4, 8, 42, 50, 21, 5, 36, 32, 38, 13, 50, 45, 73, 4, 77, 65, 10, 9, 70, 38, 71
49, 22, 3, 20, 64, 14, 14, 76, 1, 14, 79, 74, 55, 32, 81, 18, 21, 69, 5, 52, 1, 0, 3, 54, 60, 26, 81, 45, 71, 16, 11, 8, 16, 59, 74, 71, 65, 52, 39, 6
61, 20, 34, 1, 79, 54, 41, 27, 8, 46, 60, 0, 4, 36, 13, 6, 76, 36, 33, 40, 33, 56, 79, 71, 61, 17, 31, 61, 42, 40, 38, 37, 52, 75, 53, 19, 46, 2, 42, 60, 28
49, 33, 35, 73, 38, 2, 48, 33, 52, 7, 36, 11, 30, 77, 39, 19, 82, 23, 62, 51, 78, 49, 77, 56, 62, 54, 70, 39, 3, 4, 50, 39, 43, 35, 2, 29, 0, 15, 40
10, 50, 64, 30, 72, 42, 18, 58, 22, 29, 77, 41, 10, 31, 75, 7, 19, 46, 60, 72, 58, 72, 52, 28, 84, 27, 37, 26, 53, 50, 51, 81, 31, 4, 75
31, 37, 48, 4, 28, 37, 45, 77, 9, 78, 19, 7, 24, 17, 1, 35, 27, 48, 59, 2, 12, 47, 1, 52, 21, 44, 23, 46, 28, 84, 9, 81, 19, 77, 72
49, 45, 0, 8, 22, 5, 6, 3, 26, 18, 76, 74, 81, 74, 64, 54, 16, 71, 52, 14, 20, 32, 14, 81, 1, 21, 39, 3, 55, 65, 14, 79, 60, 59, 11, 69, 52, 16, 1, 71
59, 47, 49, 66, 77, 1, 56, 48, 31, 53, 40, 20, 44, 37, 20, 43, 40, 81, 43, 7, 48, 55, 32, 5, 21, 49, 81, 34, 39, 70, 3, 77, 23, 69
0, 58, 64, 2, 11, 4, 30, 55, 63, 28, 29, 27, 78, 8, 76, 36, 66, 67, 17, 27, 23, 27, 69, 5, 56, 66, 32, 68, 82, 3, 56, 47, 2, 83, 2, 22, 6
53, 73, 25, 39, 25, 79, 56, 81, 7, 73, 4, 41, 14, 59, 20, 29, 24, 3, 72, 80, 74, 46, 66, 5, 30, 39, 71, 79, 57, 81, 68, 43, 7, 80, 11
70, 36, 78, 47, 61, 61, 19, 84, 45, 4, 58, 30, 24, 26, 23, 64, 37, 68, 56, 4, 82, 47, 28, 79, 45, 32, 14, 57, 3, 1, 18, 39, 23
11, 72, 53, 80, 33, 1, 27, 17, 38, 56, 15, 62, 63, 64, 20, 52, 55, 49, 22, 23, 72, 81, 48, 73, 84, 52, 82, 47, 23, 12, 16, 20, 73, 47, 79, 45, 50
59, 84, 9, 64, 44, 59, 30, 34, 36, 79, 44, 43, 44, 55, 48, 11, 24, 36, 72, 33, 82, 43, 50, 33, 28, 72, 2, 28, 11, 26, 41, 23, 56, 46, 76, 74, 16, 4, 27, 24, 49, 18, 5, 63, 66, 73, 33, 12, 40, 20
7, 61, 8, 57, 51, 79, 20, 65, 36, 2, 1, 69, 37, 73, 1, 9, 77, 4, 51, 54, 0, 37, 31, 8, 12, 10, 39, 80, 56, 14, 49, 25, 78, 56, 46, 62, 40, 12, 35, 15
52, 32, 24, 19, 56, 20, 58, 45, 53, 21, 75, 27, 27, 0, 27, 30, 54, 49, 72, 14, 27, 67, 27, 32, 66, 82, 39, 41, 42, 75, 65, 44, 64, 32, 54, 43, 5, 54, 43, 43, 40, 3, 20, 58, 62
53, 73, 25, 24, 71, 25, 81, 41, 72, 3, 20, 29, 39, 7, 39, 56, 79, 14, 80, 4, 57, 81, 74, 80, 66, 68, 7, 43, 59, 11, 5, 46, 73, 30, 79
72, 33, 27, 20, 51, 55, 52, 50, 15, 22, 20, 80, 70, 55, 10, 57, 15, 42, 80, 27, 73, 52, 6, 20, 61, 10, 52, 13, 74, 38, 53, 9, 54, 20, 68, 0, 33, 20, 49
0, 58, 66, 55, 66, 27, 27, 2, 78, 63, 5, 67, 23, 69, 83, 17, 2, 82, 28, 56, 3, 56, 47, 11, 22, 68, 29, 8, 6, 30, 64, 2, 27, 4, 36, 76, 32
49, 22, 5, 54, 3, 16, 8, 74, 45, 79, 1, 81, 32, 18, 14, 74, 20, 3, 71, 6, 64, 21, 71, 14, 39, 52, 14, 65, 76, 81, 59, 26, 0, 69, 60, 52, 1, 16, 11, 55
31, 37, 37, 45, 19, 48, 28, 1, 47, 24, 27, 81, 19, 72, 52, 78, 9, 77, 23, 46, 59, 44, 28, 35, 12, 21, 1, 4, 84, 9, 77, 17, 48, 7, 2
59, 84, 36, 59, 4, 24, 16, 43, 12, 50, 44, 56, 63, 11, 76, 64, 73, 72, 36, 20, 46, 44, 33, 33, 72, 28, 9, 48, 82, 34, 44, 27, 23, 18, 28, 43, 2, 40, 79, 66, 24, 30, 49, 11, 55, 33, 74, 5, 41, 26
59, 84, 36, 44, 24, 44, 44, 43, 26, 79, 33, 5, 48, 2, 4, 33, 72, 74, 9, 18, 82, 50, 59, 41, 73, 12, 66, 40, 64, 30, 16, 34, 27, 43, 24, 36, 28, 11, 46, 11, 23, 33, 72, 55, 49, 56, 76, 28, 63, 20
59, 84, 36, 59, 73, 30, 64, 5, 34, 24, 79, 43, 82, 28, 48, 11, 44, 33, 11, 41, 66, 44, 36, 27, 9, 33, 16, 26, 55, 12, 46, 72, 74, 43, 72, 23, 49, 56, 76, 28, 63, 20, 2, 44, 24, 18, 50, 4, 33, 40
50, 3, 67, 43, 17, 8, 26, 53, 58, 59, 42, 13, 64, 28, 77, 48, 67, 27, 20, 55, 38, 27, 49, 47, 19, 17, 31, 25, 24, 34, 74, 8, 47, 76, 64, 42, 84, 1, 69, 28, 43
61, 20, 33, 34, 6, 79, 0, 71, 61, 38, 37, 46, 42, 40, 28, 53, 17, 75, 60, 61, 31, 8, 76, 33, 36, 41, 60, 2, 42, 19, 46, 56, 13, 52, 54, 40, 1, 4, 36, 79, 27
59, 84, 50, 4, 59, 34, 36, 28, 24, 33, 64, 63, 28, 33, 79, 27, 44, 76, 82, 46, 11, 55, 36, 16, 33, 40, 23, 20, 43, 72, 5, 74, 49, 2, 66, 56, 18, 41, 12, 73, 9, 44, 26, 48, 44, 43, 72, 30, 11, 24
10, 6, 25, 41, 0, 78, 49, 39, 52, 84, 23, 21, 58, 16, 36, 34, 52, 45, 65, 28, 83, 15, 33, 28, 49, 57, 2, 49, 32, 73, 62, 73, 31, 35, 46, 44
46, 23, 4, 65, 11, 82, 13, 52, 11, 58, 69, 79, 71, 63, 64, 82, 57, 18, 15, 60, 19, 47, 26, 51, 40, 0, 84, 8, 51, 0, 4, 11, 18, 76, 23, 70, 27, 9, 11, 49
20, 53, 41, 31, 55, 57, 42, 8, 67, 8, 8, 26, 58, 54, 29, 73, 46, 19, 77, 50, 13, 27, 28, 74, 4, 9, 42, 74, 84, 34, 23, 75, 81, 38, 43, 29, 0, 61, 1, 7
55, 37, 59, 40, 7, 47, 49, 43, 32, 39, 81, 31, 20, 5, 34, 81, 70, 3, 77, 23, 69, 48, 43, 48, 44, 53, 20, 40, 49, 21, 77, 66, 1, 56
61, 20, 8, 34, 31, 33, 1, 6, 61, 4, 2, 41, 28, 40, 42, 56, 13, 60, 19, 46, 60, 27, 54, 71, 76, 79, 36, 0, 53, 17, 61, 36, 79, 38, 75, 37, 46, 42, 33, 52, 40
81, 12, 71, 28, 83, 13, 63, 2, 33, 1, 7, 8, 2, 71, 45, 73, 36, 78, 40, 48, 75, 1, 50, 1, 76, 5, 41, 79, 81, 35, 30, 18, 22, 62, 49, 76, 19, 39, 25, 35, 36
0, 58, 27, 2, 47, 32, 76, 17, 8, 55, 83, 4, 63, 22, 36, 2, 27, 78, 28, 66, 11, 5, 67, 27, 66, 30, 2, 69, 64, 29, 6, 23, 56, 68, 82, 56, 3
0, 58, 68, 82, 4, 2, 56, 27, 17, 29, 22, 69, 28, 55, 5, 67, 30, 11, 2, 23, 64, 56, 47, 78, 63, 32, 83, 27, 27, 6, 66, 8, 3, 66, 36, 76, 2
46, 23, 4, 11, 65, 9, 70, 52, 0, 82, 27, 23, 11, 63, 79, 4, 40, 69, 49, 15, 11, 51, 71, 60, 8, 58, 18, 13, 57, 19, 82, 11, 26, 76, 64, 47, 18, 84, 51, 0
7, 53, 32, 47, 77, 54, 52, 36, 70, 13, 55, 71, 38, 5, 15, 68, 74, 84, 73, 50, 77, 50, 4, 17, 70, 15, 60, 73, 67, 4, 38, 51, 45, 10, 9, 70, 42, 65, 32, 27, 8, 82, 82, 4, 26, 21
53, 29, 45, 69, 54, 32, 66, 17, 53, 60, 33, 12, 47, 8, 43, 84, 4, 84, 8, 20, 59, 36, 42, 1, 69, 31, 53, 11, 70, 39, 35, 60, 63, 47, 61, 16, 17, 60, 38, 32
35, 7, 24, 39, 23, 37, 58, 22, 58, 32, 66, 64, 47, 51, 63, 74, 48, 67, 73, 83, 70, 30, 26, 64, 57, 61, 75, 44, 40, 2, 66, 27, 72, 61, 21, 82, 10, 46, 62, 47, 19, 56, 68, 16, 23, 2, 14
50, 3, 8, 42, 43, 25, 55, 24, 49, 8, 59, 43, 17, 64, 27, 69, 27, 42, 17, 77, 64, 58, 1, 19, 26, 74, 53, 28, 67, 28, 84, 20, 48, 67, 13, 38, 34, 47, 47, 31, 76
7, 53, 52, 55, 4, 65, 68, 70, 27, 4, 15, 73, 21, 50, 13, 54, 82, 38, 47, 73, 60, 15, 82, 5, 45, 32, 70, 26, 36, 50, 77, 51, 8, 4, 42, 32, 10, 70, 71, 9, 84, 77, 38, 17, 67, 74
53, 29, 45, 69, 32, 54, 53, 66, 8, 60, 32, 33, 35, 61, 36, 12, 53, 60, 4, 47, 8, 70, 69, 84, 59, 31, 63, 43, 17, 84, 38, 17, 39, 11, 47, 42, 20, 16, 60, 1
48, 77, 72, 13, 17, 55, 26, 31, 83, 60, 47, 49, 63, 23, 66, 19, 67, 12, 23, 82, 49, 1, 42, 57, 77, 53, 29, 65, 52, 71, 84, 78, 29, 16, 45, 16, 54, 65, 14, 35, 24
46, 23, 11, 82, 4, 71, 49, 8, 15, 0, 4, 64, 58, 11, 79, 76, 27, 65, 52, 18, 23, 70, 19, 63, 69, 84, 9, 51, 82, 0, 51, 11, 11, 60, 13, 57, 47, 26, 40, 18
80, 47, 44, 68, 70, 37, 74, 20, 2, 1, 12, 59, 48, 67, 39, 49, 33, 11, 27, 55, 16, 24, 22, 35, 7, 81, 42, 28, 26, 9, 64, 24, 74, 63, 60, 73, 74, 18, 63, 84, 22, 64, 26, 52, 14, 33
31, 37, 37, 28, 28, 46, 84, 1, 19, 81, 9, 17, 19, 21, 48, 4, 59, 77, 2, 7, 77, 72, 45, 47, 48, 52, 24, 9, 27, 1, 23, 78, 35, 12, 44
21, 3, 7, 82, 9, 44, 39, 77, 3, 35, 32, 35, 39, 83, 55, 28, 73, 41, 78, 55, 63, 53, 63, 29, 62, 63, 17, 65, 61, 78, 51, 80, 64, 32, 15, 81, 79, 6, 67
8, 2, 82, 15, 63, 78, 63, 38, 8, 1, 34, 72, 9, 5, 31, 16, 54, 39, 34, 10, 43, 73, 3, 39, 48, 17, 15, 68, 9, 12, 7, 68, 34, 49, 24, 45, 54, 43, 33, 58, 65
80, 38, 15, 66, 30, 64, 57, 65, 21, 68, 12, 3, 26, 15, 67, 16, 11, 63, 46, 44, 68, 19, 13, 8, 31, 52, 23, 80, 65, 55, 83, 9, 4, 29, 10, 36, 75, 54, 83
11, 72, 27, 48, 79, 23, 84, 64, 45, 17, 15, 47, 73, 38, 52, 50, 16, 63, 22, 20, 20, 12, 72, 49, 23, 33, 62, 55, 73, 1, 47, 53, 80, 81, 52, 82, 56
61, 20, 8, 17, 36, 31, 4, 61, 34, 33, 27, 75, 61, 1, 42, 19, 2, 60, 60, 53, 56, 38, 71, 76, 41, 79, 79, 0, 37, 28, 36, 54, 6, 46, 40, 13, 42, 46, 33, 52, 40
52, 24, 19, 62, 56, 0, 40, 27, 54, 32, 44, 30, 54, 64, 41, 27, 58, 54, 27, 32, 5, 20, 43, 27, 27, 75, 72, 45, 21, 39, 14, 82, 43, 65, 42, 53, 67, 43, 32, 20, 3, 66, 75, 58, 49
58, 26, 29, 42, 21, 61, 49, 22, 63, 59, 8, 63, 55, 37, 59, 30, 81, 24, 61, 17, 25, 80, 28, 66, 5, 9, 77, 12, 74, 49, 65, 79, 66, 35, 69, 59, 28, 62, 2, 42, 10
80, 38, 15, 66, 44, 8, 21, 11, 68, 3, 68, 4, 30, 31, 19, 29, 23, 65, 80, 26, 9, 16, 64, 67, 65, 10, 75, 52, 54, 83, 83, 12, 13, 57, 46, 63, 36, 55, 15
59, 84, 64, 34, 44, 36, 30, 41, 44, 66, 63, 59, 43, 5, 18, 9, 72, 55, 82, 2, 16, 33, 44, 79, 26, 11, 74, 20, 43, 12, 50, 28, 33, 56, 72, 76, 46, 24, 11, 27, 73, 49, 23, 4, 24, 33, 48, 28, 36, 40
49, 40, 57, 15, 21, 5, 28, 46, 50, 84, 73, 7, 31, 57, 65, 10, 26, 25, 22, 59, 23, 68, 32, 59, 7, 46, 8, 2, 22, 52, 53
20, 53, 74, 46, 77, 41, 38, 29, 81, 84, 23, 42, 8, 4, 43, 27, 29, 1, 42, 31, 75, 0, 19, 26, 8, 67, 73, 50, 13, 28, 7, 55, 74, 34, 9, 61, 8, 57, 58, 54
7, 61, 8, 57, 79, 36, 46, 51, 12, 12, 49, 35, 80, 37, 78, 8, 51, 1, 65, 40, 20, 56, 31, 15, 4, 73, 77, 2, 69, 62, 56, 14, 25, 37, 9, 1, 10, 0, 54, 39
0, 58, 3, 76, 56, 55, 47, 4, 30, 67, 83, 27, 64, 23, 82, 5, 2, 11, 32, 2, 28, 22, 29, 2, 17, 27, 78, 66, 63, 69, 66, 6, 8, 56, 27, 68, 36
53, 29, 45, 69, 54, 31, 38, 84, 61, 53, 63, 17, 32, 66, 36, 8, 60, 43, 69, 59, 47, 53, 17, 32, 47, 16, 4, 12, 70, 11, 42, 60, 35, 20, 60, 1, 8, 33, 84, 39
50, 3, 8, 43, 48, 34, 19, 64, 17, 47, 24, 31, 84, 59, 67, 8, 49, 27, 77, 64, 53, 74, 20, 26, 55, 67, 13, 47, 69, 28, 28, 1, 38, 42, 76, 17, 27, 43, 25, 42, 58
49, 40, 57, 5, 23, 15, 52, 2, 10, 7, 68, 53, 59, 50, 46, 7, 22, 84, 46, 25, 59, 22, 8, 26, 21, 28, 57, 31, 32, 73, 65
72, 43, 77, 50, 23, 74, 62, 40, 82, 59, 76, 59, 79, 67, 51, 27, 51, 2, 73, 60, 72, 0, 80, 26, 17, 24, 39, 2, 16, 16, 22, 42, 7, 23, 35, 38, 3, 43, 61, 59
48, 17, 72, 77, 13, 49, 14, 67, 52, 63, 42, 71, 47, 84, 29, 49, 19, 23, 16, 29, 23, 35, 31, 45, 1, 57, 77, 65, 16, 83, 24, 66, 26, 53, 78, 12, 54, 65, 55, 60, 82
58, 26, 49, 63, 66, 29, 79, 17, 74, 61, 42, 66, 59, 25, 28, 22, 21, 65, 8, 10, 81, 59, 28, 69, 61, 63, 5, 35, 62, 24, 12, 59, 37, 9, 30, 42, 49, 80, 77, 2, 55
64, 23, 70, 46, 41, 7, 65, 78, 18, 59, 8, 38, 7, 40, 15, 49, 57, 84, 59, 81, 28, 17, 8, 8, 16, 20, 57, 66, 71, 82, 5, 12, 6, 58, 83, 37, 7, 4, 64, 75
46, 23, 11, 57, 9, 82, 11, 52, 79, 23, 4, 60, 0, 27, 51, 70, 71, 0, 18, 13, 47, 76, 26, 8, 63, 18, 65, 11, 15, 11, 64, 40, 69, 58, 4, 19, 49, 82, 84, 51
48, 77, 13, 66, 1, 12, 31, 35, 57, 72, 17, 42, 24, 49, 47, 23, 23, 54, 26, 55, 78, 63, 49, 53, 19, 29, 65, 82, 60, 65, 83, 67, 14, 84, 16, 52, 77, 29, 71, 45, 16
64, 23, 70, 49, 75, 15, 16, 71, 5, 59, 40, 64, 84, 8, 37, 78, 59, 7, 46, 8, 57, 20, 38, 66, 65, 6, 57, 17, 81, 7, 28, 4, 41, 82, 12, 58, 83, 8, 18, 7
64, 23, 70, 75, 15, 40, 64, 65, 12, 78, 28, 8, 37, 58, 7, 8, 84, 18, 49, 38, 57, 7, 4, 59, 81, 20, 6, 59, 66, 82, 83, 17, 8, 41, 71, 16, 7, 57, 5, 46
65, 64, 49, 23, 38, 70, 17, 8, 15, 12, 18, 58, 20, 59, 37, 6, 7, 81, 64, 71, 28, 78, 84, 7, 75, 82, 83, 16, 40, 4, 66, 59, 8, 7, 41, 57, 5, 46, 8, 57
35, 22, 33, 75, 48, 81, 23, 24, 7, 0, 25, 23, 48, 38, 75, 29, 16, 17, 40, 58, 16, 70, 54, 75, 62, 81, 13, 23, 52, 62, 49, 71, 67, 39, 10, 20, 14, 31
49, 40, 57, 5, 26, 25, 46, 21, 8, 22, 68, 28, 84, 2, 57, 53, 52, 31, 50, 10, 73, 32, 7, 65, 15, 22, 59, 23, 46, 59, 7
11, 72, 47, 47, 17, 27, 15, 64, 38, 22, 49, 52, 52, 33, 72, 20, 63, 62, 82, 81, 53, 1, 56, 80, 23, 55, 12, 20, 73, 73, 23, 84, 48, 45, 79, 16, 50
59, 47, 49, 43, 44, 20, 31, 40, 69, 56, 7, 32, 43, 1, 48, 40, 5, 37, 55, 48, 3, 34, 81, 77, 53, 81, 39, 70, 49, 23, 20, 21, 77, 66
53, 73, 25, 39, 25, 39, 29, 73, 30, 71, 79, 81, 20, 57, 24, 66, 56, 41, 4, 14, 80, 43, 81, 59, 72, 68, 79, 74, 3, 7, 7, 11, 80, 5, 46
64, 15, 23, 70, 8, 59, 78, 64, 7, 37, 17, 81, 20, 59, 49, 46, 82, 57, 8, 66, 16, 41, 65, 71, 75, 40, 57, 38, 84, 12, 58, 28, 5, 7, 7, 18, 8, 83, 6, 4
20, 53, 41, 73, 77, 28, 75, 26, 23, 0, 1, 29, 29, 74, 50, 38, 43, 27, 67, 55, 4, 81, 42, 42, 31, 7, 74, 8, 9, 8, 34, 57, 58, 61, 13, 84, 54, 8, 46, 19
72, 27, 20, 20, 51, 54, 61, 42, 52, 55, 52, 15, 33, 73, 20, 49, 22, 80, 38, 15, 70, 50, 10, 74, 33, 55, 6, 9, 27, 13, 10, 53, 80, 0, 57, 68, 20, 20, 52
45, 2, 10, 81, 48, 27, 80, 65, 72, 12, 84, 69, 66, 63, 15, 39, 72, 65, 17, 21, 50, 70, 78, 0, 38, 63, 36, 34, 53, 59, 25, 58, 39, 11, 2, 67, 44, 49, 18, 70
8, 2, 82, 12, 54, 9, 34, 1, 5, 68, 49, 73, 38, 39, 63, 45, 65, 34, 72, 48, 3, 15, 9, 39, 15, 7, 8, 78, 68, 58, 33, 54, 10, 63, 16, 17, 31, 34, 43, 43, 24
61, 20, 34, 8, 60, 41, 4, 33, 61, 52, 60, 42, 13, 1, 40, 54, 17, 38, 71, 28, 79, 56, 31, 33, 36, 27, 36, 53, 6, 2, 40, 19, 76, 0, 46, 61, 37, 42, 75, 46, 79
64, 23, 38, 65, 70, 49, 7, 15, 64, 78, 66, 57, 46, 18, 8, 59, 71, 7, 7, 5, 37, 75, 41, 16, 83, 40, 28, 12, 59, 58, 8, 57, 84, 20, 8, 6, 81, 4, 82, 17
52, 24, 19, 56, 32, 64, 67, 49, 0, 20, 58, 27, 32, 43, 32, 43, 41, 75, 66, 5, 54, 27, 62, 54, 21, 42, 53, 30, 54, 44, 27, 45, 72, 82, 27, 40, 14, 75, 65, 39, 58, 20, 27, 43, 3
70, 78, 61, 18, 61, 23, 84, 57, 45, 26, 32, 36, 64, 4, 30, 1, 28, 47, 47, 39, 82, 23, 37, 56, 14, 79, 58, 19, 24, 4, 45, 68, 3
29, 3, 13, 64, 72, 29, 43, 36, 7, 14, 3, 2, 28, 7, 27, 56, 1, 14, 47, 35, 32, 1, 79, 23, 1, 0, 13, 82, 7, 10, 13, 81, 28, 66, 14, 25, 18, 35, 68, 70, 48, 61, 21, 42, 13
48, 77, 13, 16, 29, 17, 84, 71, 72, 19, 45, 52, 26, 57, 23, 82, 49, 53, 78, 16, 66, 67, 42, 1, 12, 54, 49, 47, 60, 14, 65, 63, 55, 31, 23, 35, 29, 65, 24, 83, 77
46, 23, 4, 11, 26, 47, 13, 82, 65, 71, 18, 51, 19, 52, 11, 40, 79, 51, 15, 0, 82, 58, 63, 0, 8, 60, 11, 69, 57, 64, 4, 18, 76, 70, 9, 84, 23, 27, 11, 49
7, 53, 52, 54, 42, 55, 74, 82, 73, 32, 82, 51, 13, 38, 68, 15, 77, 4, 60, 47, 70, 21, 77, 73, 17, 27, 5, 26, 70, 15, 70, 67, 10, 9, 50, 8, 4, 50, 36, 38, 32, 45, 4, 71, 84, 65
72, 33, 27, 10, 55, 51, 20, 55, 20, 38, 33, 73, 80, 74, 10, 52, 80, 15, 20, 52, 57, 52, 42, 6, 53, 49, 22, 61, 50, 27, 54, 20, 70, 68, 15, 0, 13, 9, 20
70, 47, 36, 78, 61, 61, 30, 32, 26, 64, 1, 37, 84, 23, 45, 4, 23, 47, 56, 82, 28, 14, 79, 58, 19, 24, 4, 68, 45, 3, 18, 57, 39
64, 18, 55, 19, 29, 69, 53, 57, 82, 61, 43, 66, 63, 69, 25, 29, 11, 49, 76, 66, 84, 25, 0, 59, 34, 19, 64, 8, 67, 4, 21, 19, 62, 21, 3, 43, 42
80, 47, 37, 44, 55, 70, 73, 68, 26, 2, 20, 1, 64, 74, 49, 26, 67, 22, 63, 59, 84, 27, 22, 7, 35, 42, 18, 33, 14, 28, 74, 60, 24, 16, 64, 81, 74, 24, 11, 48, 12, 9, 33, 39, 63, 52
80, 47, 68, 59, 44, 70, 14, 74, 37, 64, 33, 12, 20, 11, 73, 64, 16, 27, 63, 74, 26, 74, 55, 2, 1, 67, 7, 24, 48, 39, 18, 60, 28, 22, 81, 35, 26, 24, 9, 22, 49, 33, 42, 63, 52, 84
74, 33, 39, 80, 65, 11, 75, 57, 5, 23, 77, 69, 6, 21, 32, 29, 81, 76, 42, 31, 59, 44, 20, 74, 53, 28, 63, 62, 79, 44, 10, 40, 69, 20, 35, 73, 18, 50, 30, 34, 52, 57, 37, 74
62, 40, 5, 53, 54, 4, 71, 39, 76, 48, 78, 43, 31, 70, 15, 20, 35, 55, 8, 19, 53, 62, 22, 55, 9, 46, 36, 77, 29, 4, 46, 12, 82, 29, 38
20, 53, 46, 41, 8, 54, 13, 28, 8, 50, 8, 34, 74, 81, 19, 84, 77, 73, 23, 4, 27, 38, 74, 57, 61, 9, 58, 29, 29, 1, 42, 0, 75, 31, 67, 55, 7, 42, 43, 26
7, 53, 15, 55, 52, 77, 74, 47, 51, 13, 70, 4, 17, 8, 82, 67, 15, 5, 70, 42, 10, 38, 68, 21, 9, 54, 77, 82, 70, 60, 50, 27, 50, 4, 26, 73, 45, 38, 36, 4, 71, 84, 32, 65, 73, 32
46, 23, 11, 11, 4, 47, 26, 27, 13, 51, 52, 60, 69, 71, 0, 57, 65, 79, 40, 49, 11, 11, 63, 82, 8, 18, 64, 4, 0, 84, 18, 76, 15, 58, 51, 9, 23, 70, 19, 82
59, 84, 43, 48, 73, 12, 20, 44, 27, 56, 64, 33, 76, 36, 28, 16, 59, 63, 33, 43, 33, 24, 44, 55, 2, 34, 40, 46, 36, 28, 11, 23, 9, 79, 74, 18, 44, 66, 72, 49, 30, 24, 50, 5, 41, 11, 4, 82, 26, 72
74, 5, 20, 33, 74, 62, 42, 21, 32, 63, 81, 53, 69, 80, 57, 20, 39, 29, 79, 6, 35, 44, 75, 10, 44, 73, 40, 69, 28, 23, 52, 30, 50, 18, 57, 65, 34, 76, 77, 37, 11, 59, 31, 74
35, 23, 24, 66, 46, 7, 39, 19, 30, 10, 40, 44, 63, 74, 47, 75, 72, 26, 61, 83, 58, 62, 2, 37, 14, 66, 21, 64, 64, 48, 2, 61, 27, 68, 82, 58, 70, 73, 47, 16, 22, 57, 32, 67, 23, 51, 56
72, 43, 50, 77, 59, 82, 24, 62, 60, 74, 0, 59, 23, 40, 59, 17, 80, 76, 79, 67, 39, 72, 16, 73, 51, 26, 22, 2, 16, 38, 42, 7, 35, 43, 23, 61, 3, 51, 27, 2
61, 20, 34, 17, 38, 2, 46, 33, 8, 36, 36, 71, 33, 1, 37, 61, 41, 19, 56, 6, 31, 60, 75, 42, 52, 42, 46, 28, 79, 27, 40, 40, 53, 0, 60, 61, 4, 76, 13, 54, 79
72, 27, 20, 50, 42, 49, 52, 54, 70, 10, 27, 6, 80, 51, 61, 13, 74, 20, 38, 52, 33, 20, 22, 73, 68, 33, 55, 20, 15, 0, 15, 9, 53, 55, 80, 52, 10, 57, 20
10, 6, 25, 28, 16, 36, 34, 52, 23, 0, 45, 15, 49, 41, 73, 35, 58, 57, 2, 49, 65, 62, 31, 33, 52, 39, 84, 49, 21, 78, 83, 28, 73, 32, 46, 44
31, 6, 78, 38, 60, 21, 39, 41, 81, 31, 30, 41, 8, 61, 66, 11, 15, 26, 38, 6, 84, 14, 12, 81, 73, 48, 9, 75, 40, 64, 10, 43, 6, 69, 39
49, 40, 57, 2, 32, 28, 59, 7, 46, 21, 65, 22, 53, 52, 73, 26, 23, 5, 10, 31, 46, 84, 57, 15, 50, 22, 25, 7, 68, 59, 8
31, 6, 78, 84, 11, 41, 15, 40, 81, 43, 31, 66, 60, 14, 64, 6, 6, 69, 21, 12, 39, 75, 81, 61, 41, 26, 38, 30, 38, 48, 73, 8, 39, 9, 10
31, 6, 78, 15, 66, 31, 41, 60, 21, 75, 40, 26, 61, 81, 48, 6, 39, 73, 38, 9, 38, 41, 10, 8, 11, 84, 14, 81, 12, 64, 43, 69, 6, 39, 30
58, 26, 63, 24, 21, 55, 61, 59, 8, 28, 30, 59, 49, 22, 61, 65, 35, 59, 25, 42, 80, 42, 81, 29, 37, 2, 74, 66, 12, 5, 63, 66, 79, 77, 9, 49, 28, 69, 62, 17, 10
29, 3, 64, 13, 29, 43, 36, 79, 68, 25, 7, 14, 1, 82, 7, 66, 70, 35, 0, 1, 48, 18, 13, 14, 3, 13, 21, 7, 42, 32, 23, 13, 47, 10, 72, 27, 61, 81, 14, 2, 35, 28, 56, 1, 28
21, 3, 28, 39, 3, 39, 63, 55, 78, 29, 9, 55, 17, 77, 7, 80, 35, 83, 32, 73, 82, 63, 63, 35, 65, 32, 64, 81, 6, 15, 67, 79, 41, 44, 53, 62, 61, 78, 51
7, 53, 55, 52, 45, 4, 54, 50, 65, 5, 9, 73, 15, 74, 70, 73, 4, 42, 70, 77, 67, 21, 71, 50, 15, 27, 32, 51, 38, 84, 70, 47, 82, 38, 17, 68, 8, 4, 60, 82, 26, 36, 32, 13, 77, 10
64, 18, 69, 67, 19, 64, 29, 21, 53, 19, 3, 55, 42, 62, 84, 8, 19, 11, 25, 59, 76, 4, 66, 57, 21, 69, 63, 82, 43, 43, 29, 49, 61, 66, 0, 25, 34
64, 23, 70, 75, 49, 59, 64, 83, 15, 71, 66, 7, 65, 40, 5, 38, 84, 58, 57, 12, 81, 16, 17, 78, 8, 7, 28, 18, 8, 46, 20, 37, 41, 82, 8, 59, 57, 7, 6, 4
72, 27, 20, 51, 33, 20, 13, 55, 15, 70, 54, 74, 61, 10, 50, 55, 0, 80, 15, 33, 53, 68, 20, 49, 20, 38, 52, 20, 27, 22, 52, 80, 9, 42, 73, 52, 10, 6, 57
29, 3, 64, 43, 3, 82, 47, 1, 13, 35, 28, 23, 7, 61, 14, 29, 36, 2, 1, 79, 14, 56, 66, 28, 0, 68, 1, 70, 48, 25, 13, 35, 14, 42, 27, 7, 13, 13, 81, 72, 7, 10, 32, 18, 21
17, 48, 72, 57, 77, 49, 13, 19, 53, 42, 63, 49, 78, 83, 65, 23, 12, 31, 29, 60, 14, 71, 16, 65, 26, 29, 55, 35, 66, 77, 84, 45, 24, 52, 16, 82, 67, 54, 47, 1, 23
53, 29, 45, 32, 53, 53, 43, 69, 66, 60, 33, 69, 47, 59, 63, 70, 84, 4, 60, 39, 11, 32, 12, 38, 54, 1, 35, 31, 16, 8, 42, 61, 20, 47, 8, 60, 17, 84, 36, 17
70, 36, 78, 61, 30, 61, 47, 37, 32, 26, 47, 64, 23, 84, 79, 45, 4, 14, 58, 28, 82, 23, 56, 19, 24, 68, 4, 45, 3, 18, 57, 39, 1
10, 6, 25, 45, 35, 49, 58, 62, 34, 73, 65, 52, 23, 52, 39, 33, 46, 16, 44, 57, 49, 36, 0, 41, 49, 28, 73, 15, 31, 84, 2, 83, 21, 78, 28, 32
70, 36, 78, 47, 61, 24, 82, 23, 1, 61, 4, 26, 18, 32, 84, 23, 3, 64, 58, 28, 68, 45, 4, 30, 57, 79, 19, 45, 14, 37, 47, 39, 56
72, 43, 59, 50, 77, 76, 59, 61, 74, 16, 67, 43, 2, 23, 42, 16, 73, 51, 72, 35, 60, 40, 24, 7, 38, 59, 39, 62, 79, 27, 0, 82, 22, 51, 23, 2, 3, 80, 17, 26
50, 3, 8, 25, 69, 47, 27, 43, 76, 42, 31, 27, 77, 28, 43, 67, 74, 1, 13, 58, 28, 42, 67, 34, 24, 84, 38, 47, 49, 55, 8, 64, 17, 53, 26, 20, 48, 17, 64, 59, 19
23, 13, 30, 84, 2, 22, 38, 2, 34, 61, 81, 65, 4, 65, 63, 66, 75, 23, 72, 50, 25, 19, 53, 35, 59, 64, 29, 34, 65, 60, 61, 2, 56, 70, 59, 78, 31, 25, 54, 11
49, 22, 52, 26, 45, 74, 3, 1, 18, 20, 39, 81, 71, 5, 14, 59, 52, 16, 14, 11, 81, 32, 64, 3, 65, 1, 54, 79, 55, 21, 14, 71, 74, 8, 60, 69, 6, 16, 76, 0
11, 72, 27, 62, 72, 47, 82, 80, 47, 16, 64, 84, 55, 20, 1, 53, 79, 48, 17, 73, 52, 56, 38, 22, 49, 45, 73, 15, 12, 50, 33, 81, 63, 23, 20, 23, 52
29, 2, 44, 56, 83, 25, 30, 41, 84, 17, 9, 43, 4, 7, 64, 79, 68, 13, 77, 52, 58, 62, 7, 40, 56, 82, 79, 42, 53, 47, 22, 1, 84, 21, 26, 9, 80, 80, 28, 63
50, 3, 8, 38, 1, 27, 13, 47, 47, 20, 74, 49, 34, 28, 76, 8, 43, 27, 55, 69, 58, 17, 25, 64, 31, 67, 43, 67, 84, 77, 53, 42, 24, 26, 48, 17, 59, 64, 42, 19, 28
50, 3, 8, 43, 26, 43, 48, 42, 69, 1, 34, 42, 17, 59, 47, 49, 64, 67, 19, 31, 27, 58, 25, 28, 17, 55, 67, 53, 28, 77, 47, 76, 8, 64, 24, 27, 74, 84, 20, 13, 38
