0.9354416979037704
0.9007061246378116
0.930710572865525
0.9676526189322223
0.915664175067503
0.9223962354742123
0.9374694461258842
0.9030490175928497
0.951953280823167
0.9346232979101983
0.9338330771836202
0.952627535847508
0.9579926673094894
0.9742052957138507
0.9475387040985915
0.9285513713344915
0.9424129230698818
0.9425304575939862
0.9663503231919637
0.9411764412504351
0.9301874575325176
0.9503551002008405
0.959447467614816
0.9405571610253108
0.9053966964667912
0.9181028774063125
0.9520957527940149
0.9391171686745391
0.8917414750529453
0.9324898903940829
0.9554331368309862
0.9397706027043492
0.9513365544100626
0.9500699596508345
0.9293432738325101
0.9498709344411403
0.9205634053388343
0.9132488273447771
0.8983656515512072
0.955205685533368
0.9378718835972083
0.9596573658224956
0.930274914477532
0.9569974495031076
0.9474551565258039
0.9495899187786514
0.9569160475203373
0.9692519160487301
0.950173637995942
0.9667252357813025
0.9187212251935014
0.9497427502055812
0.9584015931677553
0.89059776268105
0.9005007937512582
0.9649446915713981
0.9385297435928198
0.9176055510498976
0.9562395476204535
0.9048132710846097
0
0.924692915003351
0
0.8545685609442927
0.9288902694268825
0.8422688912918407
0.8526584066042581
0
0
0
0.9313576995829541
0.9387437045140562
0.9292215038485989
0.9344155631906451
0.9128898975126947
0.914148998593933
0
0.8939121813738572
0.8636660190296962
0.9303250282052415
0.9264721258808967
0.965007554650788
0
0.9468312606575535
0
0.9140128996068372
0.8769755627568537
0.9214030058686535
0.8575669023848057
0.9401371506360601
0.9572848123774561
0.9659827487643112
0.9330774884803781
0.9547596574330072
0.9616994218358793
0.9576725989290829
0.8981418596286683
0.9613946592674191
0.9505989655804793
0.9341558370063754
0.944954677975534
0
0.9012523789556784
0
0
0.9403968923502605
0.9117492783719369
0.9428597553805277
0
0.8864263763196737
0.9400676720370967
0.9369240065822074
0
0.8913733223870863
0
0.8660505952031913
0.9377438092785906
0.8395076919737066
0.930388523366922
0
0.883907525003312
0.9487597285308011
0.9117158869180173
0.9620214309381513
0.875906331571167
0.914188957482348
0.9412409977261623
0.9497828761586756
0.9150596112391514
0.9249958639839337
0.9316423321449833
0
0
0.9187419680960489
0
0.9430626171912349
0
0.9388542838051934
0.9029259744235667
0.9083780208047878
0
0.9161905155284032
0.9247066244874352
0.8754718142401857
0
0
0.8699105223275673
0.9068875448403025
0.9315635718246035
0.9197450089537205
0.9217594675474639
0.9084001928298803
0.8768472407718463
0
0.9104982601042974
0.9638110746969204
0
0.9421556097349558
0
0.9248321519543834
0.8903089737082873
0.925655035904011
0.9521349072697602
0.9256239261963981
0.8542359650859889
0.9210956271349798
0.9399632454782274
0
0.9444121161207278
0.9477702583255777
0.9121401794966135
0
0
0
0.9550515952281633
0
0.9124250535144776
0.9143604961441045
0.9225988294673938
0.91197586795304
0
0.9678798920807081
0.9664484122266472
0.9147012953842245
0.9370507831271401
0.9116844162932691
0
0.9464050976853385
0.854004149008439
0.84921918316628
0
0.9262970065848682
0.8944550926373073
0.9244550380974528
0.958461594290621
0.9183508048864643
0
0.9222255147094051
0
0.9434186627021763
0
0.9455462138595865
0.8999104270114039
0.903226138447532
0.9487331285164123
0.9375428519874729
0
0.9437874713045951
0
0.9282403067900457
0
0.9152774467565017
0.9048861744481868
0
0.9512482006422337
0.9434186909241392
0.9370188549075271
0
0
0
0.9042774039494366
0.9160205364359106
0.9218066147401928
0
0.8758536671847091
0
0.9001400509135753
0.9429174819714708
0.9169036161068977
0
0.9499695740588933
0.9588825256677592
0.9031240608544239
0.8706144707567417
0.8795228769629778
0
0
0.963833408898521
0.9394162367911127
0.9126940715257188
0.8440528751150252
0.9371018209718892
0.8784170953450184
0.9574064533775689
0.9053321232416109
0.9442049191335805
0
0.8627022663272254
0.9477207822010881
0.9304145172559635
0.9543095892237319
0
0
0.9170996521485608
0
0.8871309097243916
0.9371258347558444
0.8833909709233195
0.911269430048557
0.9356123262406728
0
0
0.863083785600501
0.8507511865084814
0
0
0
0
0
0
0
0
0
0.8112074965972449
0
0
0
0
0
0
0
0
0
0
0
0.8432613320223835
0
0
0
0
0
0
0.8492904598757182
0
0
0
0
0
0
0
0
0
0
0
0.9029254931752986
0.8645326636708724
0
0
0
0
0
0
0
0
0
0
0
0
0
0
0
0
0
0.8801588798697084
0
0
0
0
0.8526451447385023
0
0
0
0
0
0
0
0
0
0
0
0
0
0
0
0
0
0
0
0
0
0
0.8668718152797658
0.9229693326945169
0
0
0
0
0
0.8544014071014865
0
0
0
0
0.8751655174182005
0
0.8624139864476629
0
0
0
0
0
0
0
0
0
0
0
0
0
0
0.9092629592103392
0
0
0
0
0.8674533248279616
0
0.8730753679227095
0
0.8664689785703816
0
0
0.8897540480243159
0
0
0
0
0
0
0
0
0
0.8789638561341916
0
0
0
0
0
0
0
0
0
0.8897476202959462
0
0
0
0
0
0
0
0
0
0
0.840012707166563
0.8542235894938663
0
0
0
0
0.8846328671636216
0
0
0
0
0
0
0
0
0
0
0
0
0
0
0
0.8717953290253089
0
0
0
0
0
0
0
0
0
0
0
0
0
0.8479372654680012
