0.9649350397727113
0.9391966458025426
0.9139817914086097
0.9310446363626457
0.9327566955973047
0.9384808859493903
0.9217799247786812
0.9104118518186562
0.9008896344848756
0.9563248534924791
0.9662970810758588
0.9250912808545898
0.8976356950863716
0.943409532944334
0.9403290215903926
0.9288974199519702
0.9399774817775216
0.9488588819153733
0.9381296041175836
0.9515702326911868
0.942560219941076
0.9297628553892119
0.9287922337527877
0.9357040155480312
0.9293056591246652
0.9213023844298787
0.939686725046637
0.9567631517152442
0.9431741667000648
0.9139035637312141
0.9522544741640998
0.9320416224530514
0.9350705886761194
0.9457110983761211
0.9466355772102524
0.9201141777640295
0.9441244596106129
0.9579541185061086
0.9420827889605294
0.9294847587294964
0.8820664350901984
0.9074639382480213
0.9381983853040536
0.9208013983209274
0.889163780242644
0.9270945176911333
0.9252488770686734
0.922757420734762
0.9289451554609511
0.9497007167032684
0.9381368489553185
0.9656645134790428
0.9439487797373775
0.9449723171254218
0.9209886775115131
0.9203115315827577
0.9084619393517186
0.91319257641406
0.9276155156848503
0.941614853262588
0.8841695894032803
0.9200833786856111
0.9162200883803947
0.9052814326891793
0.8943125750251784
0.9574368844116491
0.9403545450689988
0.9093595445584067
0.9325753020086665
0.9379937844014244
0.9528257804774615
0.8864483487360753
0.9549711870699268
0.9283120704454225
0.9451694479152194
0.9405964846111826
0.9497097310440317
0.9281827602077021
0.9485813337264904
0.9546133020917128
0.9168991728797027
0.9255530193947387
0.9553371891790671
0.936294624349213
0.9186021424853859
0.9452495201749106
0.9473914303618991
0.9572847597450586
0.9496897277432906
0.9306521467500533
0.9081814461243022
0.9303205113214404
0.9450708954978446
0.941220689920093
0.9192663888528672
0.9662673038008934
0.9265285229672809
0.9134050971366772
0.9462580126841356
0.8940287482845665
0.9261183890576896
0.935552969333549
0.9447694276525879
0.8826895154782431
0.9345772023663114
0.9402229173367976
0.9401183606086742
0.9036182225569815
0.9239643318931582
0.9112478721251471
0.9251536500842591
0.9379446247924584
0.8663049485908769
0.9174748779459927
0.9230668321119314
0.9221059206593085
0.9250778886029393
0.930155575507846
0.9037227514949947
0.9227487910780565
0.8867400005224018
0.9401193010477644
0.8877332475205522
0.9441199077939549
0.8695809611490608
0.9152367775153676
0.9340243037684961
0.903782479065265
0.9269616639168252
0.929782770707154
0.9452403977074988
0.9195853344671351
0.9094293221085994
0.948260272591187
0.9383118966053434
0.9244854537702731
0.9185943750149852
0.9172692194617218
0.9055445238870806
0.9298828470339634
0.9340799664717458
0.9049112230806521
0.9075964657232793
0.8897110836649629
0.8927436116624463
0.9137836617558112
0.8860530320824657
0.9273638712362714
0.943461049436211
0.9669371335197425
0.9338281959132569
0.9327424231822553
0.9223646150952853
0.9125515963319741
0.9496856980331935
0.9241581298471027
0.886159025114367
0.921743094027006
0.9176150167576523
0.9093475181350035
0.9285481654741561
0.9301211759117366
0.9268056439070805
0.9144358963391624
0.9576815043588315
0.932412568193864
0.9463983113364174
0.8940189232051663
0.9124891320807487
0.9251583337782696
0.923393194218595
0.9038210172482734
0.9306509767022328
0.938428587789429
0
0.8891881335924541
0.9295093898879834
0.9070635177345432
0.927304874750582
0.9464315827505403
0.914567940549636
0.8982602034626023
0.950693576323631
0.9217049382978459
0.955923795064136
0.9266059381491352
0.9541844687757427
0.9384295501656379
0.9196418332144353
0.9370586328703667
0.9233354891983571
0.9265335013084635
0.8821261410379424
0.9409362740159534
0.8722024392745311
0.9003246620699107
0.9430247217680642
0.9221017454833854
0.9267184619548192
0.9331429644764274
0.9134030958919953
0.9147700950333562
0.9362639813498186
0.939590143573612
0.9155885475862408
0.88826308773022
0.9176808821929979
0.9388395631086691
0.9134922379224376
0.9260375699784973
0.8754118358571197
0.9216048683292477
0.9394891044805131
0.9077910711912899
0.9414473173106966
0.9516202148094164
0.9326369621043904
0.9218248337498978
0.9176343284903403
0.915155539689369
0.9211669012432252
0.9290328360717102
0.9377214412809108
0.9084146137612559
0.9144109499242913
0.9200362586740368
0.9179783937731245
0.9354397401759381
0.9353185315936507
0.9470730313736575
0.883360788592946
0.9176807242183539
0.9108668899174793
0.9594142050719447
0.870590401348746
0.8958179683194729
0.8767891813091121
0.8837389060728493
0.9420261496839665
0.9453187016708909
0.9264661520756257
0.9375108948870982
0.9145115618406517
0.9111369394511528
0.9211469125193931
0.9277334924905463
0.9342485389136744
0.8780878046039001
0.9307621769307731
0.9376909234314272
0.8596261078029416
0.9165688191789102
0.8706975892968665
0.9223124323245192
0.9552006107602578
0.9112856642028405
0.8977583514312385
0.9185086339352517
0.896862574183345
0.9186013138055263
0.9413162619309985
0
0.9441710814460231
0.9175799292304813
0
0.9342221867048724
0.9037829828765614
0.9514492104124564
0.9129180862534305
0.8908025454442007
0.9432829104164498
0.9103802842903015
0.952338048505229
0.9132334726407205
0.9597771914059988
0.9255494075584
0.9219471151527003
0.9201098837083517
0.9541528374190104
0.9116196267130753
0.9313446362121864
0.9257874721040481
0.9201199560365477
0.9080768813845979
0.9260342397171542
0.9244547266282306
0.9160133785513066
0.9513483854919772
0.9487500046673412
0.9336859558072743
0.9212791225304606
0.9491191762649647
0.9134801203344626
0.9041771416608592
0.9197217266377832
0.9237241131573973
0.9315723694904292
0.899243482286857
0.9444310391361317
0.9342542815142396
0.9110921914365246
0.9111825664441819
0.9210792163190025
0.9296540529409265
0.8949040145695749
0.9497203107335751
0.9150141516922742
0.928304689057594
0.9222502443761299
0.920244439691896
0.8767420663010848
0.921508702561031
0.9352491444326019
0.9403143788095578
0.8905284972388418
0.9393117030214286
0.8977281434211005
0.9362162137274074
0.9295381458035156
0.9492993199667493
0.9256334856903158
0.9311042569811911
0.9441194662898722
0.9137876470736355
0.9335151347712826
0.940512339264927
0.9383031342108867
0.925272547090482
0.8798803755091271
0.9182921488352738
0.9436062841379218
0.9320465758011889
0.8918236249712204
0.933628488061244
0
0.8945444367290453
0.9073885992597897
0.9299011212481674
0.915346313064092
0.9124342452365851
0.8914689243989797
0.8781904543352115
0.9110078530014714
0.9483264745679028
0.9171870977089428
0.8754391006132103
0.8432655690129002
0.9584344968944668
0.9514778901187259
0.9403323870652408
0.9033557112966419
0.9199226451436081
0.9185691463500147
0.9298508802888367
0.9511206061939453
0.9155290376576252
0.9217570450419731
0.9341907080201015
0.9093183855682815
0.9401699571801689
0.9360308229072444
0.9312773213785711
0.9294686088762056
0.9254246065142202
0.8968187025223369
0.9525478925658016
0.9155996212822706
0.9352622638142132
0.9354575307125677
0.9386748852923839
0.8961854766032981
0.9179205744501913
0.9259820802281642
0.904682740750069
0.8921674464386199
0.9280262613155607
0.9196323788332618
0.9259761155923079
0.9236364100659358
0.9232069790031224
0.9482379461123138
0.9458336959298601
0.9118230776256607
0.91970170730226
0.9354617237098776
0.9169556582683407
0.9122365944630537
0.9143887278905877
0.9311800402088485
0.9331304728727849
0
0
0
0.8839417675552212
0.8746766658572225
0
0
0
0
0.8780053596243867
0
0.9032273628886573
0.9220780899810899
0.872597948560213
0.8059356340100385
0
0.8726361572303388
0
0
0.8986870188128154
0
0
0
0
0
0
0
0
0
0
0
0
0
0
0
0.8596346346367667
0
0
0
0
0
0.8156916721740325
0
0
0.8525623027435506
0.8937828793694634
0
0
0
0
0.9053704648542938
0
0
0
0.9174971702157814
0
0
0
0
0
0
0
0
0.7901844597619457
0
0
0
0
0.8565264184833687
0
0.9026664970658593
0.8943479500991113
0
0
0.8538227907273266
0
0
0.8870408517056352
0
0
0
0
0
0.8945495983427264
0
0
0
0.8578358964680983
0
0
0
0
0
0
0
0
0
0.8727972093215177
0
0
0
0.9198075830048691
0
0
0.8669130666997409
0
0
0.8791332161753912
0
0.8772627962877078
0
0
0.8694269540951969
0.9084583362394877
0
0
0.9139639092137642
0
0
0
0
0.8811907747989484
0
0.9096267607509262
0.8393172849993455
0.9093133385245153
0
0.8516331692958904
0
0
0.8496781428538361
0
0
0
0
0
0
0
0
0
0
0
0
0
0
0
0
0
0.9473767415856995
0
0.8908497632265213
0
0
0
0
0.8813862747590185
0
0.8839427517996984
0
0
0.9264580497271101
0
0
0.8342393767498109
0
0
0
0.8217744071561843
0
0
0
0
0
0
0
0
0
0.9504971911591275
0.8452320676120607
0
0
0.9450859227988204
0.8894771709832433
0.8926188599410297
0
0
0
0.8719049379729431
0
0
0
0
0.8752432371178827
0.86274214728057
0.9048691788699535
0
0
0
0.8206535043961342
0.9419511273968104
0
0.8819859008381713
0
0
0
0.8051612159720902
0.8587247203047262
0.9494678880395678
0
0
0
0
0
0
0
0
0
0
0
0.8354837608093889
0
0.9039601182546817
0
0
0
0.8567488144309224
0
0
0.9369935488272654
0.9170084121622223
0
0.9161392446086724
0
0
0
0.9209871797118836
0.8881365713380267
0
0
0
0
0
0.9394128141546239
0.8929838015555761
0
0
0.9189619661703298
0
0
0
0
0
0
0
0
0.7942506623497673
0
0
0
0
0
0
0
0
0
0
0.8921686189562746
0
0
0
0.8699851720882057
0
0
0.9417482325770027
0
0
0
0
0
0
0
0
0
0
0
0
0
0.8445385584064421
0
0
0
0
0
0.9570390340792942
0
0
0.7887715721922653
0
0
0.8414040736631182
