9, 6, 9, 3, 5, 7, 1, 7, 4
9, 6, 3, 9, 1, 5, 7, 7, 4
9, 6, 3, 9, 5, 1, 7, 7, 4
9, 6, 9, 3, 1, 5, 7, 7, 4
9, 6, 9, 3, 1, 5, 7, 7, 4
9, 6, 9, 3, 5, 1, 7, 7, 4
9, 6, 9, 3, 5, 7, 1, 7, 4
9, 6, 9, 3, 5, 1, 7, 7, 4
9, 6, 9, 3, 5, 7, 1, 7, 4
9, 6, 9, 1, 3, 5, 7, 7, 4
9, 6, 9, 3, 1, 5, 7, 7, 4
9, 6, 9, 1, 3, 5, 7, 7, 4
9, 6, 9, 3, 5, 7, 1, 7, 4
9, 6, 9, 1, 3, 5, 7, 7, 4
9, 6, 9, 3, 5, 1, 7, 7, 4
9, 6, 9, 3, 5, 7, 1, 7, 4
9, 6, 9, 3, 1, 5, 7, 7, 4
9, 6, 9, 3, 5, 7, 1, 7, 4
9, 6, 9, 3, 1, 5, 7, 7, 4
9, 6, 9, 3, 1, 5, 7, 7, 4
9, 6, 9, 1, 3, 5, 7, 7, 4
9, 6, 9, 3, 5, 7, 1, 7, 4
9, 6, 9, 3, 5, 1, 7, 7, 4
9, 6, 9, 3, 5, 1, 7, 7, 4
9, 6, 9, 3, 5, 1, 7, 7, 4
9, 6, 9, 3, 5, 7, 1, 7, 4
9, 6, 9, 3, 1, 5, 7, 7, 4
9, 6, 9, 3, 1, 5, 7, 7, 4
9, 6, 9, 3, 5, 1, 7, 7, 4
9, 6, 3, 9, 5, 7, 1, 7, 4
9, 6, 9, 3, 5, 7, 1, 7, 4
9, 6, 9, 3, 5, 7, 1, 7, 4
9, 6, 3, 9, 5, 7, 1, 7, 4
9, 6, 9, 3, 5, 7, 1, 7, 4
9, 6, 9, 3, 5, 7, 1, 7, 4
9, 6, 9, 3, 5, 1, 7, 7, 4
9, 6, 9, 3, 5, 7, 1, 7, 4
9, 6, 9, 1, 3, 5, 7, 7, 4
9, 6, 9, 3, 5, 7, 1, 7, 4
9, 6, 9, 3, 1, 7, 5, 7, 4
9, 6, 9, 3, 1, 5, 7, 7, 4
9, 6, 9, 1, 3, 5, 7, 7, 4
9, 6, 9, 3, 5, 7, 1, 7, 4
9, 6, 9, 3, 5, 7, 1, 7, 4
9, 6, 9, 3, 5, 1, 7, 7, 4
9, 6, 9, 3, 5, 7, 1, 7, 4
9, 6, 9, 1, 3, 5, 7, 7, 4
9, 6, 9, 3, 5, 7, 1, 7, 4
9, 6, 9, 3, 5, 7, 1, 7, 4
9, 6, 9, 3, 5, 7, 1, 7, 4
9, 6, 9, 3, 1, 5, 7, 7, 4
9, 6, 3, 9, 1, 5, 7, 7, 4
9, 6, 9, 3, 5, 1, 7, 7, 4
9, 6, 9, 1, 3, 5, 7, 7, 4
9, 6, 9, 3, 5, 1, 7, 7, 4
9, 6, 9, 1, 3, 7, 5, 7, 4
9, 6, 9, 3, 1, 5, 7, 7, 4
9, 6, 9, 3, 1, 5, 7, 7, 4
9, 6, 9, 3, 5, 1, 7, 7, 4
9, 6, 3, 9, 1, 5, 7, 7, 4
9, 6, 3, 9, 1, 5, 7, 7, 4
9, 6, 9, 3, 5, 7, 1, 7, 4
9, 6, 3, 9, 1, 5, 7, 7, 4
9, 6, 9, 3, 5, 7, 1, 7, 4
9, 6, 9, 3, 5, 1, 7, 7, 4
9, 6, 9, 3, 5, 7, 1, 7, 4
9, 6, 9, 1, 3, 5, 7, 7, 4
9, 6, 9, 3, 5, 1, 7, 7, 4
9, 6, 9, 1, 3, 5, 7, 7, 4
9, 6, 9, 3, 5, 7, 1, 7, 4
9, 6, 9, 3, 5, 7, 1, 7, 4
9, 6, 9, 3, 1, 5, 7, 7, 4
9, 6, 9, 3, 5, 7, 1, 7, 4
9, 6, 3, 9, 5, 1, 7, 7, 4
9, 6, 9, 3, 1, 5, 7, 7, 4
9, 6, 9, 3, 5, 1, 7, 7, 4
9, 6, 3, 9, 5, 7, 1, 7, 4
9, 6, 9, 3, 5, 1, 7, 7, 4
9, 6, 9, 3, 5, 7, 1, 7, 4
9, 6, 9, 3, 1, 5, 7, 7, 4
9, 6, 9, 3, 5, 1, 7, 7, 4
9, 6, 3, 9, 1, 5, 7, 7, 4
9, 6, 9, 3, 1, 5, 7, 7, 4
9, 6, 9, 3, 1, 5, 7, 7, 4
9, 6, 9, 3, 5, 1, 7, 7, 4
9, 6, 9, 3, 1, 5, 7, 7, 4
9, 6, 9, 3, 5, 7, 1, 7, 4
9, 6, 3, 9, 1, 5, 7, 7, 4
9, 6, 9, 3, 5, 7, 1, 7, 4
9, 6, 9, 1, 3, 5, 7, 7, 4
9, 6, 9, 3, 1, 5, 7, 7, 4
9, 6, 9, 3, 5, 7, 1, 7, 4
9, 6, 9, 3, 5, 7, 1, 7, 4
9, 6, 9, 3, 5, 1, 7, 7, 4
9, 6, 9, 3, 5, 1, 7, 7, 4
9, 6, 9, 3, 5, 7, 1, 7, 4
9, 6, 3, 9, 1, 5, 7, 7, 4
9, 6, 9, 3, 1, 5, 7, 7, 4
9, 6, 9, 1, 3, 5, 7, 7, 4
9, 6, 9, 3, 5, 7, 1, 7, 4
9, 6, 9, 3, 5, 1, 7, 7, 4
9, 6, 9, 3, 5, 1, 7, 7, 4
9, 6, 3, 9, 5, 1, 7, 7, 4
9, 6, 9, 3, 5, 7, 1, 7, 4
9, 6, 9, 3, 5, 7, 1, 7, 4
9, 6, 9, 3, 5, 1, 7, 7, 4
9, 6, 3, 9, 1, 7, 5, 4, 7
9, 6, 9, 3, 5, 7, 1, 7, 4
9, 6, 9, 3, 5, 1, 7, 7, 4
9, 6, 9, 3, 5, 7, 1, 7, 4
9, 6, 9, 3, 1, 5, 7, 7, 4
9, 6, 9, 3, 5, 7, 1, 7, 4
9, 6, 3, 9, 1, 5, 7, 7, 4
9, 6, 9, 3, 5, 7, 1, 7, 4
9, 6, 9, 3, 5, 7, 1, 7, 4
9, 6, 3, 9, 1, 5, 7, 7, 4
9, 6, 9, 3, 5, 7, 1, 7, 4
9, 6, 9, 3, 5, 7, 1, 7, 4
9, 6, 9, 3, 1, 5, 7, 7, 4
9, 6, 9, 3, 5, 7, 1, 7, 4
9, 6, 9, 3, 5, 1, 7, 7, 4
9, 6, 9, 3, 5, 1, 7, 7, 4
9, 6, 3, 9, 5, 1, 7, 7, 4
9, 6, 9, 3, 5, 7, 1, 7, 4
9, 6, 9, 3, 5, 1, 7, 7, 4
9, 6, 9, 3, 1, 5, 7, 7, 4
9, 6, 9, 3, 5, 7, 1, 7, 4
9, 6, 9, 3, 5, 7, 1, 7, 4
9, 6, 3, 9, 5, 1, 7, 7, 4
9, 6, 9, 3, 5, 1, 7, 7, 4
9, 6, 9, 3, 5, 1, 7, 7, 4
9, 6, 9, 3, 5, 7, 1, 7, 4
9, 6, 3, 9, 1, 5, 7, 7, 4
9, 6, 9, 3, 5, 1, 7, 7, 4
9, 6, 9, 3, 5, 1, 7, 7, 4
9, 6, 9, 3, 1, 5, 7, 7, 4
9, 6, 9, 3, 5, 1, 7, 7, 4
9, 6, 9, 1, 3, 5, 7, 7, 4
9, 6, 9, 3, 5, 7, 1, 7, 4
9, 6, 9, 3, 5, 7, 1, 7, 4
9, 6, 9, 3, 1, 5, 7, 7, 4
9, 6, 3, 9, 5, 7, 1, 7, 4
9, 6, 3, 9, 1, 5, 7, 7, 4
9, 9, 6, 3, 1, 7, 5, 7, 4
9, 6, 9, 3, 5, 7, 1, 7, 4
9, 6, 9, 1, 3, 5, 7, 7, 4
9, 6, 9, 3, 5, 7, 1, 7, 4
9, 6, 3, 9, 1, 7, 5, 7, 4
9, 6, 3, 9, 1, 5, 7, 7, 4
9, 6, 9, 3, 1, 5, 7, 7, 4
9, 6, 9, 3, 1, 5, 7, 7, 4
9, 6, 3, 9, 5, 1, 7, 7, 4
9, 6, 9, 3, 5, 7, 1, 7, 4
9, 6, 3, 9, 5, 7, 1, 7, 4
9, 6, 9, 3, 5, 7, 1, 7, 4
9, 6, 3, 9, 1, 5, 7, 7, 4
9, 6, 9, 3, 5, 1, 7, 7, 4
9, 6, 9, 1, 3, 7, 5, 7, 4
9, 6, 9, 3, 5, 7, 1, 7, 4
9, 6, 3, 9, 5, 1, 7, 7, 4
9, 6, 3, 9, 5, 7, 1, 7, 4
9, 6, 9, 3, 1, 5, 7, 7, 4
9, 6, 9, 3, 1, 5, 7, 4, 7
9, 6, 9, 3, 5, 7, 1, 7, 4
9, 6, 9, 3, 5, 7, 1, 7, 4
9, 6, 9, 3, 5, 7, 1, 7, 4
9, 6, 9, 3, 5, 7, 1, 7, 4
9, 6, 9, 3, 1, 5, 7, 7, 4
9, 6, 9, 1, 3, 5, 7, 7, 4
9, 6, 9, 1, 3, 5, 7, 7, 4
9, 6, 9, 3, 5, 7, 1, 7, 4
9, 6, 9, 3, 1, 5, 7, 7, 4
9, 6, 3, 9, 1, 5, 7, 7, 4
9, 6, 3, 9, 5, 1, 7, 7, 4
9, 6, 9, 3, 5, 1, 7, 7, 4
9, 6, 9, 3, 5, 1, 7, 7, 4
9, 6, 9, 3, 1, 5, 7, 7, 4
9, 6, 9, 3, 1, 5, 7, 4, 7
9, 6, 9, 3, 5, 7, 1, 7, 4
9, 6, 9, 3, 5, 7, 1, 7, 4
9, 6, 9, 3, 5, 7, 1, 7, 4
9, 6, 9, 3, 5, 7, 1, 7, 4
9, 6, 9, 3, 5, 7, 1, 7, 4
9, 6, 9, 3, 5, 1, 7, 7, 4
9, 6, 9, 3, 1, 5, 7, 7, 4
9, 6, 9, 3, 5, 1, 7, 7, 4
9, 6, 9, 3, 1, 5, 7, 7, 4
9, 6, 9, 3, 5, 1, 7, 7, 4
9, 6, 9, 1, 3, 5, 7, 7, 4
9, 6, 9, 3, 5, 7, 1, 7, 4
9, 6, 9, 3, 5, 7, 1, 7, 4
9, 6, 9, 3, 5, 1, 7, 7, 4
9, 6, 9, 3, 5, 7, 1, 7, 4
9, 6, 9, 3, 5, 1, 7, 7, 4
9, 6, 3, 9, 1, 5, 7, 7, 4
9, 6, 9, 3, 1, 5, 7, 7, 4
9, 6, 9, 3, 1, 5, 7, 7, 4
9, 6, 3, 9, 5, 7, 1, 7, 4
9, 6, 9, 1, 3, 7, 5, 7, 4
9, 6, 9, 3, 5, 7, 1, 7, 4
9, 6, 9, 3, 5, 7, 1, 7, 4
9, 6, 9, 3, 1, 5, 7, 7, 4
9, 6, 3, 9, 5, 1, 7, 7, 4
9, 6, 9, 1, 3, 5, 7, 7, 4
9, 6, 9, 1, 3, 5, 7, 7, 4
9, 9, 6, 3, 5, 7, 1, 7, 4
9, 6, 9, 3, 1, 5, 7, 4, 7
9, 6, 9, 3, 1, 5, 7, 7, 4
9, 6, 9, 3, 1, 5, 7, 7, 4
9, 6, 3, 9, 5, 7, 1, 7, 4
9, 6, 9, 1, 3, 5, 7, 7, 4
9, 6, 3, 9, 5, 7, 1, 7, 4
9, 6, 9, 3, 5, 7, 1, 7, 4
9, 6, 9, 3, 1, 5, 7, 7, 4
9, 6, 9, 3, 5, 7, 1, 7, 4
9, 6, 9, 3, 5, 7, 1, 7, 4
9, 6, 3, 9, 5, 7, 1, 7, 4
9, 6, 9, 1, 3, 5, 7, 7, 4
9, 6, 9, 3, 5, 1, 7, 7, 4
9, 6, 3, 9, 5, 1, 7, 7, 4
9, 6, 9, 1, 3, 5, 7, 7, 4
9, 6, 9, 3, 5, 1, 7, 7, 4
9, 6, 9, 3, 1, 5, 7, 7, 4
9, 6, 3, 9, 1, 5, 7, 7, 4
9, 6, 9, 3, 5, 7, 1, 7, 4
9, 6, 3, 9, 5, 7, 1, 7, 4
9, 6, 9, 3, 1, 5, 7, 7, 4
9, 6, 9, 3, 5, 1, 7, 7, 4
9, 6, 9, 3, 5, 1, 7, 7, 4
9, 6, 9, 3, 1, 5, 7, 7, 4
9, 6, 9, 3, 1, 5, 7, 7, 4
9, 6, 9, 3, 5, 1, 7, 7, 4
9, 6, 3, 9, 1, 5, 7, 7, 4
9, 6, 9, 3, 1, 5, 7, 7, 4
9, 6, 9, 3, 5, 7, 1, 7, 4
9, 6, 9, 3, 5, 7, 1, 7, 4
9, 6, 9, 3, 5, 7, 1, 7, 4
9, 6, 9, 3, 1, 5, 7, 7, 4
9, 6, 3, 9, 5, 1, 7, 7, 4
9, 6, 9, 3, 1, 5, 7, 7, 4
9, 6, 9, 1, 3, 7, 5, 7, 4
9, 6, 9, 3, 5, 7, 1, 7, 4
9, 6, 3, 9, 5, 7, 1, 7, 4
9, 6, 9, 3, 1, 5, 7, 7, 4
9, 6, 9, 3, 1, 5, 7, 7, 4
9, 6, 9, 3, 5, 7, 1, 7, 4
9, 6, 9, 3, 5, 7, 1, 7, 4
9, 6, 9, 3, 5, 7, 1, 7, 4
9, 6, 9, 3, 5, 1, 7, 7, 4
9, 6, 9, 3, 1, 5, 7, 7, 4
9, 6, 9, 3, 1, 5, 7, 7, 4
9, 6, 3, 9, 5, 1, 7, 7, 4
9, 6, 9, 3, 5, 7, 1, 7, 4
9, 6, 9, 3, 5, 1, 7, 7, 4
9, 6, 3, 9, 1, 5, 7, 7, 4
9, 6, 9, 3, 5, 1, 7, 7, 4
9, 9, 6, 3, 1, 5, 7, 7, 4
9, 9, 6, 3, 1, 5, 7, 7, 4
9, 6, 9, 3, 5, 7, 1, 7, 4
9, 6, 9, 3, 5, 7, 1, 7, 4
9, 6, 9, 3, 5, 7, 1, 7, 4
9, 6, 9, 3, 5, 1, 7, 7, 4
9, 6, 9, 3, 1, 5, 7, 7, 4
9, 6, 9, 3, 1, 5, 7, 7, 4
9, 6, 9, 3, 5, 1, 7, 7, 4
9, 6, 3, 9, 5, 7, 1, 7, 4
9, 6, 9, 3, 5, 7, 1, 7, 4
9, 6, 9, 1, 3, 5, 7, 7, 4
9, 6, 3, 9, 1, 5, 7, 7, 4
9, 6, 9, 1, 3, 5, 7, 7, 4
9, 6, 3, 9, 5, 7, 1, 7, 4
9, 6, 9, 3, 5, 7, 1, 7, 4
9, 6, 9, 3, 1, 5, 7, 7, 4
9, 6, 9, 1, 3, 5, 7, 7, 4
9, 6, 9, 3, 5, 1, 7, 7, 4
9, 6, 9, 3, 1, 5, 7, 7, 4
9, 6, 9, 3, 5, 7, 1, 7, 4
9, 6, 9, 3, 1, 5, 7, 7, 4
9, 6, 9, 3, 1, 5, 7, 7, 4
9, 6, 9, 3, 5, 1, 7, 7, 4
9, 6, 9, 3, 5, 7, 1, 7, 4
9, 6, 3, 9, 1, 5, 7, 7, 4
9, 6, 9, 3, 5, 7, 1, 7, 4
9, 6, 9, 3, 5, 7, 1, 7, 4
9, 6, 9, 3, 5, 7, 1, 7, 4
9, 6, 9, 3, 5, 1, 7, 7, 4
9, 6, 9, 3, 5, 1, 7, 7, 4
9, 6, 9, 3, 1, 5, 7, 7, 4
9, 6, 9, 3, 5, 7, 1, 7, 4
9, 6, 3, 9, 1, 5, 7, 7, 4
9, 6, 9, 3, 5, 7, 1, 7, 4
9, 6, 9, 3, 5, 1, 7, 7, 4
9, 6, 3, 9, 1, 5, 7, 7, 4
9, 6, 9, 3, 1, 5, 7, 7, 4
9, 6, 9, 3, 5, 7, 1, 7, 4
9, 6, 9, 3, 1, 5, 7, 7, 4
9, 6, 9, 3, 5, 7, 1, 7, 4
9, 6, 9, 1, 3, 7, 5, 7, 4
9, 6, 9, 3, 1, 5, 7, 7, 4
9, 6, 9, 3, 5, 7, 1, 7, 4
9, 6, 9, 3, 5, 7, 1, 7, 4
9, 6, 9, 3, 5, 1, 7, 7, 4
9, 6, 9, 3, 1, 5, 7, 7, 4
9, 6, 9, 3, 1, 5, 7, 7, 4
9, 6, 9, 3, 5, 1, 7, 7, 4
9, 6, 9, 3, 1, 5, 7, 7, 4
9, 6, 9, 3, 1, 5, 7, 7, 4
9, 6, 9, 1, 3, 5, 7, 7, 4
9, 6, 9, 3, 5, 7, 1, 7, 4
9, 6, 3, 9, 5, 1, 7, 7, 4
9, 6, 9, 3, 1, 5, 7, 7, 4
9, 6, 9, 3, 1, 5, 7, 7, 4
9, 6, 9, 1, 3, 5, 7, 7, 4
9, 6, 9, 3, 1, 5, 7, 7, 4
9, 6, 3, 9, 1, 5, 7, 7, 4
9, 6, 9, 3, 5, 1, 7, 7, 4
9, 6, 9, 3, 5, 7, 1, 7, 4
9, 6, 9, 3, 5, 7, 1, 7, 4
9, 6, 3, 9, 1, 5, 7, 7, 4
9, 6, 9, 3, 1, 5, 7, 7, 4
9, 6, 9, 3, 5, 1, 7, 7, 4
9, 6, 9, 3, 1, 5, 7, 7, 4
9, 6, 9, 3, 5, 7, 1, 7, 4
9, 6, 3, 9, 1, 5, 7, 7, 4
9, 6, 9, 3, 1, 5, 7, 7, 4
9, 6, 9, 3, 5, 7, 1, 7, 4
9, 6, 3, 9, 1, 5, 7, 7, 4
9, 6, 9, 3, 1, 5, 7, 7, 4
9, 6, 9, 3, 1, 5, 7, 7, 4
9, 6, 3, 9, 5, 1, 7, 7, 4
9, 6, 3, 9, 1, 5, 7, 7, 4
9, 6, 9, 3, 1, 5, 7, 7, 4
9, 6, 9, 1, 3, 5, 7, 7, 4
9, 6, 9, 3, 1, 5, 7, 7, 4
9, 6, 9, 3, 5, 7, 1, 7, 4
9, 6, 9, 3, 5, 7, 1, 7, 4
9, 9, 6, 3, 1, 5, 7, 7, 4
9, 6, 9, 3, 1, 5, 7, 7, 4
9, 6, 9, 3, 5, 7, 1, 7, 4
9, 6, 9, 3, 1, 5, 7, 7, 4
9, 6, 9, 3, 5, 1, 7, 7, 4
9, 6, 3, 9, 1, 5, 7, 7, 4
9, 6, 9, 3, 5, 7, 1, 7, 4
9, 6, 9, 3, 5, 1, 7, 7, 4
9, 6, 9, 3, 1, 5, 7, 7, 4
9, 6, 9, 3, 1, 5, 7, 7, 4
9, 6, 9, 3, 1, 5, 7, 7, 4
9, 6, 9, 3, 5, 7, 1, 7, 4
9, 6, 9, 1, 3, 7, 5, 7, 4
9, 6, 9, 3, 1, 5, 7, 7, 4
9, 6, 9, 1, 3, 5, 7, 7, 4
9, 6, 9, 3, 1, 5, 7, 7, 4
9, 6, 9, 3, 1, 5, 7, 7, 4
9, 6, 9, 1, 3, 7, 5, 4, 7
9, 6, 3, 9, 5, 1, 7, 7, 4
9, 6, 9, 3, 5, 1, 7, 7, 4
9, 6, 9, 3, 5, 7, 1, 7, 4
9, 6, 9, 3, 1, 5, 7, 7, 4
9, 6, 3, 9, 5, 7, 1, 7, 4
9, 6, 9, 3, 5, 7, 1, 7, 4
9, 6, 9, 3, 5, 1, 7, 7, 4
9, 6, 9, 3, 1, 5, 7, 7, 4
9, 6, 3, 9, 1, 5, 7, 7, 4
9, 9, 6, 1, 3, 5, 7, 7, 4
9, 6, 9, 3, 5, 7, 1, 7, 4
9, 6, 9, 3, 1, 5, 7, 7, 4
9, 6, 9, 1, 3, 5, 7, 7, 4
9, 6, 9, 3, 5, 7, 1, 7, 4
9, 6, 9, 3, 1, 5, 7, 7, 4
9, 6, 9, 3, 1, 5, 7, 7, 4
9, 6, 9, 3, 1, 5, 7, 7, 4
9, 6, 3, 9, 5, 7, 1, 7, 4
9, 6, 9, 3, 5, 7, 1, 7, 4
9, 6, 9, 3, 5, 7, 1, 7, 4
9, 6, 9, 3, 5, 7, 1, 7, 4
9, 6, 9, 3, 5, 7, 1, 7, 4
9, 6, 9, 3, 5, 1, 7, 7, 4
9, 6, 9, 3, 5, 7, 1, 7, 4
9, 6, 9, 3, 5, 7, 1, 7, 4
9, 6, 9, 3, 5, 1, 7, 7, 4
9, 6, 9, 3, 5, 1, 7, 7, 4
9, 6, 9, 3, 1, 5, 7, 7, 4
9, 6, 3, 9, 1, 5, 7, 7, 4
9, 6, 9, 3, 5, 7, 1, 7, 4
9, 6, 9, 3, 5, 7, 1, 7, 4
9, 6, 3, 9, 1, 7, 5, 4, 7
9, 6, 9, 3, 5, 1, 7, 7, 4
9, 6, 3, 9, 5, 7, 1, 7, 4
9, 6, 3, 9, 5, 7, 1, 7, 4
9, 6, 9, 3, 1, 5, 7, 7, 4
9, 6, 9, 3, 1, 5, 7, 7, 4
9, 6, 9, 3, 1, 5, 7, 7, 4
9, 6, 3, 9, 1, 5, 7, 7, 4
9, 6, 3, 9, 5, 1, 7, 7, 4
9, 6, 9, 3, 5, 1, 7, 7, 4
9, 6, 9, 3, 5, 7, 1, 7, 4
9, 6, 9, 3, 5, 1, 7, 7, 4
9, 6, 3, 9, 1, 5, 7, 7, 4
9, 6, 9, 3, 5, 7, 1, 7, 4
9, 6, 3, 9, 1, 5, 7, 7, 4
9, 6, 9, 3, 5, 7, 1, 7, 4
9, 6, 9, 3, 5, 1, 7, 7, 4
9, 6, 3, 9, 5, 7, 1, 7, 4
9, 6, 9, 3, 5, 1, 7, 7, 4
9, 6, 9, 1, 3, 5, 7, 7, 4
9, 6, 9, 3, 1, 5, 7, 7, 4
9, 6, 9, 3, 5, 7, 1, 7, 4
9, 6, 9, 3, 1, 5, 7, 7, 4
9, 6, 9, 3, 5, 7, 1, 7, 4
9, 6, 9, 3, 5, 1, 7, 7, 4
9, 6, 9, 3, 5, 1, 7, 7, 4
9, 6, 9, 3, 1, 5, 7, 7, 4
9, 6, 9, 3, 5, 7, 1, 7, 4
9, 6, 9, 3, 5, 1, 7, 7, 4
9, 6, 9, 3, 1, 5, 7, 7, 4
9, 6, 9, 1, 3, 5, 7, 7, 4
9, 6, 9, 3, 1, 5, 7, 7, 4
9, 6, 3, 9, 5, 7, 1, 7, 4
9, 6, 9, 3, 5, 7, 1, 7, 4
9, 6, 9, 3, 1, 5, 7, 7, 4
9, 6, 9, 3, 1, 5, 7, 7, 4
9, 6, 3, 9, 5, 7, 1, 7, 4
9, 6, 3, 9, 1, 5, 7, 7, 4
9, 6, 9, 3, 5, 7, 1, 7, 4
9, 6, 9, 1, 3, 5, 7, 7, 4
9, 6, 9, 3, 5, 1, 7, 7, 4
9, 6, 9, 3, 1, 5, 7, 7, 4
9, 6, 9, 3, 5, 7, 1, 7, 4
9, 6, 9, 3, 1, 5, 7, 7, 4
9, 6, 9, 3, 5, 1, 7, 7, 4
9, 6, 9, 3, 5, 1, 7, 7, 4
9, 6, 9, 3, 1, 5, 7, 7, 4
9, 6, 3, 9, 5, 7, 1, 7, 4
9, 6, 9, 3, 5, 1, 7, 7, 4
9, 6, 9, 3, 5, 1, 7, 7, 4
9, 6, 9, 3, 1, 5, 7, 7, 4
9, 6, 9, 1, 3, 5, 7, 7, 4
9, 6, 9, 3, 5, 7, 1, 7, 4
9, 6, 9, 3, 5, 7, 1, 7, 4
9, 6, 9, 1, 3, 7, 5, 7, 4
9, 6, 3, 9, 1, 5, 7, 7, 4
9, 6, 9, 1, 3, 7, 5, 4, 7
9, 6, 9, 3, 5, 7, 1, 7, 4
9, 6, 9, 3, 5, 1, 7, 7, 4
9, 6, 9, 3, 5, 1, 7, 7, 4
9, 6, 9, 1, 3, 5, 7, 7, 4
9, 6, 9, 3, 5, 7, 1, 7, 4
9, 6, 3, 9, 5, 1, 7, 7, 4
9, 6, 3, 9, 5, 7, 1, 7, 4
9, 6, 9, 3, 5, 7, 1, 7, 4
9, 6, 9, 3, 1, 5, 7, 7, 4
9, 6, 3, 9, 1, 5, 7, 7, 4
9, 6, 9, 3, 5, 7, 1, 7, 4
9, 6, 9, 3, 5, 7, 1, 7, 4
9, 6, 9, 3, 1, 5, 7, 7, 4
9, 6, 3, 9, 1, 5, 7, 7, 4
9, 6, 9, 3, 5, 7, 1, 7, 4
9, 6, 3, 9, 5, 1, 7, 7, 4
9, 6, 9, 3, 1, 5, 7, 7, 4
9, 6, 9, 3, 5, 1, 7, 7, 4
9, 6, 9, 1, 3, 7, 5, 4, 7
9, 6, 9, 3, 1, 5, 7, 7, 4
9, 6, 3, 9, 1, 5, 7, 7, 4
9, 6, 9, 3, 5, 7, 1, 7, 4
9, 6, 9, 3, 5, 1, 7, 7, 4
9, 6, 9, 3, 1, 5, 7, 7, 4
9, 6, 3, 9, 5, 7, 1, 7, 4
9, 6, 9, 3, 5, 1, 7, 7, 4
9, 6, 9, 3, 5, 7, 1, 7, 4
9, 6, 9, 3, 1, 5, 7, 7, 4
9, 6, 9, 3, 1, 5, 7, 7, 4
9, 6, 9, 1, 3, 5, 7, 7, 4
9, 6, 9, 3, 1, 5, 7, 7, 4
9, 6, 3, 9, 1, 5, 7, 7, 4
9, 6, 9, 3, 5, 1, 7, 7, 4
9, 6, 9, 3, 1, 5, 7, 7, 4
9, 6, 9, 3, 1, 5, 7, 7, 4
9, 6, 9, 3, 5, 1, 7, 7, 4
9, 6, 3, 9, 5, 1, 7, 7, 4
9, 6, 9, 1, 3, 5, 7, 7, 4
9, 6, 9, 3, 5, 7, 1, 7, 4
9, 6, 9, 3, 1, 5, 7, 7, 4
9, 6, 9, 3, 1, 5, 7, 7, 4
9, 6, 9, 3, 5, 7, 1, 7, 4
9, 6, 9, 3, 5, 1, 7, 7, 4
9, 6, 9, 3, 1, 5, 7, 7, 4
9, 6, 9, 3, 1, 5, 7, 7, 4
9, 6, 9, 3, 1, 5, 7, 7, 4
9, 6, 3, 9, 5, 1, 7, 7, 4
9, 6, 9, 3, 5, 7, 1, 7, 4
9, 6, 9, 3, 5, 7, 1, 7, 4
9, 6, 3, 9, 5, 1, 7, 7, 4
9, 6, 9, 1, 3, 5, 7, 7, 4
9, 6, 9, 1, 3, 5, 7, 7, 4
9, 6, 9, 3, 1, 5, 7, 7, 4
9, 6, 3, 9, 1, 5, 7, 7, 4
9, 6, 9, 3, 5, 7, 1, 7, 4
9, 6, 9, 1, 3, 5, 7, 7, 4
9, 6, 9, 3, 5, 1, 7, 7, 4
9, 6, 9, 3, 1, 5, 7, 7, 4
9, 6, 9, 1, 3, 5, 7, 7, 4
9, 6, 9, 3, 5, 1, 7, 7, 4
9, 6, 9, 3, 5, 1, 7, 7, 4
9, 6, 9, 3, 1, 7, 5, 7, 4
9, 6, 9, 3, 1, 5, 7, 7, 4
9, 6, 9, 3, 1, 5, 7, 7, 4
9, 6, 9, 3, 5, 1, 7, 7, 4
9, 6, 9, 3, 5, 7, 1, 7, 4
9, 6, 9, 3, 5, 7, 1, 7, 4
9, 6, 3, 9, 1, 5, 7, 7, 4
9, 6, 9, 3, 1, 5, 7, 7, 4
9, 6, 9, 3, 5, 7, 1, 7, 4
9, 6, 9, 3, 5, 7, 1, 7, 4
9, 6, 9, 3, 5, 1, 7, 7, 4
9, 6, 9, 3, 1, 5, 7, 7, 4
9, 6, 9, 3, 5, 1, 7, 7, 4
9, 6, 3, 9, 5, 7, 1, 7, 4
9, 6, 9, 3, 5, 7, 1, 7, 4
9, 6, 9, 3, 5, 7, 1, 7, 4
9, 6, 9, 3, 5, 1, 7, 7, 4
9, 6, 9, 3, 1, 5, 7, 7, 4
9, 6, 9, 3, 5, 1, 7, 7, 4
9, 6, 3, 9, 1, 5, 7, 7, 4
9, 6, 9, 3, 1, 5, 7, 7, 4
9, 6, 3, 9, 1, 5, 7, 7, 4
9, 6, 9, 3, 5, 7, 1, 7, 4
9, 6, 9, 3, 1, 5, 7, 7, 4
9, 6, 9, 3, 1, 5, 7, 7, 4
9, 6, 9, 1, 3, 7, 5, 7, 4
9, 6, 9, 3, 5, 7, 1, 7, 4
9, 6, 3, 9, 1, 5, 7, 7, 4
9, 6, 9, 1, 3, 5, 7, 7, 4
9, 6, 9, 3, 1, 5, 7, 7, 4
9, 9, 6, 3, 1, 5, 7, 7, 4
9, 6, 3, 9, 5, 7, 1, 7, 4
9, 6, 9, 3, 5, 7, 1, 7, 4
9, 6, 9, 3, 1, 5, 7, 7, 4
9, 6, 9, 3, 5, 1, 7, 7, 4
9, 6, 9, 3, 5, 7, 1, 7, 4
9, 6, 9, 1, 3, 5, 7, 7, 4
9, 6, 9, 1, 3, 5, 7, 7, 4
9, 6, 3, 9, 5, 1, 7, 7, 4
9, 6, 9, 3, 5, 7, 1, 7, 4
9, 6, 9, 3, 5, 1, 7, 7, 4
9, 6, 9, 3, 5, 1, 7, 7, 4
9, 6, 9, 3, 5, 7, 1, 7, 4
9, 6, 9, 3, 5, 7, 1, 7, 4
9, 6, 9, 3, 1, 5, 7, 7, 4
9, 6, 9, 3, 5, 7, 1, 7, 4
9, 6, 3, 9, 1, 5, 7, 7, 4
9, 6, 9, 3, 1, 5, 7, 7, 4
9, 6, 9, 3, 1, 5, 7, 7, 4
9, 6, 9, 3, 5, 7, 1, 7, 4
9, 6, 9, 1, 3, 5, 7, 7, 4
9, 6, 9, 3, 5, 1, 7, 7, 4
9, 6, 9, 3, 1, 5, 7, 7, 4
9, 6, 9, 3, 1, 5, 7, 7, 4
9, 6, 9, 3, 1, 5, 7, 7, 4
9, 6, 3, 9, 5, 1, 7, 7, 4
9, 6, 9, 1, 3, 7, 5, 4, 7
9, 6, 9, 3, 5, 7, 1, 7, 4
9, 6, 9, 3, 5, 1, 7, 7, 4
9, 6, 9, 3, 5, 7, 1, 7, 4
9, 6, 3, 9, 5, 7, 1, 7, 4
9, 6, 9, 3, 1, 5, 7, 7, 4
9, 6, 9, 3, 1, 5, 7, 7, 4
9, 6, 9, 3, 1, 5, 7, 7, 4
9, 6, 9, 1, 3, 5, 7, 7, 4
9, 6, 3, 9, 5, 7, 1, 7, 4
9, 6, 3, 9, 5, 1, 7, 7, 4
9, 6, 3, 9, 5, 1, 7, 7, 4
9, 6, 9, 3, 5, 7, 1, 7, 4
9, 6, 9, 3, 1, 5, 7, 7, 4
9, 6, 9, 3, 5, 7, 1, 7, 4
9, 6, 9, 1, 3, 5, 7, 7, 4
9, 6, 9, 3, 1, 5, 7, 7, 4
9, 6, 9, 3, 5, 7, 1, 7, 4
9, 6, 9, 3, 1, 5, 7, 7, 4
9, 6, 9, 3, 1, 5, 7, 7, 4
9, 6, 9, 3, 5, 1, 7, 7, 4
9, 6, 9, 3, 5, 1, 7, 7, 4
9, 6, 9, 3, 5, 1, 7, 7, 4
9, 6, 9, 3, 5, 7, 1, 7, 4
9, 6, 9, 1, 3, 5, 7, 7, 4
9, 6, 9, 3, 5, 1, 7, 7, 4
9, 6, 9, 3, 5, 7, 1, 7, 4
9, 6, 9, 1, 3, 5, 7, 7, 4
9, 6, 9, 3, 5, 1, 7, 7, 4
9, 6, 9, 3, 5, 1, 7, 7, 4
9, 6, 9, 1, 3, 5, 7, 7, 4
9, 6, 9, 3, 1, 5, 7, 7, 4
9, 6, 9, 3, 1, 5, 7, 7, 4
9, 6, 9, 3, 5, 7, 1, 7, 4
9, 6, 9, 3, 5, 7, 1, 7, 4
9, 9, 6, 3, 5, 7, 1, 7, 4
9, 6, 9, 3, 1, 5, 7, 7, 4
9, 6, 9, 3, 5, 1, 7, 7, 4
9, 6, 3, 9, 5, 7, 1, 7, 4
9, 6, 9, 3, 5, 1, 7, 7, 4
9, 6, 9, 3, 1, 5, 7, 7, 4
9, 6, 9, 3, 1, 5, 7, 7, 4
9, 6, 9, 3, 1, 5, 7, 7, 4
9, 6, 9, 1, 3, 7, 5, 4, 7
9, 6, 9, 3, 5, 1, 7, 7, 4
9, 6, 9, 3, 5, 7, 1, 7, 4
9, 6, 9, 3, 1, 5, 7, 7, 4
9, 6, 9, 3, 5, 1, 7, 7, 4
9, 6, 9, 3, 5, 1, 7, 7, 4
9, 6, 9, 3, 1, 5, 7, 7, 4
9, 6, 3, 9, 5, 7, 1, 7, 4
9, 6, 9, 3, 1, 5, 7, 7, 4
9, 6, 9, 3, 5, 7, 1, 7, 4
9, 6, 3, 9, 1, 5, 7, 7, 4
9, 6, 9, 3, 1, 5, 7, 7, 4
9, 6, 9, 3, 5, 1, 7, 7, 4
9, 6, 9, 3, 1, 5, 7, 7, 4
9, 6, 9, 3, 5, 7, 1, 7, 4
9, 6, 9, 3, 1, 5, 7, 7, 4
9, 6, 9, 3, 5, 1, 7, 7, 4
9, 6, 9, 3, 5, 1, 7, 7, 4
9, 6, 9, 3, 5, 7, 1, 7, 4
9, 6, 9, 3, 1, 5, 7, 7, 4
9, 6, 9, 1, 3, 5, 7, 7, 4
9, 6, 9, 3, 1, 5, 7, 7, 4
9, 6, 3, 9, 1, 5, 7, 7, 4
9, 6, 9, 1, 3, 5, 7, 7, 4
9, 6, 3, 9, 1, 5, 7, 7, 4
9, 6, 9, 3, 5, 7, 1, 7, 4
9, 6, 9, 1, 3, 5, 7, 7, 4
9, 6, 9, 3, 5, 7, 1, 7, 4
9, 6, 9, 3, 5, 1, 7, 7, 4
9, 6, 9, 3, 1, 5, 7, 7, 4
9, 6, 3, 9, 1, 5, 7, 7, 4
9, 6, 9, 3, 5, 7, 1, 7, 4
9, 6, 9, 3, 5, 1, 7, 7, 4
9, 6, 9, 3, 5, 7, 1, 7, 4
9, 6, 9, 3, 5, 7, 1, 7, 4
9, 6, 9, 3, 5, 1, 7, 7, 4
9, 6, 9, 3, 5, 7, 1, 7, 4
9, 6, 9, 1, 3, 5, 7, 7, 4
9, 6, 3, 9, 5, 7, 1, 7, 4
9, 6, 9, 3, 5, 7, 1, 7, 4
9, 6, 3, 9, 5, 1, 7, 7, 4
9, 6, 9, 3, 1, 5, 7, 7, 4
9, 6, 3, 9, 5, 1, 7, 7, 4
9, 6, 9, 3, 5, 7, 1, 7, 4
9, 6, 9, 3, 5, 7, 1, 7, 4
9, 6, 9, 3, 1, 5, 7, 7, 4
9, 6, 9, 3, 5, 7, 1, 7, 4
9, 6, 3, 9, 1, 5, 7, 7, 4
9, 6, 9, 3, 1, 5, 7, 7, 4
9, 6, 9, 3, 5, 7, 1, 7, 4
9, 6, 9, 3, 1, 5, 7, 7, 4
9, 6, 3, 9, 5, 7, 1, 7, 4
9, 6, 3, 9, 5, 7, 1, 7, 4
9, 6, 9, 3, 1, 5, 7, 7, 4
9, 6, 9, 3, 5, 1, 7, 7, 4
9, 6, 9, 3, 5, 1, 7, 7, 4
9, 6, 9, 1, 3, 5, 7, 7, 4
9, 6, 9, 3, 5, 1, 7, 7, 4
9, 6, 9, 3, 5, 7, 1, 7, 4
9, 6, 9, 3, 5, 7, 1, 7, 4
9, 6, 9, 3, 5, 7, 1, 7, 4
9, 6, 9, 3, 5, 7, 1, 7, 4
9, 6, 9, 1, 3, 5, 7, 7, 4
9, 6, 9, 3, 5, 7, 1, 7, 4
9, 6, 9, 3, 5, 7, 1, 7, 4
9, 6, 9, 3, 5, 1, 7, 7, 4
9, 6, 9, 3, 1, 5, 7, 7, 4
9, 6, 9, 3, 5, 1, 7, 7, 4
9, 6, 9, 3, 5, 7, 1, 7, 4
9, 6, 9, 3, 1, 5, 7, 7, 4
9, 6, 9, 3, 5, 7, 1, 7, 4
9, 6, 3, 9, 5, 7, 1, 7, 4
9, 6, 3, 9, 5, 1, 7, 7, 4
9, 6, 9, 3, 5, 1, 7, 7, 4
9, 6, 9, 3, 5, 7, 1, 7, 4
9, 6, 9, 3, 1, 5, 7, 7, 4
9, 6, 9, 3, 1, 5, 7, 7, 4
9, 6, 9, 3, 1, 5, 7, 7, 4
9, 6, 9, 3, 1, 5, 7, 7, 4
9, 6, 9, 3, 5, 7, 1, 7, 4
9, 6, 9, 3, 5, 7, 1, 7, 4
9, 6, 3, 9, 5, 7, 1, 7, 4
9, 6, 9, 3, 5, 7, 1, 7, 4
9, 9, 6, 3, 5, 7, 1, 7, 4
9, 6, 9, 3, 5, 7, 1, 7, 4
9, 6, 9, 3, 5, 7, 1, 7, 4
9, 6, 9, 3, 1, 5, 7, 7, 4
9, 6, 9, 1, 3, 5, 7, 7, 4
9, 6, 3, 9, 1, 5, 7, 7, 4
9, 6, 9, 3, 1, 5, 7, 7, 4
9, 6, 9, 3, 1, 5, 7, 7, 4
9, 6, 9, 1, 3, 5, 7, 7, 4
9, 6, 3, 9, 1, 5, 7, 4, 7
9, 6, 9, 3, 5, 1, 7, 7, 4
9, 6, 3, 9, 5, 7, 1, 7, 4
9, 6, 9, 3, 5, 1, 7, 7, 4
9, 6, 9, 3, 5, 7, 1, 7, 4
9, 6, 9, 3, 5, 7, 1, 7, 4
9, 6, 9, 1, 3, 5, 7, 7, 4
9, 6, 9, 3, 1, 5, 7, 7, 4
9, 6, 9, 1, 3, 5, 7, 7, 4
9, 6, 9, 3, 5, 1, 7, 7, 4
9, 6, 3, 9, 5, 7, 1, 7, 4
9, 6, 3, 9, 5, 1, 7, 7, 4
9, 6, 9, 1, 3, 5, 7, 7, 4
9, 6, 3, 9, 5, 1, 7, 7, 4
9, 6, 9, 3, 5, 7, 1, 7, 4
9, 6, 3, 9, 1, 5, 7, 7, 4
9, 6, 9, 3, 5, 1, 7, 7, 4
9, 6, 9, 3, 1, 5, 7, 7, 4
9, 6, 9, 3, 1, 5, 7, 7, 4
9, 6, 9, 3, 5, 7, 1, 7, 4
9, 6, 9, 3, 1, 5, 7, 7, 4
9, 6, 3, 9, 5, 1, 7, 7, 4
9, 6, 3, 9, 5, 1, 7, 7, 4
9, 6, 9, 3, 1, 5, 7, 7, 4
9, 6, 9, 3, 5, 1, 7, 7, 4
9, 6, 9, 1, 3, 5, 7, 7, 4
9, 6, 9, 3, 1, 5, 7, 7, 4
9, 6, 9, 1, 3, 5, 7, 7, 4
9, 6, 3, 9, 5, 7, 1, 7, 4
9, 6, 9, 3, 1, 5, 7, 7, 4
9, 6, 9, 3, 5, 7, 1, 7, 4
9, 6, 9, 3, 1, 5, 7, 7, 4
9, 6, 9, 3, 5, 1, 7, 7, 4
9, 6, 9, 3, 1, 5, 7, 7, 4
9, 6, 9, 3, 1, 5, 7, 7, 4
9, 6, 9, 3, 1, 5, 7, 7, 4
9, 6, 9, 3, 1, 5, 7, 7, 4
9, 6, 3, 9, 1, 5, 7, 7, 4
9, 6, 9, 3, 5, 7, 1, 7, 4
9, 6, 3, 9, 5, 7, 1, 7, 4
9, 6, 9, 3, 5, 7, 1, 7, 4
9, 6, 9, 3, 5, 7, 1, 7, 4
9, 6, 3, 9, 1, 5, 7, 7, 4
9, 6, 3, 9, 1, 5, 7, 7, 4
9, 6, 9, 1, 3, 5, 7, 7, 4
9, 6, 9, 3, 1, 5, 7, 7, 4
9, 6, 9, 3, 5, 7, 1, 7, 4
9, 6, 3, 9, 1, 7, 5, 7, 4
9, 6, 9, 3, 1, 5, 7, 7, 4
9, 6, 9, 3, 5, 7, 1, 7, 4
9, 6, 9, 1, 3, 5, 7, 7, 4
9, 6, 9, 3, 1, 5, 7, 7, 4
9, 6, 9, 1, 7, 3, 4, 5, 7
9, 6, 9, 3, 5, 7, 1, 7, 4
9, 6, 9, 3, 5, 1, 7, 7, 4
9, 6, 9, 3, 5, 7, 1, 7, 4
9, 6, 9, 3, 1, 5, 7, 7, 4
9, 6, 9, 3, 1, 5, 7, 7, 4
9, 6, 9, 3, 1, 5, 7, 7, 4
9, 6, 9, 3, 1, 5, 7, 7, 4
9, 6, 3, 9, 1, 5, 7, 7, 4
9, 6, 9, 3, 5, 1, 7, 7, 4
9, 6, 9, 3, 5, 7, 1, 7, 4
9, 6, 9, 3, 1, 5, 7, 7, 4
9, 6, 9, 3, 1, 5, 7, 7, 4
9, 6, 9, 3, 5, 7, 1, 7, 4
9, 6, 9, 3, 5, 1, 7, 7, 4
9, 6, 9, 3, 5, 7, 1, 7, 4
9, 6, 9, 3, 1, 5, 7, 7, 4
9, 6, 9, 3, 1, 5, 7, 7, 4
9, 6, 9, 3, 5, 1, 7, 7, 4
9, 6, 9, 1, 3, 5, 7, 7, 4
9, 6, 9, 3, 5, 7, 1, 7, 4
9, 6, 9, 3, 1, 5, 7, 7, 4
9, 6, 9, 1, 3, 5, 7, 7, 4
9, 6, 9, 1, 3, 5, 7, 7, 4
9, 6, 9, 3, 1, 5, 7, 7, 4
9, 6, 9, 3, 1, 5, 7, 7, 4
9, 6, 9, 3, 5, 1, 7, 7, 4
9, 6, 3, 9, 1, 5, 7, 7, 4
9, 6, 9, 3, 5, 7, 1, 7, 4
9, 6, 9, 3, 5, 1, 7, 7, 4
9, 6, 9, 3, 5, 1, 7, 7, 4
9, 6, 9, 3, 1, 5, 7, 7, 4
9, 6, 9, 3, 5, 1, 7, 7, 4
9, 6, 3, 9, 1, 7, 4, 5, 7
9, 6, 9, 3, 5, 7, 1, 7, 4
9, 6, 9, 3, 5, 1, 7, 7, 4
9, 6, 3, 9, 1, 5, 7, 7, 4
9, 6, 9, 3, 5, 7, 1, 7, 4
9, 6, 9, 3, 5, 1, 7, 7, 4
9, 6, 9, 3, 1, 5, 7, 7, 4
9, 6, 3, 9, 5, 1, 7, 7, 4
9, 6, 9, 3, 1, 5, 7, 7, 4
9, 6, 9, 3, 1, 5, 7, 7, 4
9, 6, 9, 3, 5, 7, 1, 7, 4
9, 6, 3, 9, 5, 1, 7, 7, 4
9, 6, 3, 9, 1, 5, 7, 7, 4
9, 6, 9, 3, 5, 7, 1, 7, 4
9, 6, 9, 3, 1, 5, 7, 7, 4
9, 6, 9, 3, 5, 7, 1, 7, 4
9, 6, 9, 3, 1, 5, 7, 7, 4
9, 6, 9, 1, 3, 5, 7, 7, 4
9, 6, 9, 3, 5, 7, 1, 7, 4
9, 6, 9, 1, 3, 7, 5, 4, 7
9, 6, 9, 1, 3, 5, 7, 7, 4
9, 6, 3, 9, 5, 1, 7, 7, 4
9, 6, 9, 3, 1, 7, 5, 7, 4
9, 6, 9, 1, 3, 5, 7, 7, 4
9, 6, 9, 3, 5, 7, 1, 7, 4
9, 6, 9, 3, 5, 7, 1, 7, 4
9, 6, 9, 3, 5, 1, 7, 7, 4
9, 6, 9, 3, 5, 7, 1, 7, 4
9, 6, 9, 3, 1, 5, 7, 7, 4
9, 6, 9, 3, 1, 5, 7, 7, 4
9, 6, 9, 3, 5, 7, 1, 7, 4
9, 6, 9, 3, 5, 7, 1, 7, 4
9, 6, 9, 3, 5, 7, 1, 7, 4
9, 6, 9, 3, 5, 1, 7, 7, 4
9, 6, 9, 1, 3, 5, 7, 7, 4
9, 6, 9, 3, 5, 1, 7, 7, 4
9, 6, 9, 3, 1, 7, 5, 4, 7
9, 6, 9, 3, 1, 5, 7, 7, 4
9, 6, 9, 3, 5, 7, 1, 7, 4
9, 6, 9, 1, 3, 7, 5, 4, 7
9, 6, 3, 9, 1, 5, 7, 7, 4
9, 6, 9, 3, 1, 7, 5, 7, 4
9, 6, 9, 3, 5, 7, 1, 7, 4
9, 6, 9, 3, 5, 1, 7, 7, 4
9, 6, 3, 9, 5, 7, 1, 7, 4
9, 6, 9, 3, 5, 7, 1, 7, 4
9, 6, 9, 3, 5, 1, 7, 7, 4
9, 6, 3, 9, 5, 7, 1, 7, 4
9, 6, 9, 3, 5, 7, 1, 7, 4
9, 6, 9, 3, 5, 7, 1, 7, 4
9, 6, 9, 3, 1, 5, 7, 7, 4
9, 6, 9, 3, 5, 7, 1, 7, 4
9, 6, 9, 3, 5, 1, 7, 7, 4
9, 6, 9, 3, 5, 7, 1, 7, 4
9, 6, 9, 3, 1, 5, 7, 7, 4
9, 6, 9, 3, 5, 1, 7, 7, 4
9, 6, 3, 9, 5, 1, 7, 7, 4
9, 6, 9, 3, 5, 7, 1, 7, 4
9, 6, 9, 3, 5, 1, 7, 7, 4
9, 6, 9, 3, 1, 5, 7, 7, 4
9, 6, 9, 3, 1, 5, 7, 7, 4
9, 6, 9, 3, 1, 5, 7, 7, 4
9, 6, 9, 3, 1, 5, 7, 7, 4
9, 6, 9, 3, 5, 1, 7, 7, 4
9, 6, 9, 3, 1, 7, 5, 4, 7
9, 6, 9, 3, 1, 5, 7, 7, 4
9, 6, 9, 3, 5, 7, 1, 7, 4
9, 6, 9, 3, 5, 1, 7, 7, 4
9, 6, 9, 1, 3, 5, 7, 7, 4
9, 6, 9, 3, 5, 7, 1, 7, 4
9, 6, 9, 3, 5, 7, 1, 7, 4
9, 6, 3, 9, 5, 1, 7, 7, 4
9, 6, 9, 3, 1, 5, 7, 7, 4
9, 6, 9, 3, 5, 7, 1, 7, 4
9, 6, 9, 3, 5, 7, 1, 7, 4
9, 6, 9, 1, 3, 5, 7, 7, 4
9, 6, 3, 9, 5, 7, 1, 7, 4
9, 6, 9, 3, 5, 7, 1, 7, 4
9, 6, 9, 3, 1, 5, 7, 7, 4
9, 6, 9, 3, 5, 1, 7, 7, 4
9, 6, 9, 3, 1, 5, 7, 7, 4
9, 6, 9, 3, 1, 5, 7, 7, 4
9, 6, 9, 3, 5, 7, 1, 7, 4
9, 6, 9, 3, 5, 1, 7, 7, 4
9, 6, 9, 3, 5, 7, 1, 7, 4
9, 6, 3, 9, 5, 7, 1, 7, 4
9, 6, 3, 9, 1, 5, 7, 7, 4
9, 6, 9, 3, 5, 7, 1, 7, 4
9, 6, 9, 3, 5, 7, 1, 7, 4
9, 6, 9, 3, 1, 5, 7, 7, 4
9, 6, 3, 9, 1, 5, 7, 7, 4
9, 6, 3, 9, 5, 7, 1, 7, 4
9, 6, 9, 3, 1, 5, 7, 7, 4
9, 6, 9, 3, 5, 7, 1, 7, 4
9, 6, 9, 3, 1, 5, 7, 7, 4
9, 6, 9, 3, 1, 5, 7, 7, 4
9, 6, 9, 3, 5, 1, 7, 7, 4
9, 6, 9, 1, 3, 5, 7, 7, 4
9, 6, 9, 3, 5, 7, 1, 7, 4
9, 6, 9, 3, 5, 7, 1, 7, 4
9, 6, 9, 3, 1, 5, 7, 7, 4
9, 6, 9, 3, 5, 7, 1, 7, 4
9, 6, 9, 3, 5, 7, 1, 7, 4
9, 6, 3, 9, 1, 5, 7, 7, 4
9, 6, 9, 3, 1, 5, 7, 4, 7
9, 6, 9, 1, 3, 5, 7, 7, 4
9, 6, 9, 1, 3, 7, 5, 7, 4
9, 6, 3, 9, 1, 5, 7, 7, 4
9, 6, 9, 1, 3, 5, 7, 7, 4
9, 6, 9, 3, 1, 5, 7, 7, 4
9, 6, 9, 3, 5, 7, 1, 7, 4
9, 6, 3, 9, 1, 5, 7, 7, 4
9, 6, 3, 9, 1, 7, 5, 7, 4
9, 6, 9, 3, 5, 7, 1, 7, 4
9, 6, 9, 1, 3, 5, 7, 7, 4
9, 6, 3, 9, 1, 5, 7, 7, 4
9, 6, 9, 3, 5, 7, 1, 7, 4
9, 6, 3, 9, 5, 7, 1, 7, 4
9, 6, 9, 3, 5, 7, 1, 7, 4
9, 6, 9, 3, 5, 7, 1, 7, 4
9, 6, 3, 9, 5, 1, 7, 7, 4
9, 6, 9, 3, 5, 7, 1, 7, 4
9, 6, 9, 3, 5, 7, 1, 7, 4
9, 6, 9, 3, 5, 7, 1, 7, 4
9, 6, 9, 3, 5, 7, 1, 7, 4
9, 6, 9, 3, 1, 5, 7, 7, 4
9, 6, 9, 3, 5, 1, 7, 7, 4
9, 6, 9, 3, 5, 1, 7, 7, 4
9, 6, 9, 3, 5, 1, 7, 7, 4
9, 6, 9, 3, 5, 7, 1, 7, 4
9, 6, 3, 9, 5, 1, 7, 7, 4
9, 6, 9, 3, 5, 7, 1, 7, 4
9, 6, 9, 1, 3, 5, 7, 7, 4
9, 6, 9, 3, 5, 7, 1, 7, 4
9, 6, 9, 3, 5, 1, 7, 7, 4
9, 9, 6, 3, 5, 7, 1, 7, 4
9, 6, 9, 3, 1, 5, 7, 7, 4
9, 6, 9, 3, 1, 5, 7, 7, 4
9, 6, 9, 3, 1, 5, 7, 7, 4
9, 6, 9, 3, 5, 1, 7, 7, 4
9, 6, 9, 3, 5, 1, 7, 7, 4
9, 6, 3, 9, 1, 5, 7, 7, 4
9, 6, 9, 3, 1, 5, 7, 7, 4
9, 6, 3, 9, 1, 5, 7, 7, 4
9, 6, 9, 3, 1, 5, 7, 7, 4
9, 6, 9, 3, 5, 7, 1, 7, 4
9, 6, 3, 9, 5, 7, 1, 7, 4
9, 6, 9, 3, 5, 7, 1, 7, 4
9, 6, 9, 3, 5, 7, 1, 7, 4
9, 6, 9, 3, 5, 1, 7, 7, 4
9, 6, 9, 3, 5, 1, 7, 7, 4
9, 6, 9, 3, 5, 7, 1, 7, 4
9, 6, 9, 3, 5, 7, 1, 7, 4
9, 6, 3, 9, 1, 5, 7, 7, 4
9, 6, 9, 3, 5, 1, 7, 7, 4
9, 6, 9, 3, 1, 5, 7, 7, 4
9, 6, 9, 1, 3, 5, 7, 7, 4
9, 6, 9, 3, 5, 1, 7, 7, 4
9, 6, 9, 1, 3, 5, 7, 7, 4
9, 6, 9, 3, 1, 5, 7, 7, 4
9, 6, 9, 3, 5, 1, 7, 7, 4
9, 6, 9, 3, 5, 7, 1, 7, 4
9, 6, 9, 3, 5, 1, 7, 7, 4
9, 6, 9, 3, 5, 7, 1, 7, 4
9, 6, 3, 9, 5, 7, 1, 7, 4
9, 6, 9, 1, 3, 7, 5, 4, 7
9, 6, 3, 9, 5, 7, 1, 7, 4
9, 6, 9, 3, 5, 7, 1, 7, 4
9, 6, 9, 3, 5, 7, 1, 7, 4
9, 6, 9, 3, 5, 7, 1, 7, 4
9, 6, 9, 3, 5, 7, 1, 7, 4
9, 6, 3, 9, 1, 5, 7, 7, 4
9, 6, 3, 9, 1, 5, 7, 7, 4
9, 6, 3, 9, 1, 5, 7, 7, 4
9, 6, 9, 3, 1, 5, 7, 7, 4
9, 6, 9, 1, 3, 5, 7, 7, 4
9, 6, 9, 3, 5, 7, 1, 7, 4
9, 6, 3, 9, 1, 7, 5, 4, 7
9, 6, 9, 3, 5, 7, 1, 7, 4
9, 6, 9, 3, 1, 5, 7, 7, 4
9, 6, 9, 3, 1, 5, 7, 7, 4
9, 6, 9, 3, 5, 7, 1, 7, 4
9, 6, 9, 3, 1, 5, 7, 7, 4
9, 6, 9, 3, 5, 7, 1, 7, 4
9, 6, 9, 3, 1, 5, 7, 7, 4
9, 6, 3, 9, 1, 5, 7, 7, 4
9, 6, 9, 3, 5, 7, 1, 7, 4
9, 6, 9, 3, 5, 1, 7, 7, 4
9, 6, 3, 9, 5, 7, 1, 7, 4
9, 6, 9, 3, 5, 7, 1, 7, 4
9, 6, 9, 3, 1, 5, 7, 7, 4
9, 6, 9, 1, 3, 5, 7, 7, 4
9, 6, 3, 9, 5, 7, 1, 7, 4
9, 6, 9, 3, 5, 1, 7, 7, 4
9, 6, 9, 1, 3, 5, 7, 7, 4
9, 6, 9, 3, 1, 5, 7, 7, 4
9, 6, 9, 3, 5, 7, 1, 7, 4
9, 6, 9, 3, 5, 1, 7, 7, 4
9, 6, 9, 3, 5, 1, 7, 7, 4
9, 6, 9, 3, 5, 1, 7, 7, 4
9, 6, 9, 3, 5, 7, 1, 7, 4
9, 6, 9, 3, 1, 5, 7, 7, 4
9, 6, 9, 1, 3, 5, 7, 7, 4
9, 6, 9, 3, 1, 5, 7, 7, 4
9, 9, 6, 3, 5, 7, 1, 7, 4
9, 6, 9, 3, 1, 5, 7, 7, 4
9, 6, 9, 3, 1, 5, 7, 7, 4
9, 6, 9, 3, 1, 5, 7, 7, 4
9, 6, 9, 3, 5, 7, 1, 7, 4
9, 6, 9, 3, 5, 1, 7, 7, 4
9, 6, 9, 3, 5, 7, 1, 7, 4
9, 6, 3, 9, 5, 1, 7, 7, 4
9, 6, 9, 3, 5, 7, 1, 7, 4
9, 6, 9, 3, 1, 5, 7, 7, 4
9, 6, 3, 9, 1, 5, 7, 7, 4
9, 6, 9, 3, 5, 1, 7, 7, 4
9, 6, 3, 9, 5, 1, 7, 7, 4
9, 6, 3, 9, 1, 5, 7, 7, 4
9, 6, 9, 3, 1, 5, 7, 7, 4
9, 6, 9, 3, 1, 5, 7, 7, 4
9, 6, 9, 3, 5, 7, 1, 7, 4
