18, 15, 26, 37, 37, 1, 25, 28, 23, 14, 32, 31, 3, 10, 16, 13, 4, 14, 1
37, 15, 23, 35, 12, 33, 1, 5, 2, 6, 38, 17, 28, 27, 4, 36, 24, 24, 39, 3
11, 4, 28, 34, 31, 4, 10, 30, 0, 39, 7, 5, 12, 18, 21, 24, 30, 31, 11, 4, 25
11, 4, 28, 4, 34, 7, 12, 31, 10, 39, 5, 30, 0, 21, 24, 18, 31, 30, 4, 11, 25
26, 28, 22, 31, 19, 15, 1, 37, 26, 1, 34, 21, 39, 18, 13, 7, 35, 25
35, 34, 4, 29, 3, 29, 13, 37, 17, 6, 3, 20, 36, 28, 30, 24, 38, 23, 1, 34
35, 28, 5, 23, 27, 11, 30, 32, 1, 38, 28, 14, 38, 30, 31, 35, 26, 25, 25, 2, 15
23, 11, 0, 1, 15, 27, 21, 36, 7, 34, 0, 19, 37, 15, 22, 23, 38, 6
30, 35, 12, 35, 11, 23, 10, 2, 21, 26, 31, 6, 7, 2, 13, 18, 4, 35, 19, 10
26, 28, 22, 31, 21, 1, 34, 7, 15, 18, 26, 39, 13, 35, 37, 19, 1, 25
23, 11, 27, 34, 36, 19, 1, 0, 22, 15, 7, 23, 21, 37, 6, 38, 15, 0
36, 13, 5, 16, 10, 13, 34, 31, 27, 5, 33, 20, 3, 16, 16, 13, 37, 35, 34
18, 15, 26, 23, 37, 37, 1, 3, 32, 25, 14, 14, 13, 28, 31, 16, 1, 10, 4
35, 29, 3, 4, 20, 36, 30, 6, 28, 24, 37, 38, 34, 3, 23, 29, 34, 1, 13, 17
36, 32, 1, 20, 38, 26, 19, 12, 24, 16, 16, 38, 26, 12, 29, 35, 1, 22, 36, 27, 19, 2
23, 11, 27, 36, 0, 38, 34, 0, 19, 1, 23, 6, 22, 21, 37, 7, 15, 15
26, 14, 15, 31, 9, 12, 31, 31, 28, 37, 23, 22, 5, 5, 7, 35, 12
33, 37, 28, 4, 6, 10, 28, 24, 24, 35, 23, 28, 33, 11, 28, 2, 16, 18, 18, 18
33, 24, 37, 35, 28, 10, 18, 28, 6, 33, 23, 28, 24, 18, 2, 4, 11, 28, 18, 16
7, 19, 19, 22, 22, 5, 15, 25, 22, 21, 36, 6, 25, 20, 8, 31, 15, 26, 28
7, 19, 15, 22, 5, 19, 21, 22, 25, 6, 22, 28, 8, 31, 15, 36, 26, 20, 25
19, 10, 27, 39, 38, 6, 30, 14, 1, 2, 14, 29, 1, 36, 29, 21, 28, 39
5, 9, 24, 1, 7, 4, 38, 15, 12, 6, 3, 0, 3, 0, 32, 30
23, 11, 27, 36, 34, 22, 19, 23, 38, 6, 0, 1, 15, 7, 21, 37, 0, 15
26, 24, 37, 5, 36, 39, 20, 20, 31, 9, 5, 31, 11, 2, 11, 18, 3, 22, 38
26, 14, 31, 35, 15, 9, 7, 5, 31, 22, 5, 12, 37, 31, 12, 23, 28
26, 14, 15, 23, 31, 28, 31, 22, 7, 5, 5, 12, 35, 31, 9, 37, 12
33, 35, 37, 24, 28, 24, 6, 33, 28, 10, 11, 28, 18, 28, 23, 18, 4, 2, 16, 18
11, 4, 28, 4, 30, 4, 31, 34, 10, 7, 30, 25, 12, 39, 11, 0, 31, 21, 5, 18, 24
37, 15, 35, 23, 12, 1, 24, 3, 27, 38, 24, 39, 36, 2, 6, 5, 28, 17, 4, 33
36, 13, 10, 5, 34, 20, 16, 33, 13, 31, 13, 3, 16, 37, 27, 5, 35, 16, 34
7, 19, 22, 19, 22, 31, 25, 5, 22, 21, 8, 20, 6, 36, 25, 15, 15, 26, 28
5, 9, 12, 1, 24, 6, 38, 0, 15, 3, 4, 0, 3, 30, 7, 32
36, 13, 5, 3, 16, 10, 16, 31, 13, 34, 37, 20, 5, 33, 27, 35, 13, 34, 16
35, 38, 28, 5, 38, 15, 25, 11, 23, 25, 2, 1, 27, 35, 31, 32, 30, 30, 14, 28, 26
35, 29, 3, 30, 3, 4, 28, 24, 37, 38, 36, 23, 34, 29, 1, 20, 17, 34, 13, 6
26, 14, 31, 31, 12, 5, 9, 15, 7, 37, 35, 5, 22, 31, 12, 28, 23
26, 24, 37, 5, 39, 31, 11, 36, 20, 2, 3, 9, 18, 11, 20, 31, 38, 22, 5
23, 11, 27, 36, 21, 7, 1, 34, 19, 22, 23, 37, 15, 38, 0, 15, 6, 0
33, 18, 12, 1, 29, 7, 9, 36, 6, 7, 33, 37, 9, 39, 39, 19, 35, 31, 38, 21, 14, 3
18, 15, 37, 26, 23, 14, 31, 3, 37, 28, 13, 14, 16, 10, 32, 1, 4, 1, 25
26, 28, 22, 35, 1, 39, 7, 31, 26, 13, 1, 21, 34, 25, 18, 37, 19, 15
31, 9, 15, 16, 34, 25, 39, 16, 32, 3, 22, 15, 6, 4, 11, 21, 2, 16, 25, 20, 28, 15, 36
5, 9, 24, 3, 1, 0, 38, 12, 3, 6, 0, 15, 30, 4, 32, 7
35, 29, 3, 4, 6, 38, 34, 20, 3, 1, 24, 28, 36, 37, 30, 23, 34, 13, 29, 17
26, 14, 15, 31, 31, 12, 22, 37, 23, 35, 5, 28, 9, 12, 7, 5, 31
33, 37, 28, 35, 18, 11, 16, 2, 24, 28, 23, 18, 18, 6, 10, 28, 33, 24, 28, 4
5, 9, 24, 3, 30, 0, 0, 32, 1, 7, 38, 4, 15, 12, 6, 3
36, 13, 5, 27, 10, 34, 5, 3, 33, 20, 31, 16, 34, 13, 37, 35, 13, 16, 16
35, 17, 29, 3, 13, 4, 34, 34, 1, 29, 23, 20, 6, 3, 37, 30, 38, 36, 24, 28
31, 15, 16, 9, 25, 15, 34, 39, 32, 36, 15, 6, 11, 16, 25, 16, 20, 28, 21, 3, 22, 2, 4
26, 28, 22, 31, 18, 1, 13, 35, 39, 37, 25, 19, 26, 1, 7, 15, 21, 34
7, 19, 22, 19, 15, 22, 25, 5, 26, 22, 6, 21, 28, 31, 8, 36, 20, 25, 15
36, 13, 13, 5, 10, 33, 13, 16, 20, 16, 34, 37, 31, 16, 5, 27, 3, 34, 35
37, 15, 23, 35, 12, 17, 38, 36, 5, 28, 3, 27, 4, 6, 33, 39, 24, 1, 24, 2
5, 9, 6, 0, 15, 12, 24, 38, 30, 0, 3, 32, 1, 4, 7, 3
17, 15, 33, 7, 30, 28, 15, 24, 24, 4, 0, 16, 24, 27, 37, 24, 36, 9, 5
35, 29, 3, 23, 4, 20, 34, 17, 1, 13, 34, 29, 6, 37, 3, 36, 28, 38, 30, 24
7, 19, 22, 19, 22, 36, 20, 21, 28, 25, 26, 5, 31, 6, 15, 22, 8, 15, 25
17, 15, 7, 30, 33, 24, 0, 5, 9, 24, 16, 24, 36, 27, 37, 4, 15, 28, 24
33, 18, 12, 37, 9, 3, 33, 31, 14, 38, 1, 19, 29, 9, 7, 21, 39, 36, 39, 7, 35, 6
26, 24, 37, 39, 31, 5, 11, 9, 20, 38, 22, 36, 20, 5, 31, 11, 2, 3, 18
5, 9, 15, 24, 38, 6, 12, 1, 4, 7, 3, 0, 32, 3, 0, 30
11, 4, 28, 4, 34, 25, 31, 24, 12, 7, 11, 10, 18, 30, 39, 5, 30, 21, 0, 31, 4
5, 9, 1, 12, 24, 4, 7, 38, 15, 6, 3, 0, 3, 0, 30, 32
17, 15, 33, 7, 30, 0, 27, 24, 4, 15, 24, 28, 24, 16, 37, 24, 9, 36, 5
33, 18, 12, 37, 9, 3, 7, 19, 29, 31, 33, 6, 21, 7, 36, 38, 39, 35, 14, 39, 9, 1
36, 13, 5, 13, 27, 34, 34, 20, 37, 10, 33, 3, 16, 13, 16, 35, 5, 16, 31
30, 35, 12, 35, 2, 10, 26, 23, 4, 7, 11, 6, 35, 21, 18, 2, 31, 13, 10, 19
35, 29, 3, 36, 37, 6, 28, 4, 20, 34, 30, 3, 29, 13, 24, 34, 1, 38, 17, 23
26, 28, 22, 1, 31, 7, 19, 18, 25, 34, 21, 26, 13, 39, 35, 37, 1, 15
19, 10, 27, 28, 39, 38, 36, 1, 14, 21, 1, 6, 14, 30, 2, 39, 29, 29
35, 28, 5, 25, 38, 25, 28, 1, 26, 31, 30, 38, 14, 15, 11, 30, 23, 35, 27, 32, 2
35, 28, 38, 38, 5, 15, 25, 11, 27, 14, 25, 30, 28, 23, 26, 32, 31, 1, 30, 35, 2
36, 13, 5, 16, 31, 20, 33, 13, 10, 37, 27, 16, 16, 3, 13, 5, 34, 35, 34
35, 29, 4, 3, 38, 3, 34, 23, 29, 37, 1, 20, 34, 28, 13, 36, 30, 17, 6, 24
33, 37, 28, 24, 33, 35, 23, 6, 28, 10, 28, 18, 24, 2, 16, 4, 28, 18, 11, 18
17, 15, 7, 33, 30, 0, 27, 24, 4, 15, 28, 24, 24, 37, 16, 24, 5, 36, 9
26, 28, 22, 31, 1, 18, 13, 37, 25, 19, 15, 39, 26, 1, 34, 35, 7, 21
23, 11, 27, 22, 34, 19, 38, 0, 23, 36, 1, 15, 6, 0, 21, 7, 15, 37
31, 15, 39, 16, 4, 16, 20, 2, 28, 9, 25, 11, 16, 36, 15, 15, 34, 6, 32, 21, 25, 3, 22
36, 13, 5, 34, 20, 13, 10, 3, 13, 16, 16, 37, 5, 27, 31, 33, 16, 35, 34
11, 4, 28, 4, 34, 30, 10, 7, 31, 12, 39, 0, 5, 21, 24, 18, 31, 30, 4, 25, 11
23, 11, 27, 34, 36, 19, 7, 15, 22, 37, 23, 15, 38, 1, 21, 0, 0, 6
33, 37, 35, 24, 23, 28, 28, 4, 18, 18, 6, 11, 2, 10, 28, 16, 33, 28, 18, 24
18, 15, 37, 26, 3, 25, 23, 31, 1, 28, 16, 4, 13, 37, 14, 14, 10, 32, 1
36, 32, 26, 26, 16, 20, 1, 16, 24, 38, 29, 12, 2, 38, 1, 35, 36, 27, 12, 19, 22, 19
36, 32, 27, 20, 1, 19, 12, 2, 1, 16, 26, 36, 26, 16, 38, 12, 19, 24, 29, 38, 22, 35
35, 29, 3, 17, 20, 13, 24, 34, 30, 4, 3, 38, 36, 34, 6, 28, 37, 23, 29, 1
33, 37, 24, 18, 35, 24, 10, 28, 11, 28, 23, 16, 33, 28, 28, 6, 18, 4, 18, 2
37, 15, 35, 23, 12, 27, 38, 17, 2, 39, 36, 24, 4, 3, 33, 5, 1, 6, 28, 24
33, 18, 12, 19, 3, 21, 9, 37, 33, 9, 1, 31, 7, 29, 38, 39, 36, 14, 7, 39, 35, 6
35, 30, 35, 7, 2, 12, 18, 31, 10, 13, 10, 11, 23, 26, 35, 2, 19, 4, 6, 21
26, 28, 1, 31, 22, 21, 18, 13, 39, 34, 7, 1, 26, 35, 15, 37, 19, 25
26, 28, 22, 1, 31, 13, 18, 35, 25, 37, 21, 7, 26, 15, 19, 39, 1, 34
30, 35, 12, 35, 2, 31, 7, 10, 11, 23, 26, 4, 18, 13, 19, 35, 10, 2, 6, 21
30, 35, 12, 35, 2, 6, 7, 35, 26, 10, 21, 4, 31, 10, 18, 13, 23, 2, 11, 19
26, 28, 22, 31, 1, 18, 25, 19, 13, 15, 37, 26, 39, 1, 34, 21, 35, 7
19, 10, 27, 30, 1, 39, 39, 6, 36, 21, 29, 1, 2, 14, 14, 29, 28, 38
18, 15, 1, 37, 10, 37, 23, 4, 3, 16, 26, 31, 13, 14, 32, 1, 25, 14, 28
26, 24, 11, 39, 37, 5, 20, 18, 9, 38, 31, 31, 3, 20, 36, 11, 5, 22, 2
23, 11, 27, 36, 34, 19, 0, 7, 15, 22, 15, 23, 37, 38, 6, 21, 0, 1
36, 32, 26, 26, 38, 16, 22, 12, 1, 19, 38, 24, 19, 16, 20, 29, 35, 1, 36, 12, 2, 27
26, 28, 22, 31, 37, 1, 13, 34, 19, 21, 15, 7, 1, 18, 26, 39, 25, 35
37, 15, 35, 28, 3, 24, 23, 38, 4, 27, 12, 17, 6, 2, 5, 36, 24, 1, 33, 39
5, 9, 24, 32, 6, 38, 1, 15, 12, 4, 7, 0, 30, 3, 3, 0
11, 4, 28, 4, 34, 31, 39, 21, 10, 30, 30, 0, 12, 24, 25, 7, 18, 31, 4, 11, 5
11, 4, 34, 28, 4, 31, 7, 30, 10, 5, 39, 0, 21, 12, 30, 18, 11, 4, 31, 24, 25
26, 14, 15, 22, 31, 31, 5, 12, 31, 37, 12, 23, 28, 9, 7, 35, 5
34, 23, 9, 36, 19, 36, 13, 18, 17, 33, 39, 8, 31, 16, 9, 0, 29, 29, 4, 5
17, 7, 30, 15, 24, 0, 33, 27, 37, 5, 24, 9, 4, 36, 28, 15, 24, 24, 16
23, 11, 27, 21, 7, 1, 23, 36, 38, 15, 34, 19, 37, 6, 22, 0, 15, 0
34, 23, 9, 36, 18, 29, 33, 13, 19, 4, 31, 5, 8, 39, 36, 17, 16, 0, 9, 29
26, 24, 39, 37, 20, 5, 22, 20, 5, 36, 9, 31, 18, 11, 3, 11, 2, 31, 38
23, 11, 36, 27, 34, 19, 6, 38, 22, 0, 37, 7, 1, 23, 15, 15, 21, 0
19, 10, 27, 30, 21, 36, 14, 6, 14, 39, 2, 29, 1, 29, 38, 28, 1, 39
26, 28, 22, 21, 35, 31, 13, 25, 34, 1, 15, 1, 7, 26, 39, 18, 37, 19
31, 15, 16, 34, 9, 32, 28, 15, 20, 11, 39, 25, 6, 4, 36, 16, 16, 15, 21, 3, 25, 22, 2
23, 11, 27, 36, 38, 22, 0, 34, 21, 0, 6, 19, 1, 23, 7, 15, 37, 15
19, 10, 27, 6, 30, 2, 29, 1, 39, 29, 36, 14, 28, 38, 39, 1, 14, 21
34, 23, 9, 19, 33, 13, 4, 36, 5, 8, 31, 9, 36, 17, 16, 39, 18, 0, 29, 29
19, 10, 27, 21, 2, 6, 30, 29, 1, 14, 36, 29, 38, 28, 39, 39, 1, 14
11, 4, 4, 28, 34, 31, 18, 39, 0, 30, 7, 24, 12, 30, 31, 10, 5, 21, 4, 25, 11
34, 23, 19, 36, 33, 8, 17, 9, 29, 13, 39, 0, 31, 16, 9, 29, 4, 5, 36, 18
31, 9, 15, 16, 34, 32, 2, 6, 4, 25, 28, 11, 39, 16, 16, 20, 15, 3, 25, 21, 22, 15, 36
19, 10, 30, 27, 21, 2, 6, 39, 39, 1, 29, 28, 14, 14, 1, 38, 29, 36
33, 18, 12, 21, 37, 9, 3, 35, 14, 39, 19, 33, 9, 31, 1, 39, 7, 29, 38, 7, 36, 6
23, 11, 27, 34, 0, 19, 36, 15, 37, 1, 22, 23, 0, 15, 21, 38, 7, 6
35, 4, 29, 3, 3, 20, 23, 37, 6, 34, 29, 36, 38, 28, 34, 1, 13, 17, 30, 24
11, 4, 28, 34, 4, 21, 18, 31, 30, 7, 30, 24, 12, 39, 10, 31, 25, 0, 11, 4, 5
11, 4, 28, 21, 0, 10, 24, 30, 4, 39, 4, 12, 34, 18, 5, 25, 30, 31, 31, 11, 7
36, 32, 26, 29, 1, 2, 20, 12, 12, 36, 16, 38, 27, 22, 26, 38, 19, 24, 19, 1, 35, 16
30, 35, 12, 35, 2, 13, 21, 10, 2, 7, 19, 10, 6, 18, 23, 31, 4, 11, 35, 26
7, 19, 22, 19, 22, 5, 28, 25, 21, 6, 26, 15, 22, 31, 8, 36, 20, 25, 15
19, 10, 36, 29, 27, 29, 2, 14, 14, 30, 6, 39, 21, 1, 28, 38, 1, 39
35, 38, 25, 28, 38, 5, 1, 31, 15, 14, 26, 27, 25, 32, 23, 11, 28, 30, 30, 35, 2
36, 13, 10, 5, 35, 20, 16, 16, 13, 5, 34, 33, 16, 13, 31, 27, 34, 3, 37
36, 13, 5, 10, 34, 33, 20, 13, 13, 16, 16, 5, 16, 31, 27, 3, 34, 37, 35
33, 18, 12, 14, 9, 37, 31, 6, 9, 1, 39, 7, 35, 21, 33, 38, 29, 3, 39, 7, 36, 19
36, 13, 35, 37, 5, 3, 34, 16, 10, 16, 13, 5, 20, 31, 27, 33, 34, 13, 16
30, 35, 12, 35, 18, 23, 7, 21, 26, 19, 2, 31, 2, 6, 10, 35, 11, 10, 13, 4
36, 32, 26, 19, 20, 38, 22, 26, 12, 29, 16, 19, 38, 16, 1, 36, 24, 1, 2, 27, 35, 12
34, 23, 0, 9, 9, 16, 8, 4, 29, 18, 17, 39, 19, 29, 13, 36, 5, 31, 36, 33
34, 23, 39, 17, 36, 5, 31, 13, 9, 9, 19, 33, 16, 36, 0, 18, 29, 29, 8, 4
26, 31, 24, 5, 37, 5, 20, 9, 2, 20, 39, 11, 22, 3, 18, 11, 36, 31, 38
17, 15, 7, 30, 33, 27, 0, 16, 24, 15, 4, 37, 28, 36, 24, 24, 9, 24, 5
36, 34, 13, 5, 27, 3, 16, 5, 16, 13, 35, 10, 37, 31, 33, 20, 34, 13, 16
37, 15, 23, 35, 38, 12, 24, 24, 27, 4, 39, 17, 3, 2, 1, 5, 36, 28, 33, 6
19, 10, 27, 2, 36, 38, 6, 39, 29, 14, 29, 1, 14, 28, 30, 1, 21, 39
19, 10, 6, 27, 1, 39, 2, 28, 30, 39, 38, 29, 29, 14, 1, 21, 36, 14
36, 13, 5, 16, 10, 37, 35, 20, 31, 13, 34, 27, 3, 34, 33, 16, 13, 5, 16
34, 23, 9, 33, 0, 36, 29, 19, 16, 18, 39, 8, 17, 13, 9, 31, 4, 29, 5, 36
37, 15, 35, 2, 12, 24, 1, 23, 24, 6, 3, 28, 17, 27, 38, 5, 4, 36, 33, 39
26, 14, 15, 9, 31, 35, 37, 12, 12, 31, 31, 22, 23, 28, 5, 7, 5
35, 7, 30, 35, 12, 18, 2, 31, 19, 13, 23, 35, 10, 21, 4, 2, 6, 10, 26, 11
36, 32, 26, 26, 1, 16, 29, 27, 36, 1, 38, 16, 24, 35, 2, 38, 12, 12, 22, 19, 19, 20
36, 32, 26, 26, 16, 20, 12, 38, 29, 19, 38, 36, 27, 22, 1, 24, 19, 12, 2, 1, 16, 35
17, 15, 33, 24, 24, 7, 28, 30, 16, 24, 37, 0, 27, 24, 4, 36, 5, 9, 15
35, 38, 28, 5, 38, 25, 15, 30, 30, 14, 28, 35, 11, 25, 23, 32, 26, 31, 27, 2, 1
35, 28, 5, 25, 38, 38, 31, 23, 1, 15, 28, 2, 25, 11, 27, 26, 30, 14, 32, 30, 35
33, 37, 24, 2, 11, 35, 28, 33, 16, 23, 18, 18, 18, 28, 6, 10, 24, 4, 28, 28
26, 28, 22, 1, 31, 18, 13, 39, 7, 21, 35, 37, 1, 19, 34, 25, 26, 15
11, 4, 28, 39, 0, 21, 5, 4, 11, 34, 31, 24, 18, 30, 12, 10, 30, 31, 7, 4, 25
36, 32, 12, 16, 12, 26, 2, 38, 20, 26, 19, 27, 38, 22, 36, 29, 19, 24, 1, 1, 16, 35
35, 28, 38, 5, 38, 25, 11, 15, 27, 25, 1, 2, 30, 26, 35, 31, 23, 32, 30, 14, 28
35, 28, 5, 38, 38, 25, 32, 30, 35, 15, 11, 2, 25, 31, 23, 27, 1, 30, 14, 26, 28
31, 15, 16, 9, 20, 32, 15, 16, 25, 6, 34, 36, 25, 28, 15, 11, 16, 21, 22, 3, 2, 4, 39
7, 19, 19, 22, 25, 22, 8, 21, 15, 36, 15, 5, 6, 22, 20, 25, 26, 31, 28
35, 25, 28, 38, 38, 27, 5, 11, 15, 32, 23, 35, 30, 25, 31, 1, 30, 2, 14, 28, 26
5, 9, 1, 24, 38, 12, 32, 7, 4, 0, 30, 6, 3, 15, 3, 0
5, 9, 24, 4, 7, 0, 1, 12, 6, 0, 30, 15, 3, 38, 32, 3
34, 23, 0, 18, 29, 17, 9, 19, 8, 16, 36, 36, 31, 39, 13, 33, 9, 29, 4, 5
26, 24, 37, 36, 22, 20, 20, 39, 9, 11, 5, 5, 31, 2, 3, 18, 11, 38, 31
18, 15, 37, 26, 28, 4, 1, 25, 1, 23, 14, 37, 31, 10, 3, 13, 16, 32, 14
36, 32, 26, 26, 2, 16, 38, 24, 12, 38, 1, 16, 12, 19, 19, 35, 20, 22, 29, 27, 1, 36
37, 15, 23, 35, 28, 12, 3, 4, 33, 17, 38, 24, 5, 2, 27, 36, 39, 24, 6, 1
26, 28, 31, 22, 1, 7, 25, 21, 18, 39, 13, 34, 35, 1, 37, 19, 15, 26
26, 24, 37, 5, 31, 39, 9, 22, 20, 11, 36, 38, 20, 5, 31, 2, 3, 11, 18
33, 37, 24, 35, 28, 18, 28, 24, 11, 23, 18, 4, 28, 2, 16, 18, 33, 28, 6, 10
26, 28, 13, 22, 1, 31, 18, 21, 37, 34, 35, 1, 7, 19, 25, 15, 26, 39
31, 15, 16, 9, 32, 2, 34, 11, 20, 25, 4, 39, 25, 16, 21, 15, 16, 22, 15, 3, 36, 6, 28
34, 23, 39, 13, 9, 31, 8, 36, 9, 36, 17, 18, 19, 29, 33, 5, 16, 0, 29, 4
19, 6, 10, 29, 27, 2, 29, 36, 14, 28, 38, 39, 1, 14, 21, 30, 1, 39
34, 23, 19, 36, 39, 13, 9, 9, 18, 8, 17, 36, 33, 16, 4, 31, 0, 29, 5, 29
17, 15, 33, 7, 30, 24, 0, 27, 4, 15, 24, 28, 24, 16, 37, 24, 36, 9, 5
26, 14, 15, 5, 28, 31, 12, 31, 7, 23, 5, 31, 22, 12, 37, 35, 9
33, 37, 28, 18, 33, 2, 24, 28, 24, 35, 28, 10, 4, 16, 18, 11, 23, 28, 6, 18
23, 11, 27, 19, 36, 23, 15, 34, 22, 7, 38, 37, 0, 1, 0, 15, 6, 21
34, 23, 9, 16, 33, 8, 4, 5, 19, 18, 13, 0, 36, 29, 36, 29, 9, 39, 31, 17
34, 23, 13, 33, 39, 19, 9, 9, 16, 17, 36, 0, 29, 29, 4, 5, 36, 18, 8, 31
35, 4, 29, 3, 3, 34, 20, 28, 37, 23, 29, 6, 36, 30, 1, 24, 38, 34, 13, 17
19, 10, 27, 6, 39, 14, 29, 1, 2, 21, 38, 36, 30, 29, 14, 39, 28, 1
26, 14, 15, 28, 31, 23, 9, 22, 12, 31, 7, 5, 35, 5, 12, 37, 31
33, 37, 28, 24, 2, 23, 18, 6, 35, 18, 10, 16, 18, 33, 28, 28, 24, 4, 28, 11
36, 32, 38, 16, 26, 26, 2, 12, 22, 19, 24, 19, 12, 29, 36, 20, 1, 38, 16, 27, 1, 35
26, 14, 31, 15, 37, 31, 12, 28, 23, 22, 7, 5, 5, 35, 31, 12, 9
36, 13, 10, 34, 5, 33, 13, 3, 20, 16, 5, 31, 13, 35, 16, 37, 27, 16, 34
26, 24, 31, 37, 5, 5, 38, 36, 18, 39, 2, 9, 11, 31, 3, 20, 20, 11, 22
39, 11, 4, 12, 10, 4, 28, 7, 0, 34, 5, 21, 30, 31, 24, 4, 30, 18, 25, 11, 31
26, 28, 31, 22, 1, 18, 13, 37, 7, 39, 19, 34, 15, 21, 1, 26, 35, 25
35, 29, 30, 3, 3, 36, 28, 4, 24, 37, 29, 38, 34, 6, 20, 23, 1, 34, 13, 17
26, 28, 22, 37, 1, 13, 31, 19, 34, 18, 25, 15, 21, 1, 26, 7, 39, 35
26, 24, 39, 37, 5, 9, 20, 20, 31, 11, 22, 38, 5, 36, 31, 3, 2, 18, 11
33, 18, 37, 9, 12, 3, 39, 31, 33, 35, 6, 1, 7, 21, 19, 36, 14, 39, 38, 29, 7, 9
7, 19, 22, 15, 5, 25, 19, 22, 22, 21, 36, 15, 25, 26, 31, 6, 20, 8, 28
35, 38, 28, 38, 25, 5, 15, 27, 11, 26, 25, 35, 32, 31, 23, 30, 30, 14, 1, 2, 28
18, 3, 15, 37, 23, 26, 1, 37, 14, 32, 25, 14, 28, 31, 13, 16, 10, 4, 1
17, 15, 7, 33, 24, 28, 27, 24, 30, 15, 0, 24, 37, 36, 24, 9, 4, 16, 5
26, 24, 37, 9, 39, 31, 11, 20, 5, 5, 22, 2, 36, 11, 3, 18, 31, 20, 38
11, 4, 34, 28, 31, 4, 39, 0, 30, 10, 21, 5, 31, 7, 12, 4, 24, 25, 18, 11, 30
19, 10, 27, 29, 28, 2, 6, 29, 38, 39, 30, 1, 21, 14, 36, 39, 14, 1
18, 3, 23, 15, 32, 37, 14, 37, 26, 1, 25, 1, 31, 28, 4, 10, 13, 16, 14
17, 15, 33, 36, 27, 16, 24, 7, 30, 0, 9, 24, 5, 4, 24, 37, 28, 15, 24
33, 18, 12, 19, 3, 9, 35, 21, 39, 37, 33, 31, 9, 38, 29, 6, 7, 14, 7, 39, 1, 36
17, 15, 7, 30, 33, 0, 24, 4, 27, 15, 28, 24, 24, 16, 37, 24, 36, 9, 5
11, 4, 28, 4, 39, 30, 12, 34, 10, 0, 21, 31, 31, 24, 5, 18, 4, 30, 25, 7, 11
34, 39, 23, 36, 19, 9, 29, 9, 17, 13, 29, 0, 16, 31, 4, 33, 18, 8, 5, 36
26, 14, 31, 15, 31, 9, 22, 5, 35, 5, 23, 37, 12, 12, 31, 28, 7
26, 28, 22, 39, 1, 34, 21, 18, 1, 26, 31, 7, 13, 37, 35, 19, 15, 25
36, 32, 26, 16, 12, 20, 24, 1, 12, 2, 38, 26, 35, 27, 29, 38, 16, 36, 22, 1, 19, 19
17, 15, 7, 33, 30, 24, 37, 0, 36, 16, 9, 24, 27, 5, 4, 15, 24, 28, 24
36, 13, 20, 13, 5, 34, 16, 10, 16, 33, 5, 31, 13, 27, 16, 3, 34, 37, 35
34, 23, 33, 9, 19, 13, 36, 0, 18, 29, 17, 36, 8, 16, 39, 31, 9, 29, 4, 5
33, 37, 28, 18, 18, 24, 35, 33, 18, 2, 24, 4, 28, 28, 16, 6, 23, 10, 11, 28
35, 4, 29, 3, 3, 34, 6, 17, 24, 37, 34, 23, 1, 38, 13, 36, 28, 29, 20, 30
36, 32, 38, 26, 2, 20, 24, 16, 38, 29, 35, 16, 27, 26, 12, 1, 19, 1, 36, 12, 22, 19
30, 17, 15, 7, 24, 0, 33, 24, 16, 27, 37, 24, 28, 9, 24, 36, 15, 4, 5
35, 38, 28, 38, 5, 25, 25, 27, 11, 35, 26, 32, 15, 23, 1, 30, 31, 2, 30, 14, 28
31, 15, 9, 16, 3, 21, 16, 16, 39, 20, 15, 34, 11, 22, 25, 25, 32, 2, 15, 36, 4, 6, 28
35, 28, 27, 5, 32, 2, 23, 30, 25, 38, 26, 35, 38, 14, 15, 25, 31, 11, 28, 1, 30
30, 35, 12, 35, 6, 7, 21, 2, 26, 2, 18, 23, 4, 13, 31, 19, 35, 10, 10, 11
26, 14, 35, 31, 15, 5, 9, 31, 22, 5, 31, 12, 37, 12, 23, 28, 7
26, 14, 22, 23, 15, 28, 31, 5, 5, 7, 35, 31, 9, 12, 37, 12, 31
17, 15, 33, 9, 28, 7, 30, 5, 0, 24, 24, 24, 4, 16, 27, 24, 15, 37, 36
35, 38, 28, 25, 38, 15, 5, 2, 30, 28, 25, 35, 1, 14, 26, 11, 30, 31, 32, 27, 23
7, 19, 22, 5, 25, 19, 25, 15, 22, 15, 26, 21, 22, 8, 6, 36, 28, 20, 31
26, 24, 37, 9, 20, 38, 11, 3, 20, 39, 36, 11, 5, 18, 22, 5, 31, 31, 2
26, 24, 37, 39, 5, 20, 9, 36, 20, 22, 11, 5, 31, 2, 3, 18, 11, 31, 38
35, 29, 3, 34, 4, 24, 3, 29, 38, 30, 23, 37, 36, 6, 20, 34, 28, 13, 1, 17
11, 4, 4, 28, 34, 31, 5, 30, 18, 30, 25, 31, 11, 39, 21, 4, 7, 0, 12, 10, 24
26, 14, 15, 12, 9, 31, 28, 31, 23, 22, 7, 5, 31, 5, 35, 12, 37
33, 37, 28, 18, 24, 35, 24, 6, 33, 28, 28, 10, 28, 18, 11, 23, 4, 18, 2, 16
31, 15, 9, 16, 34, 32, 25, 16, 21, 3, 15, 39, 2, 22, 4, 25, 15, 6, 36, 20, 11, 28, 16
11, 4, 4, 28, 34, 5, 24, 30, 39, 0, 21, 18, 4, 10, 31, 25, 30, 31, 11, 7, 12
26, 14, 15, 9, 22, 31, 7, 5, 35, 31, 5, 12, 31, 23, 12, 37, 28
26, 24, 39, 37, 5, 36, 20, 31, 9, 2, 5, 11, 11, 3, 20, 22, 18, 31, 38
36, 32, 26, 12, 29, 2, 38, 19, 26, 19, 1, 16, 20, 24, 38, 36, 27, 1, 12, 16, 22, 35
31, 9, 15, 34, 16, 25, 32, 25, 21, 39, 16, 15, 36, 4, 15, 3, 20, 6, 22, 11, 28, 16, 2
33, 37, 28, 18, 28, 24, 33, 24, 6, 16, 35, 23, 10, 2, 28, 4, 28, 18, 11, 18
33, 18, 12, 37, 9, 39, 14, 38, 31, 7, 3, 21, 7, 35, 36, 33, 6, 9, 19, 1, 29, 39
19, 6, 10, 29, 27, 29, 30, 39, 39, 1, 2, 36, 1, 14, 21, 14, 28, 38
36, 32, 16, 19, 26, 19, 20, 24, 26, 38, 29, 1, 1, 36, 27, 16, 35, 2, 38, 12, 22, 12
7, 19, 22, 5, 25, 28, 22, 15, 15, 19, 36, 22, 21, 20, 26, 6, 25, 8, 31
37, 15, 35, 23, 12, 27, 38, 5, 33, 36, 17, 39, 1, 24, 2, 28, 6, 3, 4, 24
35, 28, 5, 1, 31, 25, 23, 25, 15, 2, 38, 30, 38, 32, 26, 11, 30, 14, 27, 35, 28
30, 35, 12, 13, 18, 19, 31, 7, 10, 2, 35, 10, 2, 6, 21, 35, 11, 23, 4, 26
26, 28, 22, 37, 34, 25, 35, 1, 19, 21, 7, 31, 13, 15, 1, 18, 26, 39
36, 13, 10, 5, 20, 3, 34, 35, 33, 13, 16, 37, 13, 5, 34, 16, 16, 31, 27
23, 11, 27, 19, 36, 23, 22, 6, 34, 21, 7, 15, 37, 0, 1, 38, 15, 0
36, 13, 37, 5, 27, 13, 31, 33, 13, 34, 34, 10, 35, 16, 5, 20, 3, 16, 16
23, 11, 36, 27, 34, 19, 1, 21, 22, 23, 7, 15, 0, 38, 6, 37, 15, 0
36, 32, 26, 19, 22, 19, 29, 36, 26, 1, 12, 27, 20, 16, 38, 24, 1, 16, 12, 2, 38, 35
26, 24, 5, 37, 39, 11, 20, 9, 31, 11, 18, 36, 22, 38, 3, 20, 2, 31, 5
30, 35, 35, 12, 2, 7, 10, 26, 13, 18, 31, 19, 10, 11, 23, 4, 2, 6, 21, 35
19, 10, 27, 39, 30, 14, 1, 28, 14, 29, 21, 29, 6, 2, 38, 39, 36, 1
11, 4, 28, 4, 34, 30, 31, 4, 31, 25, 7, 11, 39, 12, 0, 10, 5, 21, 18, 24, 30
18, 15, 37, 14, 13, 28, 26, 31, 25, 16, 37, 23, 4, 3, 10, 1, 14, 1, 32
26, 24, 37, 2, 31, 39, 22, 3, 5, 38, 11, 36, 18, 5, 31, 20, 20, 9, 11
33, 37, 24, 35, 28, 28, 24, 11, 28, 18, 2, 4, 23, 18, 16, 18, 28, 6, 10, 33
35, 28, 5, 38, 14, 38, 30, 28, 25, 1, 31, 26, 2, 30, 25, 35, 23, 15, 27, 32, 11
3, 18, 23, 14, 15, 37, 26, 37, 32, 1, 1, 14, 25, 28, 31, 13, 16, 10, 4
5, 9, 38, 24, 12, 1, 6, 3, 15, 0, 3, 0, 32, 4, 30, 7
7, 19, 15, 5, 21, 6, 22, 8, 22, 22, 25, 31, 36, 19, 26, 20, 15, 25, 28
35, 28, 5, 38, 25, 38, 25, 2, 31, 35, 27, 23, 15, 11, 1, 32, 30, 30, 14, 28, 26
26, 24, 20, 5, 9, 37, 39, 11, 5, 18, 22, 31, 11, 2, 31, 3, 36, 38, 20
7, 19, 22, 19, 5, 22, 15, 21, 6, 25, 22, 31, 8, 36, 20, 26, 15, 25, 28
26, 14, 15, 31, 31, 12, 37, 9, 22, 5, 31, 12, 23, 28, 35, 7, 5
11, 4, 28, 34, 30, 4, 12, 31, 5, 10, 7, 39, 18, 21, 0, 24, 30, 31, 4, 25, 11
36, 13, 5, 10, 20, 31, 33, 13, 27, 13, 34, 16, 3, 16, 37, 5, 16, 35, 34
23, 34, 19, 11, 36, 27, 22, 21, 23, 7, 0, 15, 15, 37, 38, 1, 6, 0
34, 23, 36, 19, 39, 9, 17, 9, 31, 13, 29, 18, 33, 4, 0, 5, 8, 29, 36, 16
33, 18, 12, 37, 9, 21, 1, 7, 36, 3, 19, 14, 6, 29, 39, 9, 33, 35, 39, 7, 31, 38
33, 18, 12, 37, 9, 3, 36, 19, 35, 7, 6, 33, 21, 39, 14, 31, 38, 9, 1, 29, 7, 39
18, 15, 4, 28, 1, 31, 14, 10, 37, 32, 23, 37, 26, 3, 13, 16, 1, 25, 14
37, 15, 35, 23, 12, 38, 27, 33, 1, 5, 39, 17, 36, 24, 2, 6, 28, 4, 24, 3
26, 28, 22, 31, 7, 39, 21, 37, 25, 26, 19, 35, 1, 1, 34, 18, 13, 15
35, 29, 4, 34, 13, 3, 17, 34, 29, 38, 6, 20, 3, 36, 23, 37, 28, 24, 30, 1
34, 11, 4, 4, 28, 31, 21, 30, 11, 24, 7, 18, 12, 10, 30, 25, 0, 31, 39, 4, 5
33, 37, 10, 28, 24, 33, 35, 18, 28, 16, 2, 6, 11, 24, 18, 28, 18, 4, 23, 28
26, 24, 37, 31, 36, 39, 11, 9, 20, 2, 5, 22, 3, 18, 11, 20, 31, 5, 38
35, 29, 3, 13, 34, 17, 4, 23, 34, 1, 29, 37, 20, 36, 28, 6, 30, 3, 24, 38
34, 23, 39, 19, 36, 9, 9, 29, 17, 33, 0, 8, 13, 4, 36, 29, 18, 16, 5, 31
19, 10, 27, 6, 14, 38, 28, 1, 39, 2, 30, 29, 14, 21, 29, 39, 1, 36
35, 28, 31, 14, 5, 30, 25, 1, 25, 38, 38, 28, 11, 2, 35, 23, 27, 30, 26, 15, 32
35, 4, 29, 3, 34, 13, 17, 38, 34, 29, 24, 30, 37, 23, 36, 20, 1, 28, 6, 3
37, 15, 35, 28, 6, 12, 4, 3, 27, 23, 1, 33, 38, 24, 5, 2, 24, 39, 36, 17
7, 19, 22, 19, 36, 5, 6, 26, 25, 15, 22, 22, 21, 20, 25, 28, 31, 8, 15
31, 15, 9, 34, 16, 15, 15, 4, 25, 39, 25, 32, 36, 2, 16, 20, 11, 16, 6, 22, 28, 21, 3
26, 28, 22, 31, 1, 18, 25, 34, 13, 21, 37, 35, 7, 19, 39, 15, 26, 1
18, 15, 37, 23, 37, 25, 26, 1, 14, 3, 32, 14, 31, 28, 13, 16, 10, 4, 1
