(15, 18), (94, 15), (157, 26), (160, 37), (210, 37), (303, 1), (313, 25), (319, 28), (325, 23), (342, 14), (355, 32), (394, 31), (397, 3), (399, 10), (450, 16), (506, 13), (547, 4), (555, 14), (556, 1)
(69, 37), (104, 15), (132, 23), (156, 35), (222, 12), (307, 33), (308, 1), (324, 5), (328, 2), (339, 6), (339, 38), (343, 17), (360, 28), (373, 27), (383, 4), (390, 36), (402, 24), (457, 24), (473, 39), (503, 3)
(136, 11), (167, 4), (200, 28), (300, 34), (319, 31), (360, 4), (388, 10), (407, 30), (423, 0), (449, 39), (472, 7), (489, 5), (519, 12), (551, 18), (558, 21), (610, 24), (654, 30), (767, 31), (843, 11), (868, 4), (910, 25)
(68, 11), (113, 4), (159, 28), (221, 4), (254, 34), (309, 7), (352, 12), (356, 31), (367, 10), (388, 39), (406, 5), (411, 30), (456, 0), (517, 21), (559, 24), (607, 18), (692, 31), (717, 30), (779, 4), (798, 11), (835, 25)
(7, 26), (14, 28), (80, 22), (259, 31), (311, 19), (335, 15), (359, 1), (372, 37), (381, 26), (394, 1), (425, 34), (441, 21), (458, 39), (494, 18), (513, 13), (519, 7), (636, 35), (669, 25)
(43, 35), (117, 34), (125, 4), (158, 29), (172, 3), (258, 29), (315, 13), (321, 37), (338, 17), (351, 6), (376, 3), (389, 20), (425, 36), (440, 28), (484, 30), (541, 24), (580, 38), (680, 23), (784, 1), (820, 34)
(133, 35), (165, 28), (272, 5), (275, 23), (290, 27), (306, 11), (358, 30), (362, 32), (363, 1), (365, 38), (376, 28), (379, 14), (387, 38), (397, 30), (398, 31), (422, 35), (449, 26), (452, 25), (473, 25), (507, 2), (555, 15)
(149, 23), (264, 11), (303, 0), (306, 1), (332, 15), (333, 27), (356, 21), (359, 36), (362, 7), (406, 34), (427, 0), (436, 19), (439, 37), (491, 15), (535, 22), (591, 23), (655, 38), (750, 6)
(74, 30), (96, 35), (126, 12), (226, 35), (262, 11), (274, 23), (302, 10), (305, 2), (310, 21), (319, 26), (331, 31), (343, 6), (346, 7), (355, 2), (355, 13), (359, 18), (380, 4), (387, 35), (461, 19), (626, 10)
(7, 26), (22, 28), (90, 22), (241, 31), (300, 21), (309, 1), (324, 34), (334, 7), (359, 15), (378, 18), (405, 26), (438, 39), (439, 13), (443, 35), (475, 37), (503, 19), (524, 1), (527, 25)
(57, 23), (110, 11), (148, 27), (190, 34), (208, 36), (219, 19), (314, 1), (317, 0), (324, 22), (329, 15), (376, 7), (379, 23), (422, 21), (429, 37), (452, 6), (462, 38), (507, 15), (571, 0)
(13, 36), (101, 13), (212, 5), (276, 16), (278, 10), (295, 13), (315, 34), (340, 31), (340, 27), (356, 5), (373, 33), (386, 20), (391, 3), (446, 16), (449, 16), (462, 13), (469, 37), (573, 35), (699, 34)
(103, 18), (208, 15), (218, 26), (234, 23), (281, 37), (297, 37), (310, 1), (320, 3), (320, 32), (396, 25), (479, 14), (525, 14), (553, 13), (560, 28), (596, 31), (656, 16), (749, 1), (767, 10), (840, 4)
(132, 35), (251, 29), (274, 3), (331, 4), (333, 20), (339, 36), (361, 30), (372, 6), (372, 28), (378, 24), (401, 37), (413, 38), (431, 34), (440, 3), (512, 23), (599, 29), (655, 34), (658, 1), (726, 13), (754, 17)
(90, 36), (190, 32), (316, 1), (318, 20), (321, 38), (351, 26), (351, 19), (365, 12), (370, 24), (371, 16), (381, 16), (388, 38), (397, 26), (409, 12), (409, 29), (485, 35), (493, 1), (507, 22), (508, 36), (535, 27), (552, 19), (564, 2)
(135, 23), (181, 11), (244, 27), (252, 36), (306, 0), (376, 38), (386, 34), (395, 0), (419, 19), (439, 1), (469, 23), (471, 6), (521, 22), (560, 21), (579, 37), (584, 7), (650, 15), (687, 15)
(73, 26), (175, 14), (308, 15), (312, 31), (320, 9), (326, 12), (347, 31), (353, 31), (362, 28), (364, 37), (388, 23), (433, 22), (435, 5), (469, 5), (478, 7), (541, 35), (556, 12)
(38, 33), (127, 37), (213, 28), (315, 4), (320, 6), (329, 10), (339, 28), (344, 24), (351, 24), (357, 35), (393, 23), (394, 28), (399, 33), (410, 11), (431, 28), (433, 2), (499, 16), (517, 18), (540, 18), (561, 18)
(81, 33), (173, 24), (175, 37), (189, 35), (268, 28), (304, 10), (312, 18), (313, 28), (327, 6), (328, 33), (366, 23), (384, 28), (453, 24), (487, 18), (589, 2), (596, 4), (596, 11), (604, 28), (626, 18), (657, 16)
(54, 7), (80, 19), (81, 19), (93, 22), (109, 22), (168, 5), (223, 15), (325, 25), (358, 22), (377, 21), (385, 36), (434, 6), (450, 25), (470, 20), (512, 8), (514, 31), (565, 15), (677, 26), (751, 28)
(36, 7), (65, 19), (71, 15), (104, 22), (117, 5), (122, 19), (134, 21), (150, 22), (156, 25), (190, 6), (225, 22), (338, 28), (352, 8), (359, 31), (398, 15), (424, 36), (465, 26), (498, 20), (525, 25)
(12, 19), (75, 10), (146, 27), (309, 39), (314, 38), (315, 6), (319, 30), (355, 14), (355, 1), (361, 2), (368, 14), (374, 29), (378, 1), (386, 36), (398, 29), (422, 21), (460, 28), (481, 39)
(86, 5), (146, 9), (280, 24), (293, 1), (304, 7), (308, 4), (335, 38), (335, 15), (352, 12), (375, 6), (399, 3), (443, 0), (540, 3), (587, 0), (637, 32), (652, 30)
(108, 23), (180, 11), (205, 27), (376, 36), (421, 34), (445, 22), (457, 19), (502, 23), (587, 38), (599, 6), (604, 0), (654, 1), (659, 15), (679, 7), (702, 21), (762, 37), (785, 0), (821, 15)
(89, 26), (181, 24), (245, 37), (321, 5), (342, 36), (371, 39), (425, 20), (432, 20), (453, 31), (472, 9), (514, 5), (523, 31), (531, 11), (558, 2), (577, 11), (577, 18), (603, 3), (619, 22), (642, 38)
(85, 26), (162, 14), (310, 31), (312, 35), (318, 15), (332, 9), (337, 7), (364, 5), (400, 31), (480, 22), (584, 5), (609, 12), (676, 37), (687, 31), (754, 12), (783, 23), (825, 28)
(59, 26), (162, 14), (243, 15), (341, 23), (345, 31), (384, 28), (386, 31), (466, 22), (469, 7), (499, 5), (509, 5), (540, 12), (557, 35), (635, 31), (653, 9), (721, 37), (725, 12)
(86, 33), (121, 35), (158, 37), (163, 24), (262, 28), (308, 24), (322, 6), (329, 33), (347, 28), (354, 10), (361, 11), (362, 28), (381, 18), (411, 28), (423, 23), (450, 18), (463, 4), (498, 2), (566, 16), (641, 18)
(64, 11), (107, 4), (161, 28), (302, 4), (322, 30), (324, 4), (324, 31), (351, 34), (353, 10), (369, 7), (385, 30), (388, 25), (390, 12), (391, 39), (444, 11), (449, 0), (484, 31), (513, 21), (553, 5), (562, 18), (647, 24)
(97, 37), (115, 15), (210, 35), (219, 23), (301, 12), (302, 1), (304, 24), (338, 3), (347, 27), (394, 38), (395, 24), (433, 39), (435, 36), (479, 2), (481, 6), (482, 5), (487, 28), (494, 17), (540, 4), (566, 33)
(78, 36), (159, 13), (276, 10), (279, 5), (309, 34), (348, 20), (349, 16), (362, 33), (363, 13), (396, 31), (401, 13), (401, 3), (438, 16), (483, 37), (486, 27), (499, 5), (513, 35), (534, 16), (644, 34)
(92, 7), (126, 19), (136, 22), (161, 19), (189, 22), (329, 31), (331, 25), (343, 5), (353, 22), (355, 21), (366, 8), (369, 20), (383, 6), (393, 36), (398, 25), (399, 15), (504, 15), (596, 26), (669, 28)
(128, 5), (180, 9), (242, 12), (260, 1), (312, 24), (313, 6), (333, 38), (353, 0), (380, 15), (429, 3), (438, 4), (451, 0), (503, 3), (511, 30), (541, 7), (581, 32)
(87, 36), (174, 13), (313, 5), (339, 3), (357, 16), (374, 10), (382, 16), (396, 31), (401, 13), (409, 34), (411, 37), (424, 20), (431, 5), (476, 33), (513, 27), (538, 35), (560, 13), (594, 34), (645, 16)
(35, 35), (42, 38), (89, 28), (143, 5), (164, 38), (235, 15), (250, 25), (287, 11), (342, 23), (343, 25), (367, 2), (367, 1), (379, 27), (390, 35), (393, 31), (464, 32), (470, 30), (489, 30), (489, 14), (534, 28), (601, 26)
(29, 35), (120, 29), (131, 3), (308, 30), (326, 3), (346, 4), (379, 28), (383, 24), (385, 37), (386, 38), (389, 36), (442, 23), (455, 34), (542, 29), (571, 1), (600, 20), (611, 17), (637, 34), (670, 13), (698, 6)
(114, 26), (203, 14), (314, 31), (333, 31), (333, 12), (336, 5), (346, 9), (352, 15), (358, 7), (389, 37), (390, 35), (391, 5), (413, 22), (443, 31), (493, 12), (587, 28), (599, 23)
(126, 26), (223, 24), (265, 37), (269, 5), (302, 39), (306, 31), (345, 11), (370, 36), (378, 20), (390, 2), (416, 3), (426, 9), (441, 18), (493, 11), (496, 20), (516, 31), (523, 38), (555, 22), (604, 5)
(141, 23), (210, 11), (251, 27), (273, 36), (344, 21), (373, 7), (387, 1), (389, 34), (392, 19), (399, 22), (412, 23), (420, 37), (440, 15), (474, 38), (477, 0), (541, 15), (563, 6), (567, 0)
(44, 33), (119, 18), (194, 12), (219, 1), (305, 29), (305, 7), (314, 9), (315, 36), (319, 6), (332, 7), (339, 33), (351, 37), (363, 9), (369, 39), (383, 39), (395, 19), (425, 35), (432, 31), (438, 38), (477, 21), (513, 14), (519, 3)
(114, 18), (221, 15), (300, 37), (303, 26), (314, 23), (317, 14), (332, 31), (346, 3), (348, 37), (372, 28), (430, 13), (487, 14), (525, 16), (559, 10), (571, 32), (680, 1), (711, 4), (735, 1), (817, 25)
(54, 26), (84, 28), (138, 22), (297, 35), (315, 1), (317, 39), (334, 7), (335, 31), (335, 26), (343, 13), (346, 1), (360, 21), (369, 34), (402, 25), (431, 18), (453, 37), (518, 19), (644, 15)
(93, 31), (164, 9), (169, 15), (221, 16), (251, 34), (254, 25), (292, 39), (303, 16), (312, 32), (321, 3), (337, 22), (372, 15), (379, 6), (381, 4), (396, 11), (397, 21), (414, 2), (439, 16), (460, 25), (462, 20), (485, 28), (535, 15), (594, 36)
(106, 5), (164, 9), (304, 24), (322, 3), (346, 1), (357, 0), (396, 38), (414, 12), (454, 3), (476, 6), (484, 0), (540, 15), (548, 30), (585, 4), (597, 32), (690, 7)
(7, 35), (136, 29), (159, 3), (200, 4), (300, 6), (300, 38), (304, 34), (320, 20), (330, 3), (343, 1), (344, 24), (351, 28), (353, 36), (391, 37), (397, 30), (402, 23), (402, 34), (439, 13), (460, 29), (469, 17)
(31, 26), (110, 14), (194, 15), (209, 31), (300, 31), (309, 12), (332, 22), (341, 37), (350, 23), (372, 35), (392, 5), (409, 28), (429, 9), (495, 12), (511, 7), (552, 5), (564, 31)
(86, 33), (171, 37), (255, 28), (320, 35), (333, 18), (336, 11), (348, 16), (350, 2), (383, 24), (383, 28), (386, 23), (409, 18), (435, 18), (466, 6), (508, 10), (594, 28), (687, 33), (715, 24), (740, 28), (816, 4)
(141, 5), (205, 9), (288, 24), (312, 3), (320, 30), (343, 0), (353, 0), (374, 32), (383, 1), (400, 7), (412, 38), (413, 4), (414, 15), (427, 12), (495, 6), (544, 3)
(64, 36), (147, 13), (282, 5), (324, 27), (369, 10), (373, 34), (381, 5), (381, 3), (395, 33), (415, 20), (423, 31), (431, 16), (431, 34), (438, 13), (438, 37), (471, 35), (480, 13), (576, 16), (625, 16)
(17, 35), (125, 17), (134, 29), (163, 3), (174, 13), (180, 4), (243, 34), (285, 34), (329, 1), (375, 29), (376, 23), (423, 20), (449, 6), (520, 3), (600, 37), (675, 30), (687, 38), (699, 36), (733, 24), (745, 28)
(78, 31), (165, 15), (188, 16), (292, 9), (302, 25), (378, 15), (382, 34), (393, 39), (437, 32), (449, 36), (463, 15), (476, 6), (484, 11), (498, 16), (503, 25), (520, 16), (521, 20), (571, 28), (635, 21), (701, 3), (800, 22), (836, 2), (908, 4)
(69, 26), (91, 28), (151, 22), (219, 31), (268, 18), (284, 1), (300, 13), (337, 35), (354, 39), (365, 37), (429, 25), (431, 19), (435, 26), (441, 1), (455, 7), (464, 15), (498, 21), (532, 34)
(34, 7), (70, 19), (87, 22), (103, 19), (118, 15), (131, 22), (192, 25), (207, 5), (324, 26), (377, 22), (393, 6), (396, 21), (397, 28), (502, 31), (553, 8), (617, 36), (704, 20), (731, 25), (853, 15)
(17, 36), (115, 13), (232, 13), (250, 5), (253, 10), (258, 33), (292, 13), (303, 16), (312, 20), (359, 16), (361, 34), (374, 37), (406, 31), (412, 16), (430, 5), (435, 27), (446, 3), (460, 34), (526, 35)
(10, 37), (48, 15), (141, 23), (155, 35), (229, 12), (249, 17), (274, 38), (325, 36), (339, 5), (355, 28), (356, 3), (366, 27), (391, 4), (393, 6), (407, 33), (411, 39), (459, 24), (506, 1), (587, 24), (684, 2)
(112, 5), (180, 9), (251, 6), (269, 0), (270, 15), (289, 12), (307, 24), (312, 38), (331, 30), (354, 0), (358, 3), (395, 32), (398, 1), (399, 4), (532, 7), (556, 3)
(36, 17), (114, 15), (179, 33), (324, 7), (327, 30), (360, 28), (367, 15), (373, 24), (374, 24), (391, 4), (424, 0), (450, 16), (470, 24), (580, 27), (584, 37), (650, 24), (713, 36), (776, 9), (874, 5)
(137, 35), (239, 29), (256, 3), (326, 23), (347, 4), (391, 20), (401, 34), (411, 17), (422, 1), (453, 13), (491, 34), (505, 29), (529, 6), (546, 37), (579, 3), (581, 36), (630, 28), (677, 38), (700, 30), (760, 24)
(64, 7), (102, 19), (113, 22), (255, 19), (284, 22), (302, 36), (324, 20), (327, 21), (345, 28), (351, 25), (357, 26), (358, 5), (365, 31), (384, 6), (395, 15), (399, 22), (407, 8), (464, 15), (495, 25)
(132, 17), (209, 15), (223, 7), (226, 30), (284, 33), (312, 24), (340, 0), (342, 5), (351, 9), (382, 24), (388, 16), (470, 24), (490, 36), (492, 27), (503, 37), (598, 4), (707, 15), (754, 28), (848, 24)
(47, 33), (102, 18), (155, 12), (177, 37), (186, 9), (310, 3), (312, 33), (319, 31), (323, 14), (361, 38), (364, 1), (390, 19), (427, 29), (442, 9), (445, 7), (478, 21), (501, 39), (528, 36), (577, 39), (585, 7), (596, 35), (656, 6)
(67, 26), (188, 24), (239, 37), (310, 39), (311, 31), (328, 5), (355, 11), (365, 9), (380, 20), (395, 38), (426, 22), (481, 36), (525, 20), (684, 5), (693, 31), (775, 11), (792, 2), (836, 3), (853, 18)
(32, 5), (80, 9), (200, 15), (209, 24), (276, 38), (279, 6), (297, 12), (323, 1), (336, 4), (345, 7), (477, 3), (513, 0), (597, 32), (613, 3), (644, 0), (657, 30)
(22, 11), (62, 4), (114, 28), (174, 4), (242, 34), (308, 25), (334, 31), (342, 24), (357, 12), (370, 7), (371, 11), (373, 10), (376, 18), (399, 30), (401, 39), (422, 5), (440, 30), (475, 21), (479, 0), (563, 31), (657, 4)
(138, 5), (191, 9), (315, 1), (332, 12), (334, 24), (338, 4), (344, 7), (363, 38), (365, 15), (396, 6), (504, 3), (544, 0), (566, 3), (610, 0), (675, 30), (675, 32)
(29, 17), (101, 15), (167, 33), (280, 7), (283, 30), (382, 0), (395, 27), (453, 24), (528, 4), (657, 15), (679, 24), (713, 28), (733, 24), (739, 16), (839, 37), (946, 24), (1044, 9), (1046, 36), (1146, 5)
(73, 33), (102, 18), (153, 12), (197, 37), (243, 9), (303, 3), (321, 7), (339, 19), (345, 29), (351, 31), (365, 33), (367, 6), (384, 21), (389, 7), (406, 36), (407, 38), (408, 39), (435, 35), (443, 14), (444, 39), (470, 9), (517, 1)
(67, 36), (152, 13), (281, 5), (315, 13), (346, 27), (358, 34), (369, 34), (375, 20), (381, 37), (391, 10), (394, 33), (394, 3), (453, 16), (475, 13), (485, 16), (508, 35), (541, 5), (623, 16), (674, 31)
(37, 30), (59, 35), (85, 12), (224, 35), (298, 2), (334, 10), (341, 26), (342, 23), (347, 4), (349, 7), (354, 11), (370, 6), (394, 35), (440, 21), (443, 18), (453, 2), (460, 31), (536, 13), (667, 10), (670, 19)
(63, 35), (209, 29), (237, 3), (245, 36), (248, 37), (278, 6), (293, 28), (303, 4), (309, 20), (321, 34), (326, 30), (330, 3), (363, 29), (386, 13), (387, 24), (391, 34), (395, 1), (418, 38), (420, 17), (519, 23)
(143, 26), (151, 28), (201, 22), (214, 1), (271, 31), (318, 7), (326, 19), (335, 18), (345, 25), (356, 34), (358, 21), (367, 26), (380, 13), (388, 39), (466, 35), (467, 37), (479, 1), (503, 15)
(67, 19), (138, 10), (214, 27), (333, 28), (334, 39), (339, 38), (344, 36), (349, 1), (354, 14), (366, 21), (379, 1), (399, 6), (400, 14), (434, 30), (465, 2), (469, 39), (502, 29), (589, 29)
(48, 35), (104, 28), (221, 5), (303, 25), (317, 38), (337, 25), (340, 28), (346, 1), (362, 26), (371, 31), (377, 30), (379, 38), (381, 14), (430, 15), (486, 11), (555, 30), (573, 23), (577, 35), (595, 27), (595, 32), (685, 2)
(147, 35), (180, 28), (187, 38), (205, 38), (298, 5), (315, 15), (347, 25), (359, 11), (360, 27), (360, 14), (365, 25), (420, 30), (425, 28), (427, 23), (437, 26), (439, 32), (446, 31), (458, 1), (463, 30), (487, 35), (491, 2)
(118, 36), (196, 13), (288, 5), (308, 16), (313, 31), (316, 20), (332, 33), (345, 13), (349, 10), (351, 37), (375, 27), (376, 16), (379, 16), (418, 3), (420, 13), (434, 5), (447, 34), (450, 35), (495, 34)
(35, 35), (158, 29), (189, 4), (191, 3), (301, 38), (338, 3), (356, 34), (365, 23), (369, 29), (400, 37), (416, 1), (420, 20), (420, 34), (466, 28), (484, 13), (497, 36), (501, 30), (514, 17), (527, 6), (559, 24)
(15, 33), (84, 37), (174, 28), (292, 24), (301, 33), (315, 35), (326, 23), (329, 6), (346, 28), (349, 10), (408, 28), (415, 18), (420, 24), (489, 2), (555, 16), (568, 4), (590, 28), (655, 18), (655, 11), (755, 18)
(45, 17), (100, 15), (143, 7), (165, 33), (177, 30), (287, 0), (347, 27), (365, 24), (443, 4), (466, 15), (547, 28), (638, 24), (690, 24), (754, 37), (761, 16), (861, 24), (929, 5), (961, 36), (973, 9)
(34, 26), (47, 28), (110, 22), (116, 31), (186, 1), (270, 18), (333, 13), (360, 37), (364, 25), (422, 19), (576, 15), (597, 39), (622, 26), (687, 1), (791, 34), (816, 35), (831, 7), (859, 21)
(99, 23), (180, 11), (232, 27), (318, 22), (328, 34), (340, 19), (343, 38), (343, 0), (373, 23), (384, 36), (388, 1), (397, 15), (438, 6), (505, 0), (524, 21), (553, 7), (601, 15), (702, 37)
(58, 31), (166, 15), (205, 39), (223, 16), (263, 4), (273, 16), (296, 20), (318, 2), (326, 28), (340, 9), (348, 25), (358, 11), (382, 16), (385, 36), (388, 15), (397, 15), (440, 34), (476, 6), (484, 32), (541, 21), (564, 25), (606, 3), (612, 22)
(119, 36), (206, 13), (310, 5), (326, 34), (341, 20), (353, 13), (357, 10), (368, 3), (387, 13), (395, 16), (420, 16), (429, 37), (441, 5), (443, 27), (447, 31), (458, 33), (504, 16), (558, 35), (679, 34)
(115, 11), (146, 4), (185, 28), (237, 4), (273, 34), (304, 30), (328, 10), (362, 7), (389, 31), (409, 12), (428, 39), (497, 0), (611, 5), (659, 21), (767, 24), (815, 18), (902, 31), (913, 30), (990, 4), (1047, 25), (1093, 11)
(35, 23), (62, 11), (120, 27), (325, 34), (344, 36), (360, 19), (399, 7), (404, 15), (458, 22), (483, 37), (515, 23), (536, 15), (575, 38), (591, 1), (609, 21), (616, 0), (618, 0), (665, 6)
(30, 33), (125, 37), (184, 35), (202, 24), (220, 23), (230, 28), (282, 28), (319, 4), (319, 18), (324, 18), (325, 6), (326, 11), (348, 2), (356, 10), (387, 28), (414, 16), (430, 33), (440, 28), (516, 18), (547, 24)
(130, 18), (218, 15), (340, 37), (355, 26), (368, 3), (391, 25), (392, 23), (417, 31), (441, 1), (447, 28), (469, 16), (473, 4), (483, 13), (485, 37), (518, 14), (525, 14), (532, 10), (623, 32), (714, 1)
(26, 36), (125, 32), (222, 26), (272, 26), (273, 16), (301, 20), (329, 1), (336, 16), (337, 24), (373, 38), (387, 29), (398, 12), (435, 2), (456, 38), (470, 1), (483, 35), (488, 36), (563, 27), (645, 12), (669, 19), (744, 22), (755, 19)
(121, 36), (276, 32), (343, 27), (344, 20), (346, 1), (355, 19), (360, 12), (371, 2), (377, 1), (389, 16), (392, 26), (393, 36), (398, 26), (399, 16), (407, 38), (410, 12), (416, 19), (447, 24), (450, 29), (505, 38), (511, 22), (513, 35)
(66, 35), (235, 29), (265, 3), (271, 17), (301, 20), (333, 13), (351, 24), (356, 34), (359, 30), (360, 4), (369, 3), (372, 38), (392, 36), (404, 34), (419, 6), (440, 28), (454, 37), (472, 23), (496, 29), (578, 1)
(147, 33), (223, 37), (302, 24), (314, 18), (323, 35), (323, 24), (328, 10), (335, 28), (335, 11), (359, 28), (360, 23), (365, 16), (375, 33), (387, 28), (389, 28), (408, 6), (441, 18), (469, 4), (524, 18), (580, 2)
(1, 37), (56, 15), (100, 35), (116, 23), (195, 12), (250, 27), (315, 38), (326, 17), (329, 2), (334, 39), (348, 36), (353, 24), (359, 4), (370, 3), (385, 33), (397, 5), (437, 1), (461, 6), (467, 28), (485, 24)
(60, 33), (165, 18), (228, 12), (276, 19), (308, 3), (338, 21), (355, 9), (364, 37), (371, 33), (384, 9), (390, 1), (432, 31), (455, 7), (467, 29), (519, 38), (534, 39), (536, 36), (578, 14), (630, 7), (666, 39), (684, 35), (693, 6)
(85, 35), (111, 30), (133, 35), (134, 7), (156, 2), (173, 12), (228, 18), (289, 31), (354, 10), (361, 13), (381, 10), (385, 11), (403, 23), (458, 26), (484, 35), (489, 2), (492, 19), (529, 4), (545, 6), (591, 21)
(64, 26), (92, 28), (95, 1), (112, 31), (132, 22), (169, 21), (203, 18), (229, 13), (231, 39), (240, 34), (241, 7), (308, 1), (326, 26), (345, 35), (362, 15), (377, 37), (444, 19), (452, 25)
(57, 26), (68, 28), (115, 22), (219, 1), (271, 31), (304, 13), (309, 18), (331, 35), (352, 25), (379, 37), (383, 21), (385, 7), (389, 26), (439, 15), (445, 19), (457, 39), (540, 1), (589, 34)
(37, 30), (58, 35), (98, 12), (216, 35), (293, 2), (311, 31), (320, 7), (324, 10), (330, 11), (352, 23), (369, 26), (376, 4), (385, 18), (393, 13), (406, 19), (438, 35), (498, 10), (505, 2), (544, 6), (607, 21)
(148, 30), (170, 35), (206, 12), (293, 35), (341, 2), (350, 6), (358, 7), (376, 35), (383, 26), (384, 10), (394, 21), (396, 4), (399, 31), (453, 10), (454, 18), (471, 13), (477, 23), (543, 2), (554, 11), (580, 19)
(12, 26), (37, 28), (100, 22), (102, 31), (188, 1), (294, 18), (310, 25), (328, 19), (343, 13), (434, 15), (463, 37), (480, 26), (554, 39), (662, 1), (716, 34), (783, 21), (783, 35), (787, 7)
(146, 19), (194, 10), (267, 27), (322, 30), (326, 1), (343, 39), (349, 39), (359, 6), (394, 36), (394, 21), (399, 29), (425, 1), (461, 2), (474, 14), (506, 14), (508, 29), (511, 28), (613, 38)
(46, 18), (146, 15), (239, 1), (252, 37), (282, 10), (298, 37), (309, 23), (328, 4), (333, 3), (338, 16), (347, 26), (356, 31), (384, 13), (460, 14), (499, 32), (630, 1), (710, 25), (869, 14), (948, 28)
(55, 26), (163, 24), (167, 11), (198, 39), (213, 37), (233, 5), (243, 20), (247, 18), (279, 9), (297, 38), (316, 31), (321, 31), (328, 3), (342, 20), (347, 36), (350, 11), (365, 5), (383, 22), (394, 2)
(32, 23), (96, 11), (156, 27), (199, 36), (248, 34), (279, 19), (317, 0), (322, 7), (361, 15), (381, 22), (425, 15), (437, 23), (464, 37), (515, 38), (608, 6), (663, 21), (674, 0), (675, 1)
(24, 36), (157, 32), (279, 26), (282, 26), (341, 38), (365, 16), (396, 22), (402, 12), (453, 1), (454, 19), (492, 38), (499, 24), (510, 19), (527, 16), (554, 20), (619, 29), (691, 35), (705, 1), (721, 36), (776, 12), (783, 2), (792, 27)
(111, 26), (141, 28), (195, 22), (233, 31), (314, 37), (317, 1), (332, 13), (335, 34), (339, 19), (346, 21), (364, 15), (365, 7), (369, 1), (395, 18), (399, 26), (410, 39), (436, 25), (472, 35)
(98, 37), (152, 15), (207, 35), (323, 28), (362, 3), (387, 24), (388, 23), (398, 38), (416, 4), (458, 27), (471, 12), (507, 17), (518, 6), (534, 2), (551, 5), (563, 36), (569, 24), (583, 1), (617, 33), (655, 39)
(104, 5), (165, 9), (262, 24), (316, 32), (341, 6), (367, 38), (370, 1), (377, 15), (384, 12), (427, 4), (537, 7), (613, 0), (640, 30), (676, 3), (690, 3), (735, 0)
(7, 11), (43, 4), (80, 28), (227, 4), (261, 34), (328, 31), (336, 39), (368, 21), (376, 10), (382, 30), (397, 30), (409, 0), (429, 12), (451, 24), (454, 25), (475, 7), (493, 18), (507, 31), (511, 4), (516, 11), (522, 5)
(90, 11), (138, 4), (138, 34), (187, 28), (223, 4), (258, 31), (305, 7), (314, 30), (317, 10), (334, 5), (336, 39), (346, 0), (353, 21), (355, 12), (357, 30), (371, 18), (373, 11), (446, 4), (458, 31), (464, 24), (503, 25)
(19, 26), (99, 14), (254, 15), (280, 22), (308, 31), (311, 31), (337, 5), (435, 12), (527, 31), (596, 37), (709, 12), (826, 23), (872, 28), (940, 9), (977, 7), (978, 35), (1006, 5)
(102, 34), (178, 23), (299, 9), (345, 36), (367, 19), (372, 36), (374, 13), (397, 18), (449, 17), (449, 33), (484, 39), (500, 8), (500, 31), (530, 16), (541, 9), (606, 0), (640, 29), (650, 29), (721, 4), (793, 5)
(100, 17), (140, 7), (143, 30), (171, 15), (224, 24), (235, 0), (246, 33), (308, 27), (312, 37), (385, 5), (394, 24), (414, 9), (424, 4), (447, 36), (454, 28), (525, 15), (548, 24), (599, 24), (643, 16)
(126, 23), (220, 11), (272, 27), (322, 21), (372, 7), (384, 1), (385, 23), (394, 36), (405, 38), (441, 15), (442, 34), (484, 19), (493, 37), (496, 6), (544, 22), (562, 0), (583, 15), (671, 0)
(50, 34), (132, 23), (232, 9), (260, 36), (308, 18), (312, 29), (321, 33), (330, 13), (347, 19), (349, 4), (355, 31), (358, 5), (369, 8), (375, 39), (389, 36), (392, 17), (402, 16), (426, 0), (457, 9), (466, 29)
(55, 26), (182, 24), (234, 39), (236, 37), (303, 20), (351, 5), (358, 22), (373, 20), (408, 5), (414, 36), (418, 9), (443, 31), (445, 18), (473, 11), (495, 3), (510, 11), (535, 2), (613, 31), (696, 38)
(41, 23), (114, 11), (121, 36), (138, 27), (192, 34), (234, 19), (297, 6), (328, 38), (332, 22), (336, 0), (354, 37), (366, 7), (373, 1), (387, 23), (434, 15), (467, 15), (482, 21), (556, 0)
(79, 19), (147, 10), (216, 27), (281, 30), (306, 21), (315, 36), (346, 14), (385, 6), (421, 14), (449, 39), (456, 2), (491, 29), (500, 1), (511, 29), (529, 38), (535, 28), (581, 1), (610, 39)
(104, 26), (112, 28), (163, 22), (312, 21), (317, 35), (323, 31), (360, 13), (364, 25), (365, 34), (366, 1), (372, 15), (378, 1), (390, 7), (418, 26), (447, 39), (473, 18), (484, 37), (550, 19)
(52, 31), (162, 15), (209, 16), (291, 34), (299, 9), (305, 32), (322, 28), (328, 15), (329, 20), (346, 11), (347, 39), (359, 25), (359, 6), (367, 4), (369, 36), (374, 16), (401, 16), (407, 15), (413, 21), (486, 3), (520, 25), (570, 22), (638, 2)
(142, 23), (214, 11), (286, 27), (305, 36), (331, 38), (336, 22), (340, 0), (352, 34), (362, 21), (369, 0), (378, 6), (390, 19), (392, 1), (393, 23), (418, 7), (495, 15), (604, 37), (655, 15)
(75, 19), (146, 10), (222, 27), (371, 6), (396, 30), (435, 2), (444, 29), (489, 1), (500, 39), (538, 29), (639, 36), (748, 14), (866, 28), (980, 38), (1039, 39), (1109, 1), (1159, 14), (1229, 21)
(71, 34), (153, 23), (283, 9), (321, 19), (341, 33), (349, 13), (356, 4), (359, 36), (362, 5), (369, 8), (385, 31), (388, 9), (391, 36), (416, 17), (422, 16), (426, 39), (441, 18), (502, 0), (528, 29), (549, 29)
(66, 19), (127, 10), (202, 27), (306, 21), (309, 2), (311, 6), (343, 30), (351, 29), (351, 1), (369, 14), (379, 36), (380, 29), (445, 38), (468, 28), (490, 39), (527, 39), (615, 1), (624, 14)
(97, 11), (139, 4), (165, 4), (179, 28), (198, 34), (329, 31), (332, 18), (367, 39), (376, 0), (383, 30), (383, 7), (386, 24), (414, 12), (438, 30), (440, 31), (484, 10), (486, 5), (524, 21), (537, 4), (629, 25), (684, 11)
(136, 34), (210, 23), (290, 19), (324, 36), (330, 33), (338, 8), (342, 17), (346, 9), (348, 29), (350, 13), (383, 39), (386, 0), (387, 31), (409, 16), (466, 9), (609, 29), (615, 4), (618, 5), (633, 36), (676, 18)
(8, 31), (116, 9), (127, 15), (157, 16), (243, 34), (300, 32), (310, 2), (315, 6), (358, 4), (391, 25), (399, 28), (429, 11), (447, 39), (474, 16), (495, 16), (497, 20), (520, 15), (603, 3), (605, 25), (667, 21), (677, 22), (679, 15), (774, 36)
(148, 19), (218, 10), (274, 30), (296, 27), (310, 21), (322, 2), (329, 6), (334, 39), (341, 39), (349, 1), (356, 29), (366, 28), (367, 14), (390, 14), (390, 1), (445, 38), (460, 29), (597, 36)
(128, 33), (209, 18), (254, 12), (314, 21), (335, 37), (335, 9), (385, 3), (392, 35), (395, 14), (395, 39), (429, 19), (491, 33), (523, 9), (534, 31), (581, 1), (603, 39), (619, 7), (622, 29), (633, 38), (706, 7), (713, 36), (761, 6)
(16, 23), (54, 11), (122, 27), (270, 34), (303, 0), (306, 19), (316, 36), (369, 15), (374, 37), (397, 1), (408, 22), (464, 23), (467, 0), (481, 15), (514, 21), (534, 38), (539, 7), (623, 6)
(50, 35), (160, 4), (163, 29), (201, 3), (303, 3), (304, 20), (337, 23), (343, 37), (348, 6), (364, 34), (377, 29), (381, 36), (396, 38), (429, 28), (451, 34), (471, 1), (492, 13), (527, 17), (528, 30), (530, 24)
(68, 11), (106, 4), (141, 28), (337, 34), (345, 4), (353, 21), (390, 18), (451, 31), (453, 30), (482, 7), (500, 30), (501, 24), (508, 12), (541, 39), (560, 10), (579, 31), (586, 25), (606, 0), (635, 11), (681, 4), (713, 5)
(30, 11), (81, 4), (126, 28), (303, 21), (312, 0), (315, 10), (316, 24), (330, 30), (333, 4), (336, 39), (344, 4), (352, 12), (369, 34), (374, 18), (380, 5), (428, 25), (440, 30), (461, 31), (463, 31), (484, 11), (504, 7)
(30, 36), (127, 32), (229, 26), (254, 29), (307, 1), (311, 2), (313, 20), (316, 12), (316, 12), (323, 36), (335, 16), (358, 38), (360, 27), (363, 22), (396, 26), (447, 38), (452, 19), (512, 24), (565, 19), (605, 1), (639, 35), (666, 16)
(16, 30), (38, 35), (41, 12), (206, 35), (276, 2), (306, 13), (309, 21), (310, 10), (345, 2), (348, 7), (350, 19), (366, 10), (367, 6), (398, 18), (402, 23), (414, 31), (451, 4), (472, 11), (484, 35), (524, 26)
(90, 7), (128, 19), (153, 22), (268, 19), (296, 22), (298, 5), (303, 28), (342, 25), (343, 21), (356, 6), (360, 26), (389, 15), (447, 22), (477, 31), (525, 8), (581, 36), (665, 20), (694, 25), (789, 15)
(74, 19), (133, 10), (196, 36), (201, 29), (209, 27), (223, 29), (269, 2), (301, 14), (306, 14), (306, 30), (313, 6), (339, 39), (354, 21), (388, 1), (415, 28), (497, 38), (516, 1), (550, 39)
(93, 35), (112, 38), (126, 25), (133, 28), (138, 38), (226, 5), (268, 1), (294, 31), (316, 15), (326, 14), (333, 26), (335, 27), (338, 25), (355, 32), (361, 23), (379, 11), (382, 28), (396, 30), (408, 30), (421, 35), (493, 2)
(24, 36), (108, 13), (233, 10), (241, 5), (308, 35), (338, 20), (379, 16), (386, 16), (403, 13), (443, 5), (446, 34), (477, 33), (516, 16), (566, 13), (574, 31), (585, 27), (624, 34), (716, 3), (774, 37)
(50, 36), (143, 13), (272, 5), (311, 10), (332, 34), (333, 33), (397, 20), (415, 13), (441, 13), (487, 16), (614, 16), (661, 5), (698, 16), (771, 31), (857, 27), (909, 3), (934, 34), (978, 37), (1135, 35)
(21, 33), (73, 18), (147, 12), (313, 14), (313, 9), (321, 37), (330, 31), (330, 6), (333, 9), (340, 1), (341, 39), (349, 7), (371, 35), (376, 21), (381, 33), (412, 38), (426, 29), (475, 3), (493, 39), (510, 7), (583, 36), (590, 19)
(110, 36), (208, 13), (268, 35), (305, 37), (318, 5), (318, 3), (351, 34), (355, 16), (360, 10), (381, 16), (394, 13), (398, 5), (406, 20), (418, 31), (457, 27), (477, 33), (537, 34), (557, 13), (648, 16)
(48, 30), (69, 35), (78, 12), (235, 35), (278, 18), (284, 23), (303, 7), (304, 21), (313, 26), (316, 19), (318, 2), (327, 31), (335, 2), (344, 6), (347, 10), (365, 35), (366, 11), (394, 10), (400, 13), (401, 4)
(54, 36), (163, 32), (291, 26), (325, 19), (345, 20), (346, 38), (352, 22), (398, 26), (403, 12), (412, 29), (428, 16), (435, 19), (444, 38), (485, 16), (496, 1), (512, 36), (520, 24), (522, 1), (554, 2), (565, 27), (581, 35), (630, 12)
(132, 34), (206, 23), (233, 0), (301, 9), (310, 9), (321, 16), (330, 8), (336, 4), (339, 29), (340, 18), (342, 17), (348, 39), (373, 19), (380, 29), (388, 13), (408, 36), (428, 5), (447, 31), (448, 36), (452, 33)
(141, 34), (215, 23), (261, 39), (311, 17), (320, 36), (321, 5), (322, 31), (323, 13), (328, 9), (343, 9), (360, 19), (363, 33), (365, 16), (378, 36), (416, 0), (425, 18), (460, 29), (487, 29), (511, 8), (533, 4)
(131, 26), (241, 31), (255, 24), (294, 5), (301, 37), (318, 5), (337, 20), (340, 9), (347, 2), (354, 20), (360, 39), (369, 11), (381, 22), (388, 3), (395, 18), (410, 11), (497, 36), (543, 31), (669, 38)
(30, 17), (123, 15), (167, 7), (170, 30), (185, 33), (314, 27), (325, 0), (335, 16), (337, 24), (410, 15), (411, 4), (450, 37), (457, 28), (536, 36), (555, 24), (556, 24), (586, 9), (597, 24), (673, 5)
(142, 36), (210, 34), (230, 13), (304, 5), (304, 27), (321, 3), (336, 16), (339, 5), (341, 16), (357, 13), (364, 35), (389, 10), (405, 37), (410, 31), (439, 33), (459, 20), (507, 34), (525, 13), (592, 16)
(95, 37), (142, 15), (236, 23), (255, 35), (306, 38), (318, 12), (319, 24), (328, 24), (334, 27), (351, 4), (360, 39), (360, 17), (364, 3), (380, 2), (413, 1), (419, 5), (445, 36), (488, 28), (498, 33), (508, 6)
(132, 19), (180, 10), (250, 27), (361, 2), (368, 36), (369, 38), (372, 6), (392, 39), (396, 29), (465, 14), (487, 29), (491, 1), (540, 14), (557, 28), (627, 30), (631, 1), (634, 21), (733, 39)
(14, 19), (65, 10), (117, 6), (140, 27), (281, 1), (322, 39), (340, 2), (348, 28), (355, 30), (355, 39), (369, 38), (371, 29), (374, 29), (388, 14), (425, 1), (432, 21), (465, 36), (558, 14)
(102, 36), (198, 13), (309, 5), (332, 16), (355, 10), (359, 37), (383, 35), (403, 20), (414, 31), (443, 13), (454, 34), (496, 27), (506, 3), (511, 34), (530, 33), (593, 16), (619, 13), (678, 5), (725, 16)
(31, 34), (133, 23), (264, 9), (301, 33), (320, 0), (337, 36), (368, 29), (389, 19), (394, 16), (395, 18), (437, 39), (443, 8), (482, 17), (493, 13), (520, 9), (544, 31), (593, 4), (619, 29), (676, 5), (695, 36)
(83, 37), (134, 15), (188, 35), (307, 2), (325, 12), (348, 24), (365, 1), (377, 23), (398, 24), (431, 6), (440, 3), (447, 28), (452, 17), (460, 27), (487, 38), (531, 5), (538, 4), (579, 36), (625, 33), (670, 39)
(14, 26), (115, 14), (242, 15), (317, 9), (343, 31), (375, 35), (383, 37), (386, 12), (418, 12), (433, 31), (464, 31), (513, 22), (532, 23), (584, 28), (625, 5), (666, 7), (698, 5)
(66, 35), (77, 7), (96, 30), (118, 35), (152, 12), (158, 18), (160, 2), (168, 31), (240, 19), (241, 13), (322, 23), (329, 35), (338, 10), (366, 21), (374, 4), (379, 2), (388, 6), (393, 10), (393, 26), (502, 11)
(24, 36), (111, 32), (196, 26), (220, 26), (324, 1), (328, 16), (330, 29), (336, 27), (339, 36), (361, 1), (414, 38), (435, 16), (499, 24), (598, 35), (665, 2), (677, 38), (707, 12), (738, 12), (807, 22), (858, 19), (961, 19), (985, 20)
(39, 36), (138, 32), (238, 26), (285, 26), (285, 16), (306, 20), (359, 12), (377, 38), (384, 29), (387, 19), (396, 38), (398, 36), (434, 27), (457, 22), (468, 1), (493, 24), (529, 19), (532, 12), (568, 2), (594, 1), (603, 16), (603, 35)
(71, 17), (136, 15), (209, 33), (303, 24), (311, 24), (321, 7), (327, 28), (348, 30), (369, 16), (417, 24), (463, 37), (470, 0), (532, 27), (585, 24), (645, 4), (686, 36), (719, 5), (744, 9), (775, 15)
(74, 35), (82, 38), (120, 28), (171, 5), (201, 38), (206, 25), (321, 15), (354, 30), (354, 30), (357, 14), (368, 28), (378, 35), (381, 11), (402, 25), (412, 23), (439, 32), (441, 26), (464, 31), (473, 27), (495, 2), (509, 1)
(92, 35), (143, 28), (268, 5), (312, 25), (317, 38), (344, 38), (360, 31), (362, 23), (365, 1), (369, 15), (372, 28), (377, 2), (399, 25), (413, 11), (419, 27), (442, 26), (457, 30), (481, 14), (504, 32), (524, 30), (547, 35)
(146, 33), (226, 37), (263, 24), (308, 2), (311, 11), (319, 35), (327, 28), (342, 33), (375, 16), (384, 23), (386, 18), (396, 18), (420, 18), (428, 28), (432, 6), (451, 10), (453, 24), (453, 4), (469, 28), (521, 28)
(42, 26), (56, 28), (95, 22), (162, 1), (164, 31), (247, 18), (261, 13), (322, 39), (369, 7), (373, 21), (408, 35), (411, 37), (435, 1), (475, 19), (480, 34), (509, 25), (636, 26), (649, 15)
(140, 11), (184, 4), (239, 28), (361, 39), (361, 0), (361, 21), (373, 5), (381, 4), (395, 11), (414, 34), (467, 31), (529, 24), (556, 18), (596, 30), (608, 12), (647, 10), (660, 30), (687, 31), (699, 7), (776, 4), (830, 25)
(144, 36), (272, 32), (312, 12), (327, 16), (329, 12), (344, 26), (351, 2), (356, 38), (367, 20), (369, 26), (372, 19), (378, 27), (386, 38), (425, 22), (430, 36), (440, 29), (481, 19), (495, 24), (526, 1), (606, 1), (666, 16), (704, 35)
(26, 35), (75, 28), (149, 38), (167, 5), (179, 38), (241, 25), (276, 11), (301, 15), (310, 27), (335, 25), (340, 1), (341, 2), (346, 30), (349, 26), (368, 35), (376, 31), (381, 23), (392, 32), (426, 30), (439, 14), (449, 28)
(75, 35), (108, 28), (190, 5), (288, 38), (317, 38), (339, 25), (345, 32), (353, 30), (377, 35), (446, 15), (449, 11), (490, 2), (501, 25), (509, 31), (531, 23), (560, 27), (610, 1), (760, 30), (769, 14), (783, 26), (849, 28)
(14, 31), (131, 15), (171, 16), (327, 9), (360, 20), (367, 32), (370, 15), (370, 16), (398, 25), (405, 6), (414, 34), (424, 36), (459, 25), (470, 28), (473, 15), (487, 11), (526, 16), (547, 21), (584, 22), (615, 3), (650, 2), (702, 4), (759, 39)
(143, 7), (184, 19), (214, 19), (215, 22), (306, 25), (325, 22), (336, 8), (338, 21), (348, 15), (351, 36), (369, 15), (392, 5), (396, 6), (428, 22), (438, 20), (466, 25), (466, 26), (481, 31), (543, 28)
(32, 35), (59, 25), (94, 28), (94, 38), (109, 38), (164, 27), (190, 5), (240, 11), (246, 15), (248, 32), (263, 23), (268, 35), (282, 30), (299, 25), (337, 31), (381, 1), (386, 30), (395, 2), (401, 14), (451, 28), (506, 26)
(38, 5), (105, 9), (179, 1), (181, 24), (239, 38), (255, 12), (303, 32), (330, 7), (341, 4), (361, 0), (367, 30), (370, 6), (389, 3), (390, 15), (422, 3), (424, 0)
(119, 5), (177, 9), (279, 24), (313, 4), (313, 7), (313, 0), (345, 1), (351, 12), (365, 6), (375, 0), (379, 30), (389, 15), (390, 3), (399, 38), (415, 32), (481, 3)
(73, 34), (170, 23), (235, 0), (275, 18), (275, 29), (293, 17), (299, 9), (311, 19), (320, 8), (331, 16), (336, 36), (344, 36), (370, 31), (374, 39), (377, 13), (425, 33), (456, 9), (561, 29), (669, 4), (760, 5)
(23, 26), (129, 24), (175, 37), (274, 36), (319, 22), (355, 20), (355, 20), (361, 39), (375, 9), (406, 11), (440, 5), (500, 5), (521, 31), (544, 2), (593, 3), (603, 18), (627, 11), (692, 38), (716, 31)
(33, 18), (125, 15), (265, 37), (265, 26), (315, 28), (343, 4), (344, 1), (347, 25), (352, 1), (355, 23), (376, 14), (377, 37), (380, 31), (396, 10), (398, 3), (419, 13), (496, 16), (508, 32), (519, 14)
(22, 36), (176, 32), (271, 26), (287, 26), (309, 2), (329, 16), (343, 38), (368, 24), (381, 12), (388, 38), (389, 1), (448, 16), (501, 12), (529, 19), (570, 19), (572, 35), (583, 20), (602, 22), (676, 29), (694, 27), (763, 1), (780, 36)
(86, 37), (133, 15), (189, 23), (221, 35), (317, 28), (374, 12), (374, 3), (411, 4), (432, 33), (436, 17), (439, 38), (477, 24), (488, 5), (552, 2), (553, 27), (572, 36), (583, 39), (618, 24), (679, 6), (687, 1)
(109, 26), (119, 28), (135, 31), (157, 22), (200, 1), (305, 7), (310, 25), (337, 21), (346, 18), (362, 39), (365, 13), (391, 34), (392, 35), (428, 1), (473, 37), (536, 19), (539, 15), (585, 26)
(28, 26), (138, 24), (204, 37), (309, 5), (348, 31), (351, 39), (358, 9), (372, 22), (385, 20), (454, 11), (481, 36), (488, 38), (609, 20), (735, 5), (753, 31), (788, 2), (824, 3), (835, 11), (875, 18)
(100, 33), (170, 37), (251, 24), (258, 35), (278, 28), (339, 18), (361, 28), (362, 24), (372, 11), (405, 23), (440, 18), (467, 4), (506, 28), (544, 2), (609, 16), (649, 18), (682, 33), (720, 28), (746, 6), (779, 10)
(73, 26), (91, 28), (105, 13), (132, 22), (163, 1), (164, 31), (168, 18), (197, 21), (236, 37), (311, 34), (327, 35), (353, 1), (353, 7), (398, 19), (430, 25), (537, 15), (583, 26), (630, 39)
(8, 31), (84, 15), (114, 16), (186, 9), (311, 32), (323, 2), (333, 34), (340, 11), (343, 20), (357, 25), (374, 4), (393, 39), (419, 25), (421, 16), (439, 21), (440, 15), (451, 16), (480, 22), (494, 15), (511, 3), (578, 36), (669, 6), (681, 28)
(71, 34), (154, 23), (165, 39), (190, 13), (248, 9), (257, 31), (258, 8), (262, 36), (288, 9), (295, 36), (297, 17), (341, 18), (344, 19), (346, 29), (373, 33), (379, 5), (379, 16), (391, 0), (392, 29), (402, 4)
(34, 19), (45, 6), (63, 10), (110, 29), (141, 27), (145, 2), (218, 29), (350, 36), (486, 14), (534, 28), (614, 38), (644, 39), (740, 1), (788, 14), (864, 21), (919, 30), (1021, 1), (1069, 39)
(5, 34), (98, 23), (146, 19), (185, 36), (228, 39), (235, 13), (237, 9), (258, 9), (262, 18), (270, 8), (324, 17), (327, 36), (330, 33), (330, 16), (367, 4), (388, 31), (388, 0), (399, 29), (424, 5), (424, 29)
(136, 17), (221, 15), (290, 33), (310, 7), (313, 30), (343, 24), (366, 0), (383, 27), (412, 4), (540, 15), (611, 24), (616, 28), (658, 24), (669, 16), (728, 37), (772, 24), (873, 36), (916, 9), (963, 5)
(68, 26), (151, 14), (272, 15), (311, 5), (357, 28), (369, 31), (424, 12), (463, 31), (468, 7), (505, 23), (510, 5), (526, 31), (544, 22), (552, 12), (594, 37), (598, 35), (688, 9)
(68, 33), (159, 37), (280, 28), (306, 18), (316, 33), (354, 2), (361, 24), (386, 28), (392, 24), (401, 35), (413, 28), (414, 10), (416, 4), (420, 16), (423, 18), (443, 11), (470, 23), (491, 28), (511, 6), (647, 18)
(104, 23), (151, 11), (213, 27), (234, 19), (271, 36), (301, 23), (302, 15), (316, 34), (334, 22), (337, 7), (339, 38), (342, 37), (345, 0), (373, 1), (391, 0), (406, 15), (433, 6), (469, 21)
(41, 34), (109, 23), (225, 9), (287, 16), (320, 33), (325, 8), (332, 4), (338, 5), (339, 19), (344, 18), (362, 13), (371, 0), (376, 36), (380, 29), (390, 36), (416, 29), (418, 9), (422, 39), (424, 31), (451, 17)
(142, 34), (243, 23), (262, 13), (291, 33), (292, 39), (329, 19), (357, 9), (359, 9), (370, 16), (371, 17), (378, 36), (418, 0), (464, 29), (465, 29), (539, 4), (648, 5), (669, 36), (719, 18), (750, 8), (804, 31)
(134, 35), (264, 4), (266, 29), (280, 3), (302, 3), (313, 34), (319, 20), (349, 28), (362, 37), (362, 23), (373, 29), (374, 6), (436, 36), (438, 30), (479, 1), (497, 24), (532, 38), (557, 34), (620, 13), (650, 17)
(46, 19), (99, 10), (170, 27), (272, 6), (308, 39), (311, 14), (322, 29), (349, 1), (369, 2), (379, 21), (398, 38), (401, 36), (410, 30), (416, 29), (505, 14), (595, 39), (618, 28), (621, 1)
(77, 26), (160, 14), (254, 15), (271, 28), (292, 31), (319, 23), (337, 9), (356, 22), (356, 12), (382, 31), (382, 7), (419, 5), (429, 35), (470, 5), (593, 12), (627, 37), (654, 31)
(33, 33), (119, 37), (235, 28), (316, 24), (316, 2), (317, 23), (328, 18), (333, 6), (337, 35), (346, 18), (361, 10), (381, 16), (393, 18), (393, 33), (424, 28), (463, 28), (482, 24), (497, 4), (520, 28), (591, 11)
(117, 36), (204, 32), (308, 38), (323, 16), (342, 26), (346, 26), (348, 2), (364, 12), (385, 22), (387, 19), (390, 24), (395, 19), (420, 12), (435, 29), (447, 36), (455, 20), (507, 1), (510, 38), (514, 16), (515, 27), (520, 1), (622, 35)
(68, 26), (160, 14), (271, 31), (306, 15), (327, 37), (366, 31), (374, 12), (381, 28), (405, 23), (446, 22), (500, 7), (500, 5), (534, 5), (558, 35), (572, 31), (627, 12), (659, 9)
(128, 36), (211, 13), (291, 10), (310, 34), (315, 5), (343, 33), (347, 13), (349, 3), (360, 20), (362, 16), (366, 5), (368, 31), (385, 13), (393, 35), (394, 16), (421, 37), (454, 27), (478, 16), (540, 34)
(65, 26), (186, 24), (216, 31), (246, 37), (326, 5), (333, 5), (339, 38), (350, 36), (392, 18), (394, 39), (395, 2), (416, 9), (419, 11), (437, 31), (438, 3), (444, 20), (518, 20), (526, 11), (560, 22)
(32, 39), (67, 11), (106, 4), (106, 12), (116, 10), (125, 4), (147, 28), (203, 7), (229, 0), (234, 34), (243, 5), (243, 21), (262, 30), (322, 31), (349, 24), (359, 4), (369, 30), (384, 18), (405, 25), (460, 11), (494, 31)
(26, 26), (41, 28), (100, 31), (108, 22), (163, 1), (187, 18), (260, 13), (292, 37), (344, 7), (355, 39), (357, 19), (363, 34), (406, 15), (424, 21), (444, 1), (452, 26), (467, 35), (586, 25)
(123, 35), (282, 29), (293, 30), (301, 3), (309, 3), (310, 36), (320, 28), (344, 4), (354, 24), (355, 37), (356, 29), (380, 38), (385, 34), (387, 6), (415, 20), (481, 23), (625, 1), (690, 34), (728, 13), (756, 17)
(93, 26), (112, 28), (165, 22), (225, 37), (274, 1), (277, 13), (289, 31), (335, 19), (338, 34), (349, 18), (351, 25), (358, 15), (382, 21), (394, 1), (404, 26), (436, 7), (450, 39), (583, 35)
(81, 26), (177, 24), (188, 39), (227, 37), (245, 5), (327, 9), (348, 20), (366, 20), (381, 31), (409, 11), (448, 22), (495, 38), (498, 5), (522, 36), (532, 31), (622, 3), (636, 2), (640, 18), (667, 11)
(39, 33), (90, 18), (121, 37), (128, 9), (143, 12), (176, 3), (221, 39), (223, 31), (224, 33), (270, 35), (310, 6), (315, 1), (328, 7), (351, 21), (360, 19), (365, 36), (374, 14), (384, 39), (387, 38), (403, 29), (404, 7), (503, 9)
(42, 7), (76, 19), (105, 22), (111, 15), (115, 5), (132, 25), (142, 19), (171, 22), (175, 22), (248, 21), (301, 36), (313, 15), (319, 25), (328, 26), (354, 31), (383, 6), (389, 20), (396, 8), (407, 28)
(63, 35), (76, 38), (118, 28), (125, 38), (159, 25), (226, 5), (241, 15), (279, 27), (303, 11), (333, 26), (342, 25), (345, 35), (353, 32), (357, 31), (372, 23), (380, 30), (387, 30), (411, 14), (430, 1), (432, 2), (489, 28)
(118, 18), (219, 3), (225, 15), (248, 37), (262, 23), (292, 26), (313, 1), (359, 37), (374, 14), (385, 32), (440, 25), (595, 14), (646, 28), (771, 31), (841, 13), (951, 16), (1052, 10), (1169, 4), (1193, 1)
(110, 17), (193, 15), (249, 7), (267, 33), (295, 24), (296, 28), (321, 27), (324, 24), (337, 30), (341, 15), (352, 0), (353, 24), (367, 37), (394, 36), (408, 24), (438, 9), (443, 4), (479, 16), (550, 5)
(5, 26), (88, 24), (135, 37), (233, 9), (281, 39), (301, 31), (328, 11), (339, 20), (356, 5), (362, 5), (371, 22), (381, 2), (390, 36), (430, 11), (433, 3), (508, 18), (529, 31), (546, 20), (567, 38)
(107, 11), (145, 4), (155, 34), (188, 28), (201, 31), (220, 4), (265, 39), (323, 0), (362, 30), (362, 10), (369, 21), (380, 5), (385, 31), (426, 7), (456, 12), (469, 4), (486, 24), (496, 25), (522, 18), (557, 11), (633, 30)
(142, 19), (195, 10), (272, 27), (302, 29), (311, 28), (364, 2), (370, 6), (399, 29), (411, 38), (451, 39), (452, 30), (453, 1), (483, 21), (503, 14), (519, 36), (623, 39), (624, 14), (682, 1)
(1, 18), (39, 3), (66, 23), (82, 15), (145, 32), (157, 37), (195, 14), (200, 37), (205, 26), (268, 1), (378, 25), (398, 1), (414, 31), (456, 28), (480, 4), (491, 10), (514, 13), (524, 16), (550, 14)
(147, 17), (241, 15), (300, 33), (315, 36), (316, 27), (340, 16), (360, 24), (362, 7), (365, 30), (372, 0), (377, 9), (380, 24), (394, 5), (443, 4), (448, 24), (453, 37), (460, 28), (489, 15), (554, 24)
(119, 33), (158, 18), (225, 12), (243, 19), (256, 3), (280, 9), (318, 35), (340, 21), (348, 39), (361, 37), (390, 33), (447, 31), (517, 9), (530, 38), (530, 29), (530, 6), (544, 7), (560, 14), (575, 7), (587, 39), (598, 1), (628, 36)
(27, 17), (77, 15), (119, 7), (122, 30), (142, 33), (294, 0), (302, 24), (311, 4), (358, 27), (412, 15), (460, 28), (550, 24), (601, 24), (682, 16), (751, 37), (790, 24), (844, 36), (852, 9), (952, 5)
(78, 11), (106, 4), (151, 28), (301, 4), (307, 39), (320, 30), (335, 12), (336, 34), (377, 10), (378, 0), (386, 21), (424, 31), (428, 31), (440, 24), (443, 5), (462, 18), (526, 4), (542, 30), (615, 25), (648, 7), (663, 11)
(16, 34), (87, 39), (99, 23), (110, 36), (129, 19), (221, 9), (235, 29), (261, 9), (273, 17), (288, 13), (305, 29), (330, 0), (331, 16), (344, 31), (351, 4), (363, 33), (399, 18), (451, 8), (454, 5), (474, 36)
(73, 26), (169, 14), (286, 31), (293, 15), (304, 31), (313, 9), (367, 22), (386, 5), (386, 35), (481, 5), (578, 23), (589, 37), (590, 12), (604, 12), (605, 31), (614, 28), (726, 7)
(104, 26), (130, 28), (184, 22), (258, 39), (276, 1), (305, 34), (321, 21), (332, 18), (352, 1), (357, 26), (367, 31), (392, 7), (400, 13), (419, 37), (433, 35), (485, 19), (530, 15), (538, 25)
(60, 36), (180, 32), (292, 26), (306, 16), (319, 12), (319, 20), (330, 24), (334, 1), (341, 12), (365, 2), (366, 38), (367, 26), (372, 35), (374, 27), (385, 29), (390, 38), (395, 16), (432, 36), (437, 22), (472, 1), (488, 19), (601, 19)
(1, 17), (66, 15), (103, 7), (133, 33), (191, 30), (227, 24), (311, 37), (346, 0), (357, 36), (399, 16), (400, 9), (402, 24), (500, 27), (511, 5), (624, 4), (728, 15), (757, 24), (777, 28), (814, 24)
(96, 36), (174, 13), (279, 20), (308, 13), (313, 5), (334, 34), (366, 16), (367, 10), (381, 16), (390, 33), (422, 5), (426, 31), (478, 13), (521, 27), (552, 16), (590, 3), (598, 34), (646, 37), (743, 35)
(86, 34), (164, 23), (233, 33), (299, 9), (305, 19), (308, 13), (319, 36), (320, 0), (336, 18), (364, 29), (373, 17), (380, 36), (381, 8), (395, 16), (450, 39), (456, 31), (532, 9), (662, 29), (747, 4), (815, 5)
(88, 33), (156, 37), (257, 28), (304, 18), (305, 18), (309, 24), (317, 35), (319, 33), (337, 18), (353, 2), (386, 24), (397, 4), (412, 28), (418, 28), (421, 16), (430, 6), (467, 23), (473, 10), (482, 11), (528, 28)
(99, 35), (193, 4), (209, 29), (233, 3), (268, 3), (322, 34), (331, 6), (349, 17), (351, 24), (353, 37), (370, 34), (378, 23), (380, 1), (390, 38), (419, 13), (421, 36), (470, 28), (482, 29), (537, 20), (562, 30)
(15, 36), (150, 32), (286, 38), (292, 26), (292, 2), (297, 20), (298, 24), (314, 16), (318, 38), (320, 29), (321, 35), (324, 16), (331, 27), (345, 26), (366, 12), (368, 1), (389, 19), (395, 1), (414, 36), (458, 12), (554, 22), (631, 19)
(81, 30), (115, 17), (189, 15), (189, 7), (202, 24), (241, 0), (251, 33), (283, 24), (308, 16), (313, 27), (320, 37), (322, 24), (337, 28), (354, 9), (382, 24), (384, 36), (422, 15), (444, 4), (449, 5)
(130, 35), (161, 38), (166, 28), (188, 38), (227, 5), (247, 25), (278, 25), (294, 27), (295, 11), (298, 35), (304, 26), (322, 32), (334, 15), (339, 23), (349, 1), (351, 30), (356, 31), (366, 2), (425, 30), (434, 14), (482, 28)
(84, 31), (176, 15), (181, 9), (225, 16), (239, 3), (279, 21), (303, 16), (305, 16), (316, 39), (328, 20), (344, 15), (347, 34), (366, 11), (367, 22), (368, 25), (433, 25), (444, 32), (486, 2), (509, 15), (568, 36), (574, 4), (656, 6), (762, 28)
(121, 35), (158, 28), (214, 27), (250, 5), (259, 32), (312, 2), (319, 23), (319, 30), (327, 25), (360, 38), (368, 26), (369, 35), (385, 38), (388, 14), (390, 15), (392, 25), (395, 31), (443, 11), (455, 28), (471, 1), (593, 30)
(5, 30), (26, 35), (62, 12), (219, 35), (240, 6), (268, 7), (283, 21), (301, 2), (306, 26), (316, 2), (348, 18), (349, 23), (365, 4), (368, 13), (370, 31), (371, 19), (434, 35), (508, 10), (566, 10), (679, 11)
(105, 26), (185, 14), (295, 35), (328, 31), (329, 15), (342, 5), (414, 9), (419, 31), (499, 22), (605, 5), (678, 31), (721, 12), (730, 37), (837, 12), (927, 23), (967, 28), (998, 7)
(119, 26), (212, 14), (301, 22), (317, 23), (359, 15), (377, 28), (381, 31), (385, 5), (388, 5), (413, 7), (459, 35), (475, 31), (483, 9), (511, 12), (565, 37), (597, 12), (612, 31)
(142, 17), (216, 15), (290, 33), (301, 9), (327, 28), (353, 7), (356, 30), (401, 5), (416, 0), (417, 24), (465, 24), (503, 24), (540, 4), (541, 16), (549, 27), (574, 24), (578, 15), (587, 37), (675, 36)
(75, 35), (103, 38), (130, 28), (161, 25), (193, 38), (238, 15), (240, 5), (302, 2), (323, 30), (329, 28), (331, 25), (346, 35), (369, 1), (372, 14), (384, 26), (397, 11), (399, 30), (406, 31), (410, 32), (437, 27), (481, 23)
(68, 7), (99, 19), (134, 22), (302, 5), (302, 25), (306, 19), (317, 25), (317, 15), (334, 22), (367, 15), (390, 26), (391, 21), (392, 22), (398, 8), (445, 6), (447, 36), (464, 28), (530, 20), (531, 31)
(136, 26), (246, 24), (303, 37), (316, 9), (325, 20), (342, 38), (358, 11), (368, 3), (376, 20), (385, 39), (395, 36), (419, 11), (435, 5), (436, 18), (457, 22), (478, 5), (493, 31), (504, 31), (596, 2)
(75, 26), (160, 24), (211, 37), (228, 39), (320, 5), (364, 20), (375, 9), (393, 36), (403, 20), (414, 22), (467, 11), (523, 5), (556, 31), (656, 2), (686, 3), (765, 18), (791, 11), (880, 31), (966, 38)
(5, 35), (122, 29), (143, 3), (157, 34), (166, 4), (261, 24), (287, 3), (296, 29), (296, 38), (320, 30), (350, 23), (359, 37), (369, 36), (370, 6), (374, 20), (397, 34), (419, 28), (439, 13), (467, 1), (473, 17)
(37, 11), (66, 4), (101, 4), (121, 28), (135, 34), (259, 31), (348, 5), (369, 30), (369, 18), (373, 30), (381, 25), (387, 31), (437, 11), (453, 39), (460, 21), (477, 4), (486, 7), (537, 0), (538, 12), (543, 10), (615, 24)
(39, 26), (136, 14), (243, 15), (306, 12), (364, 9), (369, 31), (379, 28), (394, 31), (410, 23), (417, 22), (460, 7), (486, 5), (516, 31), (518, 5), (551, 35), (583, 12), (600, 37)
(25, 33), (118, 37), (221, 28), (301, 18), (315, 24), (323, 35), (342, 24), (347, 6), (362, 33), (367, 28), (370, 28), (371, 10), (395, 28), (401, 18), (408, 11), (423, 23), (423, 4), (589, 18), (646, 2), (714, 16)
(133, 31), (229, 15), (231, 9), (279, 16), (319, 34), (379, 32), (450, 25), (551, 16), (642, 21), (654, 3), (704, 15), (709, 39), (743, 2), (746, 22), (801, 4), (818, 25), (863, 15), (937, 6), (948, 36), (962, 20), (966, 11), (1042, 28), (1045, 16)
(66, 11), (96, 4), (137, 4), (142, 28), (284, 34), (284, 5), (303, 24), (306, 30), (309, 39), (310, 0), (319, 21), (322, 18), (353, 4), (397, 10), (398, 31), (401, 25), (415, 30), (426, 31), (450, 11), (523, 7), (551, 12)
(17, 26), (109, 14), (254, 15), (307, 9), (308, 22), (318, 31), (320, 7), (334, 5), (334, 35), (338, 31), (358, 5), (368, 12), (476, 31), (476, 23), (503, 12), (533, 37), (552, 28)
(30, 26), (109, 24), (122, 39), (150, 37), (253, 5), (317, 36), (343, 20), (347, 31), (388, 9), (445, 2), (449, 5), (459, 11), (470, 11), (471, 3), (483, 20), (508, 22), (521, 18), (645, 31), (775, 38)
(41, 36), (174, 32), (295, 26), (301, 12), (303, 29), (324, 2), (330, 38), (343, 19), (344, 26), (346, 19), (387, 1), (394, 16), (395, 20), (397, 24), (398, 38), (412, 36), (454, 27), (483, 1), (506, 12), (548, 16), (606, 22), (682, 35)
(39, 31), (89, 9), (112, 15), (127, 34), (159, 16), (303, 25), (320, 32), (324, 25), (332, 21), (339, 39), (347, 16), (376, 15), (388, 36), (393, 4), (412, 15), (425, 3), (458, 20), (480, 6), (485, 22), (495, 11), (503, 28), (552, 16), (567, 2)
(119, 33), (202, 37), (292, 28), (326, 18), (335, 28), (345, 24), (347, 33), (349, 24), (355, 6), (361, 16), (369, 35), (389, 23), (393, 10), (402, 2), (411, 28), (460, 4), (467, 28), (501, 18), (527, 11), (641, 18)
(61, 33), (93, 18), (141, 12), (160, 37), (170, 9), (256, 39), (257, 14), (280, 38), (305, 31), (306, 7), (315, 3), (336, 21), (348, 7), (348, 35), (354, 36), (358, 33), (367, 6), (379, 9), (420, 19), (467, 1), (511, 29), (589, 39)
(147, 19), (214, 6), (225, 10), (291, 29), (297, 27), (311, 29), (316, 30), (345, 39), (355, 39), (365, 1), (370, 2), (391, 36), (403, 1), (415, 14), (497, 21), (515, 14), (545, 28), (646, 38)
(123, 36), (232, 32), (308, 16), (329, 19), (351, 26), (355, 19), (363, 20), (380, 24), (381, 26), (383, 38), (383, 29), (470, 1), (489, 1), (495, 36), (540, 27), (544, 16), (568, 35), (662, 2), (672, 38), (673, 12), (677, 22), (735, 12)
(149, 7), (184, 19), (220, 22), (278, 5), (306, 25), (312, 28), (313, 22), (327, 15), (341, 15), (357, 19), (366, 36), (391, 22), (412, 21), (459, 20), (463, 26), (466, 6), (488, 25), (511, 8), (579, 31)
(41, 37), (51, 15), (102, 35), (112, 23), (198, 12), (306, 27), (309, 38), (377, 5), (392, 33), (425, 36), (433, 17), (519, 39), (609, 1), (682, 24), (785, 2), (865, 28), (897, 6), (903, 3), (965, 4), (970, 24)
(24, 35), (74, 28), (201, 5), (221, 1), (285, 31), (312, 25), (312, 23), (313, 25), (320, 15), (325, 2), (327, 38), (328, 30), (343, 38), (351, 32), (356, 26), (370, 11), (378, 30), (391, 14), (398, 27), (402, 35), (437, 28)
(83, 30), (104, 35), (129, 12), (138, 13), (141, 18), (149, 19), (164, 31), (213, 7), (242, 10), (249, 2), (297, 35), (311, 10), (336, 2), (356, 6), (373, 21), (381, 35), (404, 11), (418, 23), (421, 4), (531, 26)
(107, 26), (122, 28), (179, 22), (310, 37), (321, 34), (335, 25), (337, 35), (338, 1), (348, 19), (362, 21), (383, 7), (388, 31), (393, 13), (407, 15), (412, 1), (423, 18), (453, 26), (459, 39)
(3, 36), (102, 13), (172, 10), (195, 5), (324, 20), (329, 3), (345, 34), (361, 35), (375, 33), (376, 13), (380, 16), (393, 37), (403, 13), (441, 5), (472, 34), (483, 16), (507, 16), (555, 31), (578, 27)
(120, 23), (189, 11), (208, 27), (222, 19), (255, 36), (294, 23), (295, 22), (301, 6), (304, 34), (320, 21), (350, 7), (350, 15), (371, 37), (379, 0), (385, 1), (392, 38), (407, 15), (450, 0)
(140, 36), (220, 13), (310, 37), (321, 5), (337, 27), (363, 13), (364, 31), (366, 33), (381, 13), (382, 34), (384, 34), (385, 10), (386, 35), (459, 16), (466, 5), (478, 20), (484, 3), (500, 16), (547, 16)
(32, 23), (89, 11), (148, 36), (152, 27), (194, 34), (223, 19), (296, 1), (299, 21), (327, 22), (327, 23), (347, 7), (360, 15), (373, 0), (382, 38), (433, 6), (472, 37), (593, 15), (698, 0)
(75, 36), (182, 32), (287, 26), (309, 19), (329, 22), (350, 19), (357, 29), (368, 36), (382, 26), (394, 1), (396, 12), (402, 27), (405, 20), (454, 16), (548, 38), (638, 24), (709, 1), (780, 16), (852, 12), (863, 2), (874, 38), (906, 35)
(102, 26), (206, 24), (247, 5), (248, 37), (255, 39), (314, 11), (350, 20), (379, 9), (381, 31), (436, 11), (442, 18), (462, 36), (482, 22), (498, 38), (542, 3), (572, 20), (589, 2), (611, 31), (680, 5)
(70, 30), (82, 35), (92, 35), (111, 12), (174, 2), (254, 7), (301, 10), (321, 26), (324, 13), (327, 18), (336, 31), (342, 19), (395, 10), (399, 11), (410, 23), (415, 4), (431, 2), (470, 6), (491, 21), (492, 35)
(138, 19), (208, 10), (281, 27), (294, 39), (302, 30), (303, 14), (312, 1), (325, 28), (340, 14), (349, 29), (375, 21), (383, 29), (386, 6), (424, 2), (428, 38), (469, 39), (490, 36), (550, 1)
(143, 11), (180, 4), (236, 28), (266, 4), (303, 34), (309, 30), (320, 31), (320, 4), (325, 31), (368, 25), (406, 7), (429, 11), (438, 39), (447, 12), (523, 0), (529, 10), (594, 5), (654, 21), (756, 18), (800, 24), (861, 30)
(69, 18), (148, 15), (257, 37), (309, 14), (329, 13), (340, 28), (367, 26), (367, 31), (391, 25), (427, 16), (439, 37), (453, 23), (528, 4), (531, 3), (551, 10), (555, 1), (692, 14), (775, 1), (796, 32)
(76, 26), (175, 24), (230, 37), (244, 2), (266, 31), (312, 39), (314, 22), (330, 3), (335, 5), (371, 38), (377, 11), (388, 36), (392, 18), (395, 5), (425, 31), (506, 20), (511, 20), (539, 9), (623, 11)
(78, 33), (148, 37), (211, 24), (234, 35), (246, 28), (285, 28), (310, 24), (310, 11), (340, 28), (342, 18), (349, 2), (390, 4), (397, 23), (399, 18), (413, 16), (502, 18), (580, 28), (601, 6), (634, 10), (641, 33)
(33, 35), (84, 28), (182, 5), (207, 38), (223, 14), (267, 38), (300, 30), (339, 28), (343, 25), (348, 1), (363, 31), (388, 26), (397, 2), (398, 30), (401, 25), (422, 35), (451, 23), (468, 15), (485, 27), (513, 32), (522, 11)
(37, 3), (42, 18), (80, 23), (144, 14), (149, 15), (150, 37), (177, 26), (220, 37), (244, 32), (345, 1), (376, 1), (469, 14), (482, 25), (501, 28), (637, 31), (736, 13), (852, 16), (933, 10), (952, 4)
(126, 5), (175, 9), (278, 38), (297, 24), (302, 12), (309, 1), (314, 6), (320, 3), (333, 15), (343, 0), (347, 3), (393, 0), (399, 32), (406, 4), (460, 30), (530, 7)
(148, 7), (189, 19), (192, 15), (200, 5), (201, 21), (211, 6), (231, 22), (247, 8), (257, 22), (271, 22), (277, 25), (306, 31), (321, 36), (358, 19), (365, 26), (372, 20), (391, 15), (401, 25), (444, 28)
(2, 35), (72, 28), (182, 5), (250, 38), (272, 25), (274, 38), (286, 25), (300, 2), (308, 31), (320, 35), (335, 27), (362, 23), (368, 15), (396, 11), (407, 1), (414, 32), (449, 30), (495, 30), (502, 14), (569, 28), (633, 26)
(44, 26), (133, 24), (153, 20), (157, 5), (176, 9), (177, 37), (198, 39), (247, 11), (349, 5), (360, 18), (386, 22), (386, 31), (388, 11), (391, 2), (404, 31), (421, 3), (452, 36), (526, 38), (581, 20)
(34, 7), (67, 19), (82, 22), (250, 19), (256, 5), (278, 22), (359, 15), (378, 21), (435, 6), (437, 25), (440, 22), (525, 31), (570, 8), (612, 36), (696, 20), (712, 26), (723, 15), (726, 25), (787, 28)
(43, 26), (121, 14), (259, 15), (279, 31), (321, 31), (366, 12), (396, 37), (398, 9), (402, 22), (428, 5), (470, 31), (483, 12), (566, 23), (625, 28), (706, 35), (725, 7), (762, 5)
(29, 11), (75, 4), (135, 28), (283, 34), (290, 30), (325, 4), (334, 12), (344, 31), (358, 5), (383, 10), (385, 7), (436, 39), (465, 18), (469, 21), (513, 0), (555, 24), (569, 30), (664, 31), (754, 4), (787, 25), (804, 11)
(4, 36), (91, 13), (216, 5), (286, 10), (323, 20), (329, 31), (343, 33), (344, 13), (424, 27), (430, 13), (477, 34), (497, 16), (536, 3), (595, 16), (605, 37), (646, 5), (694, 16), (748, 35), (849, 34)
(119, 23), (133, 34), (164, 19), (188, 11), (206, 36), (209, 27), (262, 22), (302, 21), (319, 23), (344, 7), (362, 0), (371, 15), (390, 15), (390, 37), (398, 38), (405, 1), (491, 6), (495, 0)
(65, 34), (162, 23), (214, 36), (227, 19), (247, 39), (296, 9), (306, 17), (310, 9), (313, 31), (317, 13), (317, 29), (320, 18), (335, 33), (348, 4), (363, 0), (375, 5), (375, 8), (384, 29), (388, 36), (415, 16)
(0, 33), (102, 18), (164, 12), (236, 37), (246, 9), (302, 21), (320, 1), (324, 7), (335, 36), (342, 3), (343, 19), (344, 14), (359, 6), (367, 29), (369, 39), (370, 9), (392, 33), (409, 35), (455, 39), (471, 7), (491, 31), (582, 38)
(111, 33), (175, 18), (222, 12), (254, 37), (273, 9), (346, 3), (351, 36), (365, 19), (385, 35), (431, 7), (431, 6), (454, 33), (462, 21), (463, 39), (494, 14), (538, 31), (588, 38), (591, 9), (673, 1), (741, 29), (762, 7), (806, 39)
(144, 18), (224, 15), (279, 4), (301, 28), (303, 1), (313, 31), (334, 14), (340, 10), (362, 37), (364, 32), (373, 23), (383, 37), (386, 26), (391, 3), (405, 13), (468, 16), (469, 1), (477, 25), (593, 14)
(37, 37), (85, 15), (164, 35), (182, 23), (264, 12), (318, 38), (330, 27), (369, 33), (375, 1), (391, 5), (394, 39), (405, 17), (433, 36), (454, 24), (552, 2), (655, 6), (670, 28), (776, 4), (847, 24), (892, 3)
(94, 26), (121, 28), (175, 22), (234, 31), (251, 7), (277, 39), (280, 21), (317, 37), (330, 25), (338, 26), (340, 19), (341, 35), (347, 1), (359, 1), (379, 34), (382, 18), (453, 13), (487, 15)
(147, 35), (264, 29), (275, 4), (282, 34), (289, 13), (301, 3), (313, 17), (352, 34), (380, 29), (391, 38), (439, 6), (444, 20), (480, 3), (490, 36), (493, 23), (510, 37), (541, 28), (567, 24), (577, 30), (654, 1)
(79, 34), (87, 11), (126, 4), (164, 4), (177, 28), (188, 31), (319, 21), (324, 30), (389, 11), (424, 24), (426, 7), (463, 18), (476, 12), (553, 10), (559, 30), (598, 25), (635, 0), (648, 31), (652, 39), (677, 4), (738, 5)
(111, 33), (199, 37), (288, 10), (294, 28), (314, 24), (317, 33), (319, 35), (332, 18), (345, 28), (352, 16), (369, 2), (377, 6), (382, 11), (394, 24), (410, 18), (440, 28), (464, 18), (487, 4), (490, 23), (499, 28)
(130, 26), (246, 24), (311, 37), (312, 31), (324, 36), (335, 39), (371, 11), (372, 9), (412, 20), (419, 2), (426, 5), (430, 22), (440, 3), (474, 18), (498, 11), (507, 20), (516, 31), (563, 5), (613, 38)
(34, 35), (191, 29), (208, 3), (212, 13), (291, 34), (293, 17), (317, 4), (317, 23), (330, 34), (370, 1), (392, 29), (398, 37), (442, 20), (517, 36), (564, 28), (572, 6), (583, 30), (635, 3), (646, 24), (682, 38)
(2, 34), (101, 23), (108, 39), (115, 19), (127, 36), (191, 9), (217, 9), (320, 29), (331, 17), (340, 33), (351, 0), (357, 8), (360, 13), (378, 4), (389, 36), (390, 29), (397, 18), (419, 16), (437, 5), (454, 31)
(120, 19), (184, 10), (257, 27), (323, 6), (324, 14), (328, 38), (336, 28), (376, 1), (378, 39), (387, 2), (395, 30), (425, 29), (425, 14), (489, 21), (515, 29), (559, 39), (601, 1), (620, 36)
(30, 35), (76, 28), (117, 31), (155, 14), (169, 5), (182, 30), (194, 25), (204, 1), (227, 25), (233, 38), (295, 38), (307, 28), (310, 11), (319, 2), (328, 35), (338, 23), (361, 27), (361, 30), (373, 26), (385, 15), (400, 32)
(53, 35), (140, 4), (149, 29), (171, 3), (247, 34), (278, 13), (308, 17), (315, 38), (326, 34), (341, 29), (353, 24), (369, 30), (373, 37), (375, 23), (397, 36), (401, 20), (413, 1), (444, 28), (539, 6), (589, 3)
(92, 37), (108, 15), (165, 35), (218, 28), (302, 6), (323, 12), (347, 4), (348, 3), (353, 27), (365, 23), (388, 1), (392, 33), (394, 38), (415, 24), (417, 5), (422, 2), (446, 24), (455, 39), (468, 36), (493, 17)
(126, 7), (157, 19), (172, 22), (297, 19), (303, 36), (311, 5), (342, 6), (343, 26), (346, 25), (366, 15), (372, 22), (379, 22), (390, 21), (391, 20), (418, 25), (419, 28), (436, 31), (482, 8), (521, 15)
(25, 31), (123, 15), (142, 9), (148, 34), (166, 16), (288, 15), (326, 15), (327, 4), (335, 25), (352, 39), (358, 25), (369, 32), (371, 36), (378, 2), (383, 16), (406, 20), (443, 11), (455, 16), (464, 6), (526, 22), (531, 28), (563, 21), (567, 3)
(96, 26), (125, 28), (166, 22), (220, 31), (321, 1), (322, 18), (362, 25), (372, 34), (393, 13), (405, 21), (410, 37), (424, 35), (459, 7), (472, 19), (550, 39), (600, 15), (646, 26), (663, 1)
(113, 18), (208, 15), (313, 37), (313, 23), (317, 37), (356, 25), (361, 26), (373, 1), (377, 14), (400, 3), (420, 32), (504, 14), (556, 31), (567, 28), (642, 13), (652, 16), (755, 10), (910, 4), (930, 1)
