26, 14, 15, 31, 31, 22, 5, 12, 31, 37, 12, 23, 28, 7, 5, 35, 9
7, 19, 22, 19, 22, 5, 15, 25, 22, 21, 6, 31, 8, 36, 20, 25, 15, 26, 28
7, 19, 22, 19, 22, 5, 15, 25, 22, 21, 6, 31, 8, 36, 20, 25, 15, 26, 28
19, 10, 27, 6, 2, 29, 29, 36, 14, 28, 38, 39, 1, 14, 21, 30, 39, 1
35, 29, 3, 4, 34, 29, 20, 6, 3, 37, 36, 28, 30, 24, 38, 23, 1, 34, 13, 17
17, 15, 33, 7, 30, 0, 24, 27, 4, 15, 28, 24, 24, 16, 37, 24, 36, 9, 5
5, 9, 24, 1, 38, 12, 6, 15, 4, 7, 3, 0, 3, 0, 30, 32
33, 18, 12, 37, 9, 33, 31, 38, 14, 9, 1, 29, 39, 7, 36, 7, 6, 39, 35, 3, 19, 21
35, 28, 5, 38, 38, 25, 15, 11, 23, 27, 32, 30, 35, 2, 25, 31, 1, 30, 14, 28, 26
33, 18, 12, 37, 9, 33, 31, 38, 14, 9, 1, 29, 39, 7, 36, 7, 6, 39, 35, 3, 19, 21
23, 11, 27, 36, 34, 19, 22, 23, 38, 6, 0, 1, 21, 7, 15, 37, 15, 0
34, 23, 19, 9, 36, 39, 9, 29, 4, 5, 36, 18, 8, 31, 17, 13, 33, 16, 0, 29
5, 9, 24, 1, 38, 12, 6, 15, 4, 7, 3, 0, 3, 0, 30, 32
35, 28, 5, 38, 38, 25, 15, 11, 23, 27, 32, 30, 35, 2, 25, 31, 1, 30, 14, 28, 26
37, 15, 35, 23, 12, 27, 36, 39, 1, 24, 2, 6, 28, 4, 24, 3, 38, 17, 5, 33
35, 29, 3, 4, 34, 29, 20, 6, 3, 37, 36, 28, 30, 24, 38, 23, 1, 34, 13, 17
26, 28, 22, 31, 1, 18, 13, 37, 19, 15, 26, 39, 1, 34, 21, 7, 35, 25
11, 4, 28, 4, 34, 31, 30, 7, 12, 10, 39, 0, 5, 21, 24, 18, 30, 31, 4, 25, 11
37, 15, 35, 23, 12, 27, 36, 39, 1, 24, 2, 6, 28, 4, 24, 3, 38, 17, 5, 33
33, 18, 12, 37, 9, 33, 31, 38, 14, 9, 1, 29, 39, 7, 36, 7, 6, 39, 35, 3, 19, 21
36, 13, 5, 10, 20, 13, 33, 13, 16, 16, 5, 16, 31, 27, 34, 3, 37, 35, 34
37, 15, 35, 23, 12, 27, 36, 39, 1, 24, 2, 6, 28, 4, 24, 3, 38, 17, 5, 33
31, 15, 16, 9, 34, 32, 25, 16, 21, 3, 22, 2, 4, 39, 15, 25, 15, 36, 6, 28, 11, 16, 20
26, 24, 37, 39, 5, 20, 9, 11, 22, 36, 20, 5, 31, 2, 3, 18, 11, 31, 38
18, 15, 37, 26, 37, 23, 3, 14, 32, 1, 25, 14, 28, 31, 13, 16, 10, 4, 1
19, 10, 27, 6, 2, 29, 29, 36, 14, 28, 38, 39, 1, 14, 21, 30, 39, 1
19, 10, 27, 6, 2, 29, 29, 36, 14, 28, 38, 39, 1, 14, 21, 30, 39, 1
33, 18, 12, 37, 9, 33, 31, 38, 14, 9, 1, 29, 39, 7, 36, 7, 6, 39, 35, 3, 19, 21
19, 10, 27, 6, 2, 29, 29, 36, 14, 28, 38, 39, 1, 14, 21, 30, 39, 1
7, 19, 22, 19, 22, 5, 15, 25, 22, 21, 6, 31, 8, 36, 20, 25, 15, 26, 28
26, 28, 22, 31, 1, 18, 13, 37, 19, 15, 26, 39, 1, 34, 21, 7, 35, 25
23, 11, 27, 36, 34, 19, 22, 23, 38, 6, 0, 1, 21, 7, 15, 37, 15, 0
35, 29, 3, 4, 34, 29, 20, 6, 3, 37, 36, 28, 30, 24, 38, 23, 1, 34, 13, 17
33, 18, 12, 37, 9, 33, 31, 38, 14, 9, 1, 29, 39, 7, 36, 7, 6, 39, 35, 3, 19, 21
33, 18, 12, 37, 9, 33, 31, 38, 14, 9, 1, 29, 39, 7, 36, 7, 6, 39, 35, 3, 19, 21
30, 35, 12, 35, 2, 7, 18, 31, 13, 19, 10, 10, 11, 23, 35, 4, 26, 2, 6, 21
26, 14, 15, 31, 31, 22, 5, 12, 31, 37, 12, 23, 28, 7, 5, 35, 9
26, 28, 22, 31, 1, 18, 13, 37, 19, 15, 26, 39, 1, 34, 21, 7, 35, 25
18, 15, 37, 26, 37, 23, 3, 14, 32, 1, 25, 14, 28, 31, 13, 16, 10, 4, 1
37, 15, 35, 23, 12, 27, 36, 39, 1, 24, 2, 6, 28, 4, 24, 3, 38, 17, 5, 33
26, 24, 37, 39, 5, 20, 9, 11, 22, 36, 20, 5, 31, 2, 3, 18, 11, 31, 38
5, 9, 24, 1, 38, 12, 6, 15, 4, 7, 3, 0, 3, 0, 30, 32
35, 28, 5, 38, 38, 25, 15, 11, 23, 27, 32, 30, 35, 2, 25, 31, 1, 30, 14, 28, 26
26, 28, 22, 31, 1, 18, 13, 37, 19, 15, 26, 39, 1, 34, 21, 7, 35, 25
23, 11, 27, 36, 34, 19, 22, 23, 38, 6, 0, 1, 21, 7, 15, 37, 15, 0
26, 28, 22, 31, 1, 18, 13, 37, 19, 15, 26, 39, 1, 34, 21, 7, 35, 25
35, 29, 3, 4, 34, 29, 20, 6, 3, 37, 36, 28, 30, 24, 38, 23, 1, 34, 13, 17
18, 15, 26, 37, 37, 23, 3, 14, 32, 1, 25, 14, 28, 31, 13, 16, 10, 4, 1
33, 37, 28, 24, 35, 28, 23, 18, 2, 16, 18, 6, 10, 28, 33, 24, 4, 28, 11, 18
5, 9, 24, 1, 38, 12, 6, 15, 4, 7, 3, 0, 3, 0, 30, 32
33, 18, 12, 37, 9, 33, 31, 38, 14, 9, 1, 29, 39, 7, 36, 7, 6, 39, 35, 3, 19, 21
19, 10, 27, 6, 2, 29, 29, 36, 14, 28, 38, 39, 1, 14, 21, 30, 39, 1
11, 4, 28, 4, 34, 31, 30, 7, 12, 10, 39, 0, 5, 21, 24, 18, 30, 31, 4, 25, 11
34, 23, 9, 19, 36, 39, 9, 29, 4, 5, 36, 18, 8, 31, 17, 13, 33, 16, 0, 29
33, 37, 28, 24, 35, 28, 23, 18, 2, 16, 18, 6, 10, 28, 33, 24, 4, 28, 11, 18
26, 28, 22, 31, 1, 18, 13, 37, 19, 15, 26, 39, 1, 34, 21, 7, 35, 25
37, 15, 35, 23, 12, 27, 36, 39, 1, 24, 2, 6, 28, 4, 24, 3, 38, 17, 5, 33
23, 11, 27, 36, 34, 19, 22, 23, 38, 6, 0, 1, 21, 7, 15, 37, 15, 0
30, 35, 12, 35, 2, 7, 18, 31, 13, 19, 10, 10, 11, 23, 35, 4, 26, 2, 6, 21
19, 10, 27, 6, 2, 29, 29, 36, 14, 28, 38, 39, 1, 14, 21, 30, 39, 1
37, 15, 35, 23, 12, 27, 36, 39, 1, 24, 2, 6, 28, 4, 24, 3, 38, 17, 5, 33
26, 28, 22, 31, 1, 18, 13, 37, 19, 15, 26, 39, 1, 34, 21, 7, 35, 25
23, 11, 27, 36, 34, 19, 22, 23, 38, 6, 0, 1, 21, 7, 15, 37, 15, 0
35, 29, 3, 4, 34, 29, 20, 6, 3, 37, 36, 28, 30, 24, 38, 23, 1, 34, 13, 17
37, 15, 35, 23, 12, 27, 36, 39, 1, 24, 2, 6, 28, 4, 24, 3, 38, 17, 5, 33
19, 10, 27, 6, 2, 29, 29, 36, 14, 28, 38, 39, 1, 14, 21, 30, 39, 1
11, 4, 28, 4, 34, 31, 30, 7, 12, 10, 39, 0, 5, 21, 24, 18, 30, 31, 4, 25, 11
18, 15, 37, 26, 37, 23, 3, 14, 32, 1, 25, 14, 28, 31, 13, 16, 10, 4, 1
35, 29, 3, 4, 34, 29, 20, 6, 3, 37, 36, 28, 30, 24, 38, 23, 1, 34, 13, 17
36, 32, 26, 26, 16, 38, 24, 1, 16, 35, 2, 12, 38, 12, 22, 19, 19, 20, 29, 1, 36, 27
36, 13, 5, 10, 20, 13, 33, 13, 16, 16, 5, 16, 31, 27, 34, 3, 37, 35, 34
23, 11, 27, 36, 34, 19, 22, 23, 38, 6, 0, 1, 21, 7, 15, 37, 15, 0
33, 37, 28, 24, 35, 28, 23, 18, 2, 16, 18, 6, 10, 28, 33, 24, 4, 28, 11, 18
7, 19, 22, 19, 22, 5, 15, 25, 22, 21, 6, 31, 8, 36, 20, 25, 15, 26, 28
31, 15, 16, 9, 34, 32, 25, 16, 21, 3, 22, 2, 4, 39, 15, 25, 15, 36, 6, 28, 11, 16, 20
33, 37, 28, 24, 35, 28, 23, 18, 2, 16, 18, 6, 10, 28, 33, 24, 4, 28, 11, 18
17, 15, 33, 7, 30, 0, 24, 27, 4, 15, 28, 24, 24, 16, 37, 24, 36, 9, 5
35, 28, 5, 38, 38, 25, 15, 11, 23, 27, 32, 30, 35, 2, 25, 31, 1, 30, 14, 28, 26
5, 9, 24, 1, 38, 12, 6, 15, 4, 7, 3, 0, 3, 0, 30, 32
35, 29, 3, 4, 34, 29, 20, 6, 3, 37, 36, 28, 30, 24, 38, 23, 1, 34, 13, 17
7, 19, 22, 19, 22, 5, 15, 25, 22, 21, 6, 31, 8, 36, 20, 25, 15, 26, 28
5, 9, 24, 1, 38, 12, 6, 15, 4, 7, 3, 0, 3, 0, 30, 32
11, 4, 28, 4, 34, 31, 30, 7, 12, 10, 39, 0, 5, 21, 24, 18, 30, 31, 4, 25, 11
26, 24, 37, 39, 5, 20, 9, 11, 22, 36, 20, 5, 31, 2, 3, 18, 11, 31, 38
36, 13, 10, 5, 20, 13, 33, 13, 16, 16, 5, 16, 31, 27, 34, 3, 37, 35, 34
34, 23, 19, 9, 36, 39, 9, 29, 4, 5, 36, 18, 8, 31, 17, 13, 33, 16, 0, 29
33, 18, 12, 37, 9, 33, 31, 38, 14, 9, 1, 29, 39, 7, 36, 7, 6, 39, 35, 3, 19, 21
26, 24, 37, 39, 5, 20, 9, 11, 22, 36, 20, 5, 31, 2, 3, 18, 11, 31, 38
30, 35, 12, 35, 2, 7, 18, 31, 13, 19, 10, 10, 11, 23, 35, 4, 26, 2, 6, 21
26, 24, 37, 39, 5, 20, 9, 11, 22, 36, 20, 5, 31, 2, 3, 18, 11, 31, 38
7, 19, 22, 19, 22, 5, 15, 25, 22, 21, 6, 31, 8, 36, 20, 25, 15, 26, 28
7, 19, 22, 19, 22, 5, 15, 25, 22, 21, 6, 31, 8, 36, 20, 25, 15, 26, 28
18, 15, 37, 26, 37, 23, 3, 14, 32, 1, 25, 14, 28, 31, 13, 16, 10, 4, 1
36, 13, 5, 10, 20, 13, 33, 13, 16, 16, 5, 16, 31, 27, 34, 3, 37, 35, 34
33, 18, 12, 37, 9, 33, 31, 38, 14, 9, 1, 29, 39, 7, 36, 7, 6, 39, 35, 3, 19, 21
7, 19, 22, 19, 22, 5, 15, 25, 22, 21, 6, 31, 8, 36, 20, 25, 15, 26, 28
19, 10, 27, 6, 2, 29, 29, 36, 14, 28, 38, 39, 1, 14, 21, 30, 39, 1
36, 13, 5, 10, 20, 13, 33, 13, 16, 16, 5, 16, 31, 27, 34, 3, 37, 35, 34
31, 15, 16, 9, 34, 32, 25, 16, 21, 3, 22, 2, 4, 39, 15, 25, 15, 36, 6, 28, 11, 16, 20
33, 18, 12, 37, 9, 33, 31, 38, 14, 9, 1, 29, 39, 7, 36, 7, 6, 39, 35, 3, 19, 21
30, 35, 12, 35, 2, 7, 18, 31, 13, 19, 10, 10, 11, 23, 35, 4, 26, 2, 6, 21
26, 24, 37, 39, 5, 20, 9, 11, 22, 36, 20, 5, 31, 2, 3, 18, 11, 31, 38
23, 11, 27, 36, 34, 19, 22, 23, 38, 6, 0, 1, 21, 7, 15, 37, 15, 0
36, 32, 26, 26, 16, 38, 24, 1, 16, 35, 2, 12, 38, 12, 22, 19, 19, 20, 29, 1, 36, 27
33, 18, 12, 37, 9, 33, 31, 38, 14, 9, 1, 29, 39, 7, 36, 7, 6, 39, 35, 3, 19, 21
30, 35, 12, 35, 2, 7, 18, 31, 13, 19, 10, 10, 11, 23, 35, 4, 26, 2, 6, 21
7, 19, 22, 19, 22, 5, 15, 25, 22, 21, 6, 31, 8, 36, 20, 25, 15, 26, 28
34, 23, 19, 36, 9, 39, 9, 29, 4, 5, 36, 18, 8, 31, 17, 13, 33, 16, 0, 29
18, 15, 26, 37, 37, 23, 3, 14, 32, 1, 25, 14, 28, 31, 13, 16, 10, 4, 1
26, 28, 22, 31, 1, 18, 13, 37, 19, 15, 26, 39, 1, 34, 21, 7, 35, 25
36, 32, 26, 26, 16, 38, 24, 1, 16, 35, 2, 12, 38, 12, 22, 19, 19, 20, 29, 1, 36, 27
36, 32, 26, 16, 26, 38, 24, 1, 16, 35, 2, 12, 38, 12, 22, 19, 19, 20, 29, 1, 36, 27
31, 15, 16, 9, 34, 32, 25, 16, 21, 3, 22, 2, 4, 39, 15, 25, 15, 36, 6, 28, 11, 16, 20
36, 13, 5, 10, 20, 13, 33, 13, 16, 16, 5, 16, 31, 27, 34, 3, 37, 35, 34
35, 28, 5, 38, 38, 25, 15, 11, 23, 27, 32, 30, 35, 2, 25, 31, 1, 30, 14, 28, 26
18, 15, 26, 37, 37, 23, 3, 14, 32, 1, 25, 14, 28, 31, 13, 16, 10, 4, 1
36, 13, 5, 10, 20, 13, 33, 13, 16, 16, 5, 16, 31, 27, 34, 3, 37, 35, 34
26, 14, 15, 31, 31, 22, 5, 12, 31, 37, 12, 23, 28, 7, 5, 35, 9
17, 15, 33, 7, 30, 0, 24, 27, 4, 15, 28, 24, 24, 16, 37, 24, 36, 9, 5
36, 13, 5, 10, 20, 13, 33, 13, 16, 16, 5, 16, 31, 27, 34, 3, 37, 35, 34
33, 18, 12, 37, 9, 33, 31, 38, 14, 9, 1, 29, 39, 7, 36, 7, 6, 39, 35, 3, 19, 21
5, 9, 24, 1, 38, 12, 6, 15, 4, 7, 3, 0, 3, 0, 30, 32
26, 14, 15, 31, 31, 22, 5, 12, 31, 37, 12, 23, 28, 7, 5, 35, 9
7, 19, 22, 19, 22, 5, 15, 25, 22, 21, 6, 31, 8, 36, 20, 25, 15, 26, 28
23, 11, 27, 36, 34, 19, 22, 23, 38, 6, 0, 1, 21, 7, 15, 37, 15, 0
19, 10, 27, 6, 2, 29, 29, 36, 14, 28, 38, 39, 1, 14, 21, 30, 39, 1
33, 18, 12, 37, 9, 33, 31, 38, 14, 9, 1, 29, 39, 7, 36, 7, 6, 39, 35, 3, 19, 21
33, 18, 12, 37, 9, 33, 31, 38, 14, 9, 1, 29, 39, 7, 36, 7, 6, 39, 35, 3, 19, 21
17, 15, 33, 7, 30, 0, 24, 27, 4, 15, 28, 24, 24, 16, 37, 24, 36, 9, 5
23, 11, 27, 36, 34, 19, 22, 23, 38, 6, 0, 1, 21, 7, 15, 37, 15, 0
35, 28, 5, 38, 38, 25, 15, 11, 23, 27, 32, 30, 35, 2, 25, 31, 1, 30, 14, 28, 26
30, 35, 12, 35, 2, 7, 18, 31, 13, 19, 10, 10, 11, 23, 35, 4, 26, 2, 6, 21
18, 15, 26, 37, 37, 23, 3, 14, 32, 1, 25, 14, 28, 31, 13, 16, 10, 4, 1
17, 15, 33, 7, 30, 0, 24, 27, 4, 15, 28, 24, 24, 16, 37, 24, 36, 9, 5
33, 18, 12, 37, 9, 33, 31, 38, 14, 9, 1, 29, 39, 7, 36, 7, 6, 39, 35, 3, 19, 21
30, 35, 12, 35, 2, 7, 18, 31, 13, 19, 10, 10, 11, 23, 35, 4, 26, 2, 6, 21
11, 4, 28, 4, 34, 31, 30, 7, 12, 10, 39, 0, 5, 21, 24, 18, 30, 31, 4, 25, 11
17, 15, 33, 7, 30, 0, 24, 27, 4, 15, 28, 24, 24, 16, 37, 24, 36, 9, 5
26, 14, 31, 15, 31, 22, 5, 12, 31, 37, 12, 23, 28, 7, 5, 35, 9
31, 15, 16, 9, 34, 32, 25, 16, 21, 3, 22, 2, 4, 39, 15, 25, 15, 36, 6, 28, 11, 16, 20
35, 28, 5, 38, 38, 25, 15, 11, 23, 27, 32, 30, 35, 2, 25, 31, 1, 30, 14, 28, 26
35, 28, 5, 38, 38, 25, 15, 11, 23, 27, 32, 30, 35, 2, 25, 31, 1, 30, 14, 28, 26
18, 15, 37, 26, 37, 23, 3, 14, 32, 1, 25, 14, 28, 31, 13, 16, 10, 4, 1
26, 24, 37, 39, 5, 20, 9, 11, 22, 36, 20, 5, 31, 2, 3, 18, 11, 31, 38
34, 23, 9, 19, 36, 39, 9, 29, 4, 5, 36, 18, 8, 31, 17, 13, 33, 16, 0, 29
33, 18, 12, 37, 9, 33, 31, 38, 14, 9, 1, 29, 39, 7, 36, 7, 6, 39, 35, 3, 19, 21
5, 9, 24, 1, 38, 12, 6, 15, 4, 7, 3, 0, 3, 0, 30, 32
34, 23, 19, 36, 9, 39, 9, 29, 4, 5, 36, 18, 8, 31, 17, 13, 33, 16, 0, 29
5, 9, 24, 1, 38, 12, 6, 15, 4, 7, 3, 0, 3, 0, 30, 32
36, 32, 26, 26, 16, 38, 24, 1, 16, 35, 2, 12, 38, 12, 22, 19, 19, 20, 29, 1, 36, 27
26, 14, 15, 31, 31, 22, 5, 12, 31, 37, 12, 23, 28, 7, 5, 35, 9
30, 35, 12, 35, 2, 7, 18, 31, 13, 19, 10, 10, 11, 23, 35, 4, 26, 2, 6, 21
7, 19, 22, 19, 22, 5, 15, 25, 22, 21, 6, 31, 8, 36, 20, 25, 15, 26, 28
18, 15, 26, 37, 37, 23, 3, 14, 32, 1, 25, 14, 28, 31, 13, 16, 10, 4, 1
33, 37, 28, 24, 35, 28, 23, 18, 2, 16, 18, 6, 10, 28, 33, 24, 4, 28, 11, 18
7, 19, 22, 19, 22, 5, 15, 25, 22, 21, 6, 31, 8, 36, 20, 25, 15, 26, 28
26, 24, 37, 39, 5, 20, 9, 11, 22, 36, 20, 5, 31, 2, 3, 18, 11, 31, 38
26, 14, 15, 31, 31, 22, 5, 12, 31, 37, 12, 23, 28, 7, 5, 35, 9
36, 32, 26, 26, 16, 38, 24, 1, 16, 35, 2, 12, 38, 12, 22, 19, 19, 20, 29, 1, 36, 27
23, 11, 27, 36, 34, 19, 22, 23, 38, 6, 0, 1, 21, 7, 15, 37, 15, 0
17, 15, 33, 7, 30, 0, 24, 27, 4, 15, 28, 24, 24, 16, 37, 24, 36, 9, 5
11, 4, 28, 4, 34, 31, 30, 7, 12, 10, 39, 0, 5, 21, 24, 18, 30, 31, 4, 25, 11
34, 23, 9, 19, 36, 39, 9, 29, 4, 5, 36, 18, 8, 31, 17, 13, 33, 16, 0, 29
7, 19, 22, 19, 22, 5, 15, 25, 22, 21, 6, 31, 8, 36, 20, 25, 15, 26, 28
17, 15, 33, 7, 30, 0, 24, 27, 4, 15, 28, 24, 24, 16, 37, 24, 36, 9, 5
26, 28, 22, 31, 1, 18, 13, 37, 19, 15, 26, 39, 1, 34, 21, 7, 35, 25
33, 37, 28, 24, 35, 28, 23, 18, 2, 16, 18, 6, 10, 28, 33, 24, 4, 28, 11, 18
18, 15, 37, 26, 37, 23, 3, 14, 32, 1, 25, 14, 28, 31, 13, 16, 10, 4, 1
5, 9, 1, 24, 38, 12, 6, 15, 4, 7, 3, 0, 3, 0, 30, 32
37, 15, 35, 23, 12, 27, 36, 39, 1, 24, 2, 6, 28, 4, 24, 3, 38, 17, 5, 33
33, 37, 24, 28, 35, 28, 23, 18, 2, 16, 18, 6, 10, 28, 33, 24, 4, 28, 11, 18
17, 15, 33, 7, 30, 0, 24, 27, 4, 15, 28, 24, 24, 16, 37, 24, 36, 9, 5
26, 14, 15, 31, 31, 22, 5, 12, 31, 37, 12, 23, 28, 7, 5, 35, 9
33, 37, 28, 24, 35, 28, 23, 18, 2, 16, 18, 6, 10, 28, 33, 24, 4, 28, 11, 18
23, 11, 27, 36, 34, 19, 22, 23, 38, 6, 0, 1, 21, 7, 15, 37, 15, 0
7, 19, 22, 19, 22, 5, 15, 25, 22, 21, 6, 31, 8, 36, 20, 25, 15, 26, 28
33, 18, 12, 37, 9, 33, 31, 38, 14, 9, 1, 29, 39, 7, 36, 7, 6, 39, 35, 3, 19, 21
37, 15, 35, 23, 12, 27, 36, 39, 1, 24, 2, 6, 28, 4, 24, 3, 38, 17, 5, 33
26, 14, 15, 31, 31, 22, 5, 12, 31, 37, 12, 23, 28, 7, 5, 35, 9
30, 35, 12, 35, 2, 7, 18, 31, 13, 19, 10, 10, 11, 23, 35, 4, 26, 2, 6, 21
18, 15, 37, 26, 37, 23, 3, 14, 32, 1, 25, 14, 28, 31, 13, 16, 10, 4, 1
36, 13, 5, 10, 20, 13, 33, 13, 16, 16, 5, 16, 31, 27, 34, 3, 37, 35, 34
17, 15, 33, 7, 30, 0, 24, 27, 4, 15, 28, 24, 24, 16, 37, 24, 36, 9, 5
36, 32, 26, 26, 16, 38, 24, 1, 16, 35, 2, 12, 38, 12, 22, 19, 19, 20, 29, 1, 36, 27
36, 13, 5, 10, 20, 13, 33, 13, 16, 16, 5, 16, 31, 27, 34, 3, 37, 35, 34
19, 10, 27, 6, 2, 29, 29, 36, 14, 28, 38, 39, 1, 14, 21, 30, 39, 1
35, 29, 3, 4, 34, 29, 20, 6, 3, 37, 36, 28, 30, 24, 38, 23, 1, 34, 13, 17
19, 10, 27, 6, 2, 29, 29, 36, 14, 28, 38, 39, 1, 14, 21, 30, 39, 1
19, 10, 27, 6, 2, 29, 29, 36, 14, 28, 38, 39, 1, 14, 21, 30, 39, 1
30, 35, 12, 35, 2, 7, 18, 31, 13, 19, 10, 10, 11, 23, 35, 4, 26, 2, 6, 21
26, 28, 22, 31, 1, 18, 13, 37, 19, 15, 26, 39, 1, 34, 21, 7, 35, 25
31, 15, 16, 9, 34, 32, 25, 16, 21, 3, 22, 2, 4, 39, 15, 25, 15, 36, 6, 28, 11, 16, 20
36, 13, 5, 10, 20, 13, 33, 13, 16, 16, 5, 16, 31, 27, 34, 3, 37, 35, 34
35, 28, 5, 38, 38, 25, 15, 11, 23, 27, 32, 30, 35, 2, 25, 31, 1, 30, 14, 28, 26
36, 32, 26, 26, 16, 38, 24, 1, 16, 35, 2, 12, 38, 12, 22, 19, 19, 20, 29, 1, 36, 27
30, 35, 12, 35, 2, 7, 18, 31, 13, 19, 10, 10, 11, 23, 35, 4, 26, 2, 6, 21
35, 29, 3, 4, 34, 29, 20, 6, 3, 37, 36, 28, 30, 24, 38, 23, 1, 34, 13, 17
35, 28, 5, 38, 38, 25, 15, 11, 23, 27, 32, 30, 35, 2, 25, 31, 1, 30, 14, 28, 26
36, 13, 5, 10, 20, 13, 33, 13, 16, 16, 5, 16, 31, 27, 34, 3, 37, 35, 34
5, 9, 24, 1, 38, 12, 6, 15, 4, 7, 3, 0, 3, 0, 30, 32
33, 37, 28, 24, 35, 28, 23, 18, 2, 16, 18, 6, 10, 28, 33, 24, 4, 28, 11, 18
35, 28, 5, 38, 38, 25, 15, 11, 23, 27, 32, 30, 35, 2, 25, 31, 1, 30, 14, 28, 26
33, 18, 12, 37, 9, 33, 31, 38, 14, 9, 1, 29, 39, 7, 36, 7, 6, 39, 35, 3, 19, 21
37, 15, 35, 23, 12, 27, 36, 39, 1, 24, 2, 6, 28, 4, 24, 3, 38, 17, 5, 33
33, 18, 12, 37, 9, 33, 31, 38, 14, 9, 1, 29, 39, 7, 36, 7, 6, 39, 35, 3, 19, 21
35, 29, 3, 4, 34, 29, 20, 6, 3, 37, 36, 28, 30, 24, 38, 23, 1, 34, 13, 17
33, 18, 12, 37, 9, 33, 31, 38, 14, 9, 1, 29, 39, 7, 36, 7, 6, 39, 35, 3, 19, 21
35, 29, 3, 4, 34, 29, 20, 6, 3, 37, 36, 28, 30, 24, 38, 23, 1, 34, 13, 17
11, 4, 28, 4, 34, 31, 30, 7, 12, 10, 39, 0, 5, 21, 24, 18, 30, 31, 4, 25, 11
11, 4, 28, 4, 34, 31, 30, 7, 12, 10, 39, 0, 5, 21, 24, 18, 30, 31, 4, 25, 11
26, 14, 15, 31, 31, 22, 5, 12, 31, 37, 12, 23, 28, 7, 5, 35, 9
37, 15, 35, 23, 12, 27, 36, 39, 1, 24, 2, 6, 28, 4, 24, 3, 38, 17, 5, 33
34, 23, 9, 19, 36, 39, 9, 29, 4, 5, 36, 18, 8, 31, 17, 13, 33, 16, 0, 29
18, 15, 37, 26, 37, 23, 3, 14, 32, 1, 25, 14, 28, 31, 13, 16, 10, 4, 1
23, 11, 27, 36, 34, 19, 22, 23, 38, 6, 0, 1, 21, 7, 15, 37, 15, 0
37, 15, 35, 23, 12, 27, 36, 39, 1, 24, 2, 6, 28, 4, 24, 3, 38, 17, 5, 33
36, 32, 26, 16, 26, 38, 24, 1, 16, 35, 2, 12, 38, 12, 22, 19, 19, 20, 29, 1, 36, 27
26, 28, 22, 31, 1, 18, 13, 37, 19, 15, 26, 39, 1, 34, 21, 7, 35, 25
26, 14, 15, 31, 31, 22, 5, 12, 31, 37, 12, 23, 28, 7, 5, 35, 9
31, 15, 16, 9, 34, 32, 25, 16, 21, 3, 22, 2, 4, 39, 15, 25, 15, 36, 6, 28, 11, 16, 20
19, 10, 27, 6, 2, 29, 29, 36, 14, 28, 38, 39, 1, 14, 21, 30, 39, 1
37, 15, 35, 23, 12, 27, 36, 39, 1, 24, 2, 6, 28, 4, 24, 3, 38, 17, 5, 33
26, 24, 37, 39, 5, 20, 9, 11, 22, 36, 20, 5, 31, 2, 3, 18, 11, 31, 38
7, 19, 22, 19, 22, 5, 15, 25, 22, 21, 6, 31, 8, 36, 20, 25, 15, 26, 28
36, 13, 5, 10, 20, 13, 33, 13, 16, 16, 5, 16, 31, 27, 34, 3, 37, 35, 34
17, 15, 33, 7, 30, 0, 24, 27, 4, 15, 28, 24, 24, 16, 37, 24, 36, 9, 5
26, 14, 15, 31, 31, 22, 5, 12, 31, 37, 12, 23, 28, 7, 5, 35, 9
7, 19, 22, 19, 22, 5, 15, 25, 22, 21, 6, 31, 8, 36, 20, 25, 15, 26, 28
37, 15, 35, 23, 12, 27, 36, 39, 1, 24, 2, 6, 28, 4, 24, 3, 38, 17, 5, 33
35, 28, 5, 38, 38, 25, 15, 11, 23, 27, 32, 30, 35, 2, 25, 31, 1, 30, 14, 28, 26
36, 13, 5, 10, 20, 13, 33, 13, 16, 16, 5, 16, 31, 27, 34, 3, 37, 35, 34
36, 32, 26, 26, 16, 38, 24, 1, 16, 35, 2, 12, 38, 12, 22, 19, 19, 20, 29, 1, 36, 27
33, 18, 12, 37, 9, 33, 31, 38, 14, 9, 1, 29, 39, 7, 36, 7, 6, 39, 35, 3, 19, 21
35, 29, 3, 4, 34, 29, 20, 6, 3, 37, 36, 28, 30, 24, 38, 23, 1, 34, 13, 17
18, 15, 37, 26, 37, 23, 3, 14, 32, 1, 25, 14, 28, 31, 13, 16, 10, 4, 1
35, 29, 3, 4, 34, 29, 20, 6, 3, 37, 36, 28, 30, 24, 38, 23, 1, 34, 13, 17
33, 18, 12, 37, 9, 33, 31, 38, 14, 9, 1, 29, 39, 7, 36, 7, 6, 39, 35, 3, 19, 21
19, 10, 27, 6, 2, 29, 29, 36, 14, 28, 38, 39, 1, 14, 21, 30, 39, 1
26, 24, 37, 39, 5, 20, 9, 11, 22, 36, 20, 5, 31, 2, 3, 18, 11, 31, 38
33, 18, 12, 37, 9, 33, 31, 38, 14, 9, 1, 29, 39, 7, 36, 7, 6, 39, 35, 3, 19, 21
30, 35, 12, 35, 2, 7, 18, 31, 13, 19, 10, 10, 11, 23, 35, 4, 26, 2, 6, 21
34, 23, 9, 19, 36, 39, 9, 29, 4, 5, 36, 18, 8, 31, 17, 13, 33, 16, 0, 29
33, 18, 12, 37, 9, 33, 31, 38, 14, 9, 1, 29, 39, 7, 36, 7, 6, 39, 35, 3, 19, 21
11, 4, 28, 4, 34, 31, 30, 7, 12, 10, 39, 0, 5, 21, 24, 18, 30, 31, 4, 25, 11
18, 15, 37, 26, 37, 23, 3, 14, 32, 1, 25, 14, 28, 31, 13, 16, 10, 4, 1
37, 15, 35, 23, 12, 27, 36, 39, 1, 24, 2, 6, 28, 4, 24, 3, 38, 17, 5, 33
26, 28, 22, 31, 1, 18, 13, 37, 19, 15, 26, 39, 1, 34, 21, 7, 35, 25
31, 15, 16, 9, 34, 32, 25, 16, 21, 3, 22, 2, 4, 39, 15, 25, 15, 36, 6, 28, 11, 16, 20
18, 15, 37, 26, 37, 23, 3, 14, 32, 1, 25, 14, 28, 31, 13, 16, 10, 4, 1
36, 13, 5, 10, 20, 13, 33, 13, 16, 16, 5, 16, 31, 27, 34, 3, 37, 35, 34
36, 32, 26, 26, 16, 38, 24, 1, 16, 35, 2, 12, 38, 12, 22, 19, 19, 20, 29, 1, 36, 27
18, 15, 37, 26, 37, 23, 3, 14, 32, 1, 25, 14, 28, 31, 13, 16, 10, 4, 1
26, 14, 15, 31, 31, 22, 5, 12, 31, 37, 12, 23, 28, 7, 5, 35, 9
19, 10, 27, 6, 2, 29, 29, 36, 14, 28, 38, 39, 1, 14, 21, 30, 39, 1
33, 37, 28, 24, 35, 28, 23, 18, 2, 16, 18, 6, 10, 28, 33, 24, 4, 28, 11, 18
36, 13, 5, 10, 20, 13, 33, 13, 16, 16, 5, 16, 31, 27, 34, 3, 37, 35, 34
18, 15, 37, 26, 37, 23, 3, 14, 32, 1, 25, 14, 28, 31, 13, 16, 10, 4, 1
5, 9, 24, 1, 38, 12, 6, 15, 4, 7, 3, 0, 3, 0, 30, 32
31, 15, 16, 9, 34, 32, 25, 16, 21, 3, 22, 2, 4, 39, 15, 25, 15, 36, 6, 28, 11, 16, 20
37, 15, 35, 23, 12, 27, 36, 39, 1, 24, 2, 6, 28, 4, 24, 3, 38, 17, 5, 33
19, 10, 27, 6, 2, 29, 29, 36, 14, 28, 38, 39, 1, 14, 21, 30, 39, 1
36, 13, 5, 10, 20, 13, 33, 13, 16, 16, 5, 16, 31, 27, 34, 3, 37, 35, 34
34, 23, 9, 19, 36, 39, 9, 29, 4, 5, 36, 18, 8, 31, 17, 13, 33, 16, 0, 29
34, 23, 19, 9, 36, 39, 9, 29, 4, 5, 36, 18, 8, 31, 17, 13, 33, 16, 0, 29
5, 9, 24, 1, 38, 12, 6, 15, 4, 7, 3, 0, 3, 0, 30, 32
18, 15, 37, 26, 37, 23, 3, 14, 32, 1, 25, 14, 28, 31, 13, 16, 10, 4, 1
23, 11, 27, 36, 34, 19, 22, 23, 38, 6, 0, 1, 21, 7, 15, 37, 15, 0
35, 28, 5, 38, 38, 25, 15, 11, 23, 27, 32, 30, 35, 2, 25, 31, 1, 30, 14, 28, 26
35, 28, 5, 38, 38, 25, 15, 11, 23, 27, 32, 30, 35, 2, 25, 31, 1, 30, 14, 28, 26
35, 29, 3, 4, 34, 29, 20, 6, 3, 37, 36, 28, 30, 24, 38, 23, 1, 34, 13, 17
26, 24, 37, 39, 5, 20, 9, 11, 22, 36, 20, 5, 31, 2, 3, 18, 11, 31, 38
31, 15, 16, 9, 34, 32, 25, 16, 21, 3, 22, 2, 4, 39, 15, 25, 15, 36, 6, 28, 11, 16, 20
19, 10, 27, 6, 2, 29, 29, 36, 14, 28, 38, 39, 1, 14, 21, 30, 39, 1
18, 15, 37, 26, 37, 23, 3, 14, 32, 1, 25, 14, 28, 31, 13, 16, 10, 4, 1
33, 18, 12, 37, 9, 33, 31, 38, 14, 9, 1, 29, 39, 7, 36, 7, 6, 39, 35, 3, 19, 21
35, 29, 3, 4, 34, 29, 20, 6, 3, 37, 36, 28, 30, 24, 38, 23, 1, 34, 13, 17
11, 4, 28, 4, 34, 31, 30, 7, 12, 10, 39, 0, 5, 21, 24, 18, 30, 31, 4, 25, 11
7, 19, 22, 19, 22, 5, 15, 25, 22, 21, 6, 31, 8, 36, 20, 25, 15, 26, 28
17, 15, 33, 7, 30, 0, 24, 27, 4, 15, 28, 24, 24, 16, 37, 24, 36, 9, 5
26, 28, 22, 31, 1, 18, 13, 37, 19, 15, 26, 39, 1, 34, 21, 7, 35, 25
33, 18, 12, 37, 9, 33, 31, 38, 14, 9, 1, 29, 39, 7, 36, 7, 6, 39, 35, 3, 19, 21
26, 14, 15, 31, 31, 22, 5, 12, 31, 37, 12, 23, 28, 7, 5, 35, 9
37, 15, 35, 23, 12, 27, 36, 39, 1, 24, 2, 6, 28, 4, 24, 3, 38, 17, 5, 33
35, 29, 3, 4, 34, 29, 20, 6, 3, 37, 36, 28, 30, 24, 38, 23, 1, 34, 13, 17
34, 23, 19, 9, 36, 39, 9, 29, 4, 5, 36, 18, 8, 31, 17, 13, 33, 16, 0, 29
26, 28, 22, 31, 1, 18, 13, 37, 19, 15, 26, 39, 1, 34, 21, 7, 35, 25
36, 13, 5, 10, 20, 13, 33, 13, 16, 16, 5, 16, 31, 27, 34, 3, 37, 35, 34
36, 13, 5, 10, 20, 13, 33, 13, 16, 16, 5, 16, 31, 27, 34, 3, 37, 35, 34
23, 11, 27, 36, 34, 19, 22, 23, 38, 6, 0, 1, 21, 7, 15, 37, 15, 0
33, 18, 12, 37, 9, 33, 31, 38, 14, 9, 1, 29, 39, 7, 36, 7, 6, 39, 35, 3, 19, 21
17, 15, 33, 7, 30, 0, 24, 27, 4, 15, 28, 24, 24, 16, 37, 24, 36, 9, 5
26, 28, 22, 31, 1, 18, 13, 37, 19, 15, 26, 39, 1, 34, 21, 7, 35, 25
30, 35, 12, 35, 2, 7, 18, 31, 13, 19, 10, 10, 11, 23, 35, 4, 26, 2, 6, 21
33, 18, 12, 37, 9, 33, 31, 38, 14, 9, 1, 29, 39, 7, 36, 7, 6, 39, 35, 3, 19, 21
26, 28, 22, 31, 1, 18, 13, 37, 19, 15, 26, 39, 1, 34, 21, 7, 35, 25
35, 28, 5, 38, 38, 25, 15, 11, 23, 27, 32, 30, 35, 2, 25, 31, 1, 30, 14, 28, 26
26, 28, 22, 31, 1, 18, 13, 37, 19, 15, 26, 39, 1, 34, 21, 7, 35, 25
18, 15, 37, 26, 37, 23, 3, 14, 32, 1, 25, 14, 28, 31, 13, 16, 10, 4, 1
18, 15, 37, 26, 37, 23, 3, 14, 32, 1, 25, 14, 28, 31, 13, 16, 10, 4, 1
36, 32, 26, 26, 16, 38, 24, 1, 16, 35, 2, 12, 38, 12, 22, 19, 19, 20, 29, 1, 36, 27
