(144, 26), (236, 14), (353, 15), (423, 31), (512, 31), (593, 22), (707, 5), (831, 12), (882, 31), (953, 37), (1021, 12), (1139, 23), (1187, 28), (1287, 7), (1330, 5), (1429, 35), (1521, 9)
(70, 7), (96, 19), (123, 22), (214, 19), (243, 22), (319, 5), (373, 15), (496, 25), (607, 22), (626, 21), (680, 6), (793, 31), (827, 8), (864, 36), (939, 20), (968, 25), (1110, 15), (1202, 26), (1276, 28)
(50, 7), (76, 19), (119, 22), (212, 19), (241, 22), (308, 5), (338, 15), (443, 25), (521, 22), (540, 21), (596, 6), (703, 31), (738, 8), (752, 36), (845, 20), (875, 25), (1014, 15), (1066, 26), (1145, 28)
(76, 19), (126, 10), (195, 27), (273, 6), (350, 2), (387, 29), (487, 29), (621, 36), (712, 14), (821, 28), (916, 38), (949, 39), (1016, 1), (1058, 14), (1142, 21), (1196, 30), (1298, 39), (1329, 1)
(19, 35), (142, 29), (163, 3), (226, 4), (332, 34), (450, 29), (501, 20), (598, 6), (659, 3), (690, 37), (780, 36), (830, 28), (887, 30), (949, 24), (984, 38), (1083, 23), (1210, 1), (1249, 34), (1294, 13), (1324, 17)
(56, 17), (148, 15), (222, 33), (226, 7), (229, 30), (330, 0), (399, 24), (436, 27), (523, 4), (657, 15), (742, 28), (836, 24), (886, 24), (939, 16), (1071, 37), (1137, 24), (1237, 36), (1289, 9), (1378, 5)
(27, 5), (93, 9), (184, 24), (292, 1), (371, 38), (388, 12), (456, 6), (463, 15), (537, 4), (635, 7), (738, 3), (796, 0), (884, 3), (921, 0), (990, 30), (1068, 32)
(70, 33), (144, 18), (191, 12), (284, 37), (291, 9), (432, 33), (520, 31), (610, 38), (711, 14), (827, 9), (903, 1), (965, 29), (1041, 39), (1061, 7), (1164, 36), (1231, 7), (1286, 6), (1295, 39), (1313, 35), (1352, 3), (1444, 19), (1545, 21)
(29, 35), (64, 28), (156, 5), (167, 38), (189, 38), (268, 25), (384, 15), (441, 11), (464, 23), (478, 27), (558, 32), (581, 30), (606, 35), (731, 2), (758, 25), (822, 31), (897, 1), (980, 30), (999, 14), (1063, 28), (1119, 26)
(26, 33), (112, 18), (172, 12), (279, 37), (294, 9), (428, 33), (467, 31), (556, 38), (638, 14), (754, 9), (773, 1), (823, 29), (880, 39), (900, 7), (971, 36), (1057, 7), (1117, 6), (1131, 39), (1166, 35), (1197, 3), (1276, 19), (1373, 21)
(103, 23), (140, 11), (183, 27), (308, 36), (357, 34), (395, 19), (493, 22), (549, 23), (632, 38), (727, 6), (784, 0), (792, 1), (921, 21), (973, 7), (1047, 15), (1126, 37), (1183, 15), (1284, 0)
(130, 34), (228, 23), (303, 19), (324, 9), (347, 36), (446, 39), (529, 9), (645, 29), (767, 4), (875, 5), (889, 36), (937, 18), (1021, 8), (1148, 31), (1179, 17), (1185, 13), (1203, 33), (1281, 16), (1335, 0), (1374, 29)
(93, 5), (153, 9), (258, 24), (307, 1), (357, 38), (373, 12), (441, 6), (492, 15), (561, 4), (685, 7), (853, 3), (912, 0), (1008, 3), (1030, 0), (1098, 30), (1188, 32)
(17, 35), (71, 28), (152, 5), (163, 38), (191, 38), (229, 25), (352, 15), (413, 11), (480, 23), (520, 27), (601, 32), (635, 30), (657, 35), (701, 2), (724, 25), (754, 31), (822, 1), (957, 30), (981, 14), (1041, 28), (1083, 26)
(6, 37), (32, 15), (98, 35), (163, 23), (244, 12), (433, 27), (573, 36), (654, 39), (757, 1), (804, 24), (880, 2), (985, 6), (996, 28), (1103, 4), (1171, 24), (1212, 3), (1281, 38), (1361, 17), (1446, 5), (1519, 33)
(8, 35), (153, 29), (170, 3), (281, 4), (381, 34), (541, 29), (594, 20), (758, 6), (799, 3), (873, 37), (954, 36), (1005, 28), (1029, 30), (1090, 24), (1120, 38), (1221, 23), (1380, 1), (1468, 34), (1506, 13), (1532, 17)
(12, 26), (21, 28), (85, 22), (186, 31), (256, 1), (343, 18), (356, 13), (435, 37), (497, 19), (680, 15), (726, 26), (746, 39), (862, 1), (921, 34), (956, 21), (1019, 7), (1170, 35), (1257, 25)
(146, 11), (179, 4), (232, 28), (309, 4), (343, 34), (459, 31), (513, 30), (622, 7), (650, 12), (693, 10), (730, 39), (806, 0), (880, 5), (912, 21), (1031, 24), (1078, 18), (1187, 30), (1270, 31), (1361, 4), (1386, 25), (1448, 11)
(97, 37), (114, 15), (243, 35), (304, 23), (384, 12), (535, 27), (670, 36), (749, 39), (811, 1), (880, 24), (944, 2), (1080, 6), (1092, 28), (1188, 4), (1257, 24), (1298, 3), (1375, 38), (1502, 17), (1585, 5), (1652, 33)
(135, 33), (238, 18), (302, 12), (393, 37), (408, 9), (506, 33), (602, 31), (708, 38), (797, 14), (922, 9), (964, 1), (986, 29), (1085, 39), (1105, 7), (1215, 36), (1306, 7), (1385, 6), (1424, 39), (1454, 35), (1510, 3), (1601, 19), (1692, 21)
(36, 36), (134, 13), (256, 5), (348, 10), (438, 20), (501, 13), (581, 33), (661, 13), (737, 16), (869, 16), (920, 5), (948, 16), (1029, 31), (1147, 27), (1226, 34), (1315, 3), (1396, 37), (1556, 35), (1642, 34)
(143, 37), (166, 15), (255, 35), (322, 23), (410, 12), (505, 27), (588, 36), (670, 39), (755, 1), (826, 24), (919, 2), (1031, 6), (1042, 28), (1146, 4), (1215, 24), (1259, 3), (1321, 38), (1409, 17), (1473, 5), (1563, 33)
(85, 31), (166, 15), (213, 16), (272, 9), (355, 34), (373, 32), (410, 25), (522, 16), (616, 21), (707, 3), (797, 22), (892, 2), (950, 4), (1031, 39), (1085, 15), (1247, 25), (1322, 15), (1412, 36), (1503, 6), (1609, 28), (1645, 11), (1741, 16), (1764, 20)
(137, 26), (235, 24), (275, 37), (302, 39), (336, 5), (417, 20), (470, 9), (537, 11), (591, 22), (644, 36), (734, 20), (812, 5), (839, 31), (918, 2), (940, 3), (1000, 18), (1028, 11), (1173, 31), (1331, 38)
(149, 18), (228, 15), (372, 37), (419, 26), (532, 37), (545, 23), (615, 3), (716, 14), (804, 32), (954, 1), (1042, 25), (1177, 14), (1240, 28), (1357, 31), (1422, 13), (1533, 16), (1597, 10), (1702, 4), (1731, 1)
(138, 19), (182, 10), (258, 27), (305, 6), (386, 2), (421, 29), (505, 29), (609, 36), (737, 14), (843, 28), (939, 38), (973, 39), (1047, 1), (1096, 14), (1173, 21), (1241, 30), (1404, 39), (1419, 1)
(35, 19), (86, 10), (160, 27), (242, 6), (319, 2), (355, 29), (454, 29), (577, 36), (683, 14), (796, 28), (878, 38), (910, 39), (999, 1), (1045, 14), (1086, 21), (1135, 30), (1280, 39), (1332, 1)
(126, 33), (188, 18), (265, 12), (305, 37), (312, 9), (419, 33), (524, 31), (619, 38), (667, 14), (776, 9), (828, 1), (840, 29), (925, 39), (944, 7), (1052, 36), (1132, 7), (1182, 6), (1191, 39), (1217, 35), (1309, 3), (1403, 19), (1489, 21)
(41, 19), (75, 10), (150, 27), (151, 6), (220, 2), (257, 29), (345, 29), (487, 36), (587, 14), (687, 28), (798, 38), (856, 39), (925, 1), (969, 14), (1069, 21), (1133, 30), (1303, 39), (1364, 1)
(98, 7), (134, 19), (144, 22), (212, 19), (240, 22), (317, 5), (344, 15), (439, 25), (543, 22), (560, 21), (616, 6), (704, 31), (736, 8), (778, 36), (853, 20), (882, 25), (1011, 15), (1116, 26), (1190, 28)
(70, 26), (96, 28), (150, 22), (237, 31), (319, 1), (400, 18), (467, 13), (593, 37), (661, 19), (831, 15), (877, 26), (884, 39), (977, 1), (1055, 34), (1059, 21), (1136, 7), (1246, 35), (1317, 25)
(13, 23), (101, 11), (119, 27), (207, 36), (252, 34), (295, 19), (397, 22), (453, 23), (512, 38), (606, 6), (683, 0), (734, 1), (831, 21), (889, 7), (965, 15), (1049, 37), (1102, 15), (1210, 0)
(30, 35), (153, 29), (181, 3), (293, 4), (394, 34), (555, 29), (622, 20), (790, 6), (846, 3), (903, 37), (964, 36), (1010, 28), (1063, 30), (1124, 24), (1150, 38), (1252, 23), (1384, 1), (1448, 34), (1491, 13), (1523, 17)
(109, 33), (137, 18), (194, 12), (301, 37), (313, 9), (423, 33), (503, 31), (599, 38), (679, 14), (809, 9), (828, 1), (842, 29), (918, 39), (938, 7), (1022, 36), (1110, 7), (1184, 6), (1239, 39), (1261, 35), (1295, 3), (1368, 19), (1457, 21)
(62, 33), (101, 18), (176, 12), (279, 37), (296, 9), (459, 33), (551, 31), (638, 38), (718, 14), (835, 9), (920, 1), (991, 29), (1089, 39), (1109, 7), (1202, 36), (1282, 7), (1344, 6), (1360, 39), (1405, 35), (1507, 3), (1580, 19), (1671, 21)
(47, 30), (69, 35), (80, 12), (99, 35), (179, 2), (223, 7), (269, 18), (289, 31), (379, 13), (498, 19), (579, 10), (621, 10), (739, 11), (761, 23), (844, 35), (925, 4), (1017, 26), (1168, 2), (1184, 6), (1222, 21)
(12, 26), (110, 14), (225, 15), (293, 31), (385, 31), (466, 22), (571, 5), (686, 12), (797, 31), (876, 37), (968, 12), (1041, 23), (1106, 28), (1192, 7), (1231, 5), (1301, 35), (1380, 9)
(88, 26), (118, 28), (157, 22), (246, 31), (326, 1), (399, 18), (453, 13), (599, 37), (666, 19), (802, 15), (848, 26), (876, 39), (991, 1), (1054, 34), (1120, 21), (1180, 7), (1310, 35), (1395, 25)
(75, 18), (157, 15), (272, 37), (306, 26), (385, 37), (397, 23), (467, 3), (588, 14), (681, 32), (797, 1), (905, 25), (1026, 14), (1085, 28), (1212, 31), (1345, 13), (1439, 16), (1521, 10), (1613, 4), (1629, 1)
(55, 37), (111, 15), (165, 35), (268, 23), (354, 12), (501, 27), (630, 36), (712, 39), (816, 1), (867, 24), (938, 2), (1040, 6), (1049, 28), (1146, 4), (1212, 24), (1253, 3), (1318, 38), (1432, 17), (1490, 5), (1561, 33)
(82, 26), (200, 24), (250, 37), (307, 39), (387, 5), (491, 20), (534, 9), (633, 11), (690, 22), (737, 36), (845, 20), (947, 5), (964, 31), (1057, 2), (1085, 3), (1133, 18), (1159, 11), (1290, 31), (1358, 38)
(34, 5), (87, 9), (193, 24), (240, 1), (264, 38), (286, 12), (353, 6), (391, 15), (425, 4), (560, 7), (731, 3), (770, 0), (843, 3), (884, 0), (956, 30), (996, 32)
(37, 35), (103, 28), (173, 5), (183, 38), (201, 38), (245, 25), (321, 15), (365, 11), (390, 23), (404, 27), (481, 32), (519, 30), (541, 35), (626, 2), (645, 25), (704, 31), (764, 1), (852, 30), (862, 14), (932, 28), (963, 26)
(37, 26), (64, 28), (124, 22), (213, 31), (281, 1), (377, 18), (397, 13), (540, 37), (608, 19), (720, 15), (766, 26), (772, 39), (853, 1), (909, 34), (960, 21), (1017, 7), (1118, 35), (1225, 25)
(41, 23), (74, 11), (129, 27), (253, 36), (299, 34), (331, 19), (434, 22), (489, 23), (576, 38), (665, 6), (729, 0), (732, 1), (843, 21), (848, 7), (932, 15), (967, 37), (1068, 15), (1129, 0)
(5, 26), (14, 28), (77, 22), (165, 31), (239, 1), (325, 18), (356, 13), (452, 37), (515, 19), (648, 15), (694, 26), (723, 39), (829, 1), (934, 34), (985, 21), (1039, 7), (1171, 35), (1251, 25)
(52, 35), (200, 29), (225, 3), (306, 4), (404, 34), (530, 29), (600, 20), (736, 6), (804, 3), (890, 37), (958, 36), (1008, 28), (1090, 30), (1146, 24), (1170, 38), (1271, 23), (1415, 1), (1460, 34), (1521, 13), (1553, 17)
(102, 18), (181, 15), (306, 26), (328, 37), (352, 37), (364, 23), (453, 3), (590, 14), (670, 32), (778, 1), (868, 25), (1008, 14), (1055, 28), (1168, 31), (1256, 13), (1335, 16), (1422, 10), (1510, 4), (1522, 1)
(132, 33), (202, 37), (318, 28), (329, 24), (338, 35), (438, 28), (498, 23), (632, 18), (732, 2), (798, 16), (843, 18), (933, 6), (956, 10), (1025, 28), (1077, 33), (1189, 24), (1309, 4), (1375, 28), (1428, 11), (1531, 18)
(71, 5), (133, 9), (255, 24), (300, 1), (338, 38), (359, 12), (422, 6), (513, 15), (572, 4), (696, 7), (810, 3), (859, 0), (925, 3), (963, 0), (1033, 30), (1095, 32)
(13, 33), (65, 18), (121, 12), (208, 37), (217, 9), (350, 33), (460, 31), (546, 38), (631, 14), (720, 9), (776, 1), (810, 29), (891, 39), (912, 7), (1019, 36), (1076, 7), (1128, 6), (1173, 39), (1224, 35), (1298, 3), (1385, 19), (1481, 21)
(106, 19), (171, 10), (248, 27), (305, 6), (400, 2), (436, 29), (544, 29), (680, 36), (812, 14), (925, 28), (1032, 38), (1066, 39), (1134, 1), (1180, 14), (1269, 21), (1339, 30), (1443, 39), (1470, 1)
(92, 11), (133, 4), (166, 28), (266, 4), (302, 34), (438, 31), (486, 30), (565, 7), (588, 12), (599, 10), (645, 39), (718, 0), (826, 5), (936, 21), (1024, 24), (1064, 18), (1172, 30), (1244, 31), (1347, 4), (1426, 25), (1470, 11)
(79, 34), (168, 23), (302, 9), (310, 19), (347, 36), (449, 39), (531, 9), (670, 29), (742, 4), (852, 5), (889, 36), (937, 18), (970, 8), (1028, 31), (1057, 17), (1069, 13), (1077, 33), (1154, 16), (1159, 0), (1201, 29)
(77, 33), (152, 37), (253, 28), (301, 24), (319, 35), (413, 28), (476, 23), (629, 18), (699, 2), (766, 16), (811, 18), (943, 6), (975, 10), (1061, 28), (1169, 33), (1238, 24), (1373, 4), (1448, 28), (1486, 11), (1575, 18)
(148, 26), (175, 28), (240, 22), (308, 31), (383, 1), (459, 18), (509, 13), (628, 37), (692, 19), (867, 15), (913, 26), (995, 39), (1099, 1), (1179, 34), (1229, 21), (1290, 7), (1400, 35), (1506, 25)
(51, 37), (98, 15), (203, 35), (266, 23), (352, 12), (512, 27), (647, 36), (726, 39), (811, 1), (851, 24), (921, 2), (1031, 6), (1038, 28), (1128, 4), (1203, 24), (1248, 3), (1332, 38), (1412, 17), (1492, 5), (1557, 33)
(138, 23), (161, 11), (198, 27), (308, 36), (353, 34), (383, 19), (482, 22), (539, 23), (623, 38), (714, 6), (778, 0), (788, 1), (913, 21), (956, 7), (1029, 15), (1116, 37), (1183, 15), (1272, 0)
(41, 30), (63, 35), (79, 12), (148, 35), (230, 2), (317, 7), (357, 18), (368, 31), (453, 13), (558, 19), (666, 10), (699, 10), (835, 11), (849, 23), (929, 35), (967, 4), (1036, 26), (1189, 2), (1209, 6), (1239, 21)
(14, 19), (83, 10), (155, 27), (159, 6), (255, 2), (291, 29), (381, 29), (486, 36), (592, 14), (703, 28), (816, 38), (897, 39), (989, 1), (1032, 14), (1074, 21), (1146, 30), (1294, 39), (1313, 1)
(148, 37), (190, 15), (299, 35), (363, 23), (453, 12), (566, 27), (696, 36), (779, 39), (827, 1), (917, 24), (1019, 2), (1117, 6), (1133, 28), (1234, 4), (1303, 24), (1344, 3), (1423, 38), (1544, 17), (1605, 5), (1683, 33)
(1, 26), (23, 28), (89, 22), (174, 31), (255, 1), (351, 18), (386, 13), (456, 37), (519, 19), (649, 15), (695, 26), (726, 39), (838, 1), (906, 34), (960, 21), (1038, 7), (1119, 35), (1228, 25)
(121, 23), (193, 11), (223, 27), (303, 36), (351, 34), (391, 19), (495, 22), (551, 23), (631, 38), (724, 6), (786, 0), (827, 1), (966, 21), (989, 7), (1053, 15), (1096, 37), (1177, 15), (1233, 0)
(22, 35), (125, 29), (157, 3), (275, 4), (384, 34), (548, 29), (617, 20), (757, 6), (797, 3), (824, 37), (893, 36), (940, 28), (1000, 30), (1063, 24), (1093, 38), (1193, 23), (1317, 1), (1380, 34), (1453, 13), (1475, 17)
(143, 37), (164, 15), (266, 35), (306, 23), (388, 12), (551, 27), (678, 36), (761, 39), (833, 1), (911, 24), (980, 2), (1132, 6), (1138, 28), (1240, 4), (1310, 24), (1351, 3), (1371, 38), (1465, 17), (1510, 5), (1595, 33)
(92, 19), (133, 10), (204, 27), (284, 6), (373, 2), (410, 29), (501, 29), (621, 36), (726, 14), (838, 28), (939, 38), (1002, 39), (1094, 1), (1143, 14), (1195, 21), (1211, 30), (1347, 39), (1382, 1)
(68, 11), (108, 4), (152, 28), (249, 4), (286, 34), (409, 31), (495, 30), (604, 7), (646, 12), (722, 10), (769, 39), (840, 0), (898, 5), (995, 21), (1147, 24), (1176, 18), (1272, 30), (1388, 31), (1472, 4), (1516, 25), (1563, 11)
(57, 18), (144, 15), (302, 37), (349, 26), (445, 37), (457, 23), (535, 3), (702, 14), (796, 32), (938, 1), (1047, 25), (1214, 14), (1292, 28), (1426, 31), (1532, 13), (1593, 16), (1683, 10), (1753, 4), (1776, 1)
(94, 35), (223, 29), (246, 3), (308, 4), (415, 34), (512, 29), (564, 20), (695, 6), (759, 3), (787, 37), (874, 36), (923, 28), (997, 30), (1052, 24), (1079, 38), (1181, 23), (1305, 1), (1369, 34), (1448, 13), (1482, 17)
(33, 36), (139, 32), (265, 26), (303, 26), (385, 16), (524, 38), (607, 24), (688, 1), (746, 16), (845, 35), (945, 2), (1017, 12), (1110, 38), (1300, 12), (1398, 22), (1446, 19), (1520, 19), (1553, 20), (1638, 29), (1721, 1), (1742, 36), (1781, 27)
(20, 36), (97, 13), (227, 5), (304, 10), (342, 20), (377, 13), (462, 33), (542, 13), (636, 16), (744, 16), (792, 5), (818, 16), (868, 31), (946, 27), (1007, 34), (1098, 3), (1171, 37), (1262, 35), (1415, 34)
(48, 23), (152, 11), (187, 27), (272, 36), (317, 34), (357, 19), (455, 22), (512, 23), (583, 38), (675, 6), (744, 0), (781, 1), (886, 21), (894, 7), (971, 15), (1069, 37), (1161, 15), (1233, 0)
(31, 33), (99, 37), (211, 28), (266, 24), (287, 35), (416, 28), (484, 23), (660, 18), (692, 2), (755, 16), (798, 18), (888, 6), (919, 10), (983, 28), (1107, 33), (1226, 24), (1307, 4), (1314, 28), (1362, 11), (1463, 18)
(28, 7), (58, 19), (90, 22), (158, 19), (187, 22), (261, 5), (298, 15), (383, 25), (490, 22), (507, 21), (561, 6), (666, 31), (698, 8), (728, 36), (822, 20), (850, 25), (968, 15), (1042, 26), (1118, 28)
(26, 31), (102, 15), (143, 16), (194, 9), (291, 34), (310, 32), (387, 25), (479, 16), (567, 21), (668, 3), (723, 22), (809, 2), (900, 4), (933, 39), (976, 15), (1107, 25), (1181, 15), (1246, 36), (1332, 6), (1437, 28), (1485, 11), (1577, 16), (1600, 20)
(50, 33), (116, 37), (223, 28), (230, 24), (237, 35), (311, 28), (357, 23), (515, 18), (606, 2), (674, 16), (766, 18), (901, 6), (927, 10), (983, 28), (1040, 33), (1108, 24), (1242, 4), (1252, 28), (1285, 11), (1391, 18)
(118, 17), (180, 15), (248, 33), (289, 7), (292, 30), (464, 0), (496, 24), (590, 27), (700, 4), (830, 15), (890, 28), (985, 24), (1050, 24), (1127, 16), (1263, 37), (1354, 24), (1453, 36), (1517, 9), (1616, 5)
(55, 35), (91, 28), (192, 5), (202, 38), (222, 38), (302, 25), (412, 15), (456, 11), (488, 23), (546, 27), (622, 32), (660, 30), (681, 35), (788, 2), (803, 25), (879, 31), (988, 1), (1110, 30), (1131, 14), (1219, 28), (1287, 26)
(90, 5), (150, 9), (279, 24), (323, 1), (375, 38), (390, 12), (452, 6), (514, 15), (576, 4), (682, 7), (769, 3), (809, 0), (888, 3), (916, 0), (982, 30), (1048, 32)
(147, 35), (307, 29), (321, 3), (380, 4), (478, 34), (630, 29), (701, 20), (865, 6), (932, 3), (969, 37), (1033, 36), (1080, 28), (1127, 30), (1183, 24), (1216, 38), (1318, 23), (1444, 1), (1508, 34), (1577, 13), (1601, 17)
(113, 7), (145, 19), (179, 22), (246, 19), (274, 22), (334, 5), (378, 15), (451, 25), (531, 22), (551, 21), (605, 6), (715, 31), (752, 8), (803, 36), (893, 20), (920, 25), (1036, 15), (1153, 26), (1231, 28)
(2, 5), (52, 9), (134, 24), (180, 1), (208, 38), (228, 12), (301, 6), (350, 15), (399, 4), (512, 7), (662, 3), (718, 0), (825, 3), (865, 0), (933, 30), (1006, 32)
(75, 11), (104, 4), (150, 28), (227, 4), (262, 34), (360, 31), (462, 30), (555, 7), (578, 12), (663, 10), (682, 39), (756, 0), (858, 5), (948, 21), (1099, 24), (1137, 18), (1250, 30), (1324, 31), (1419, 4), (1441, 25), (1486, 11)
(131, 26), (247, 24), (291, 37), (306, 39), (382, 5), (476, 20), (518, 9), (605, 11), (660, 22), (727, 36), (870, 20), (1004, 5), (1018, 31), (1098, 2), (1127, 3), (1174, 18), (1201, 11), (1379, 31), (1522, 38)
(104, 36), (199, 13), (303, 10), (317, 5), (337, 20), (390, 13), (465, 33), (547, 13), (621, 16), (762, 16), (812, 5), (903, 16), (954, 31), (1029, 27), (1039, 34), (1141, 3), (1211, 37), (1302, 35), (1411, 34)
(127, 34), (214, 23), (306, 19), (339, 9), (356, 36), (438, 39), (521, 9), (624, 29), (699, 4), (805, 5), (845, 36), (885, 18), (960, 8), (1082, 31), (1116, 17), (1129, 13), (1137, 33), (1216, 16), (1225, 0), (1260, 29)
(110, 33), (178, 18), (246, 12), (305, 37), (328, 9), (477, 33), (515, 31), (619, 38), (681, 14), (782, 9), (811, 1), (828, 29), (887, 39), (906, 7), (1017, 36), (1085, 7), (1162, 6), (1220, 39), (1232, 35), (1288, 3), (1381, 19), (1482, 21)
(36, 26), (121, 24), (164, 37), (284, 39), (371, 5), (467, 20), (508, 9), (611, 11), (666, 22), (740, 36), (844, 20), (984, 5), (1009, 31), (1095, 2), (1133, 3), (1212, 18), (1238, 11), (1379, 31), (1518, 38)
(130, 30), (151, 35), (188, 12), (255, 35), (324, 2), (378, 7), (416, 18), (432, 31), (507, 13), (615, 19), (764, 10), (805, 10), (883, 11), (900, 23), (984, 35), (1015, 4), (1067, 26), (1228, 2), (1274, 6), (1306, 21)
(37, 26), (122, 24), (186, 37), (238, 39), (301, 5), (388, 20), (429, 9), (501, 11), (551, 22), (626, 36), (760, 20), (903, 5), (913, 31), (1006, 2), (1043, 3), (1076, 18), (1103, 11), (1243, 31), (1309, 38)
(6, 7), (30, 19), (50, 22), (140, 19), (168, 22), (238, 5), (274, 15), (395, 25), (496, 22), (516, 21), (574, 6), (664, 31), (714, 8), (767, 36), (859, 20), (886, 25), (1015, 15), (1136, 26), (1210, 28)
(13, 7), (48, 19), (62, 22), (155, 19), (183, 22), (250, 5), (289, 15), (376, 25), (458, 22), (477, 21), (535, 6), (652, 31), (691, 8), (723, 36), (811, 20), (838, 25), (934, 15), (1025, 26), (1097, 28)
(53, 18), (159, 15), (261, 37), (305, 26), (392, 37), (406, 23), (477, 3), (595, 14), (685, 32), (809, 1), (905, 25), (1062, 14), (1130, 28), (1283, 31), (1350, 13), (1454, 16), (1550, 10), (1636, 4), (1648, 1)
(99, 36), (192, 13), (294, 5), (301, 10), (344, 20), (376, 13), (444, 33), (529, 13), (601, 16), (706, 16), (749, 5), (844, 16), (904, 31), (994, 27), (1054, 34), (1127, 3), (1198, 37), (1357, 35), (1477, 34)
(1, 33), (50, 18), (112, 12), (219, 37), (240, 9), (347, 33), (383, 31), (485, 38), (552, 14), (679, 9), (760, 1), (784, 29), (857, 39), (876, 7), (947, 36), (1008, 7), (1068, 6), (1091, 39), (1137, 35), (1188, 3), (1302, 19), (1389, 21)
(126, 7), (163, 19), (184, 22), (250, 19), (279, 22), (344, 5), (399, 15), (488, 25), (564, 22), (582, 21), (639, 6), (748, 31), (792, 8), (844, 36), (928, 20), (956, 25), (1063, 15), (1171, 26), (1249, 28)
(85, 19), (114, 10), (188, 27), (190, 6), (278, 2), (313, 29), (413, 29), (539, 36), (624, 14), (734, 28), (834, 38), (908, 39), (1008, 1), (1057, 14), (1109, 21), (1153, 30), (1330, 39), (1365, 1)
(33, 36), (132, 13), (248, 5), (305, 10), (364, 20), (397, 13), (485, 33), (567, 13), (655, 16), (769, 16), (813, 5), (877, 16), (944, 31), (1034, 27), (1116, 34), (1153, 3), (1224, 37), (1341, 35), (1429, 34)
(77, 31), (154, 15), (175, 16), (178, 9), (279, 34), (381, 32), (440, 25), (532, 16), (682, 21), (736, 3), (785, 22), (886, 2), (947, 4), (965, 39), (1023, 15), (1110, 25), (1183, 15), (1250, 36), (1335, 6), (1416, 28), (1438, 11), (1560, 16), (1583, 20)
(7, 33), (111, 18), (187, 12), (273, 37), (291, 9), (457, 33), (561, 31), (642, 38), (661, 14), (759, 9), (832, 1), (913, 29), (1008, 39), (1025, 7), (1105, 36), (1176, 7), (1240, 6), (1289, 39), (1303, 35), (1409, 3), (1516, 19), (1601, 21)
(121, 30), (143, 35), (181, 12), (203, 35), (299, 2), (381, 7), (405, 18), (427, 31), (497, 13), (594, 19), (680, 10), (742, 10), (841, 11), (857, 23), (941, 35), (1019, 4), (1124, 26), (1245, 2), (1274, 6), (1291, 21)
(18, 26), (143, 24), (186, 37), (308, 39), (354, 5), (433, 20), (485, 9), (560, 11), (602, 22), (667, 36), (818, 20), (934, 5), (957, 31), (1041, 2), (1077, 3), (1115, 18), (1140, 11), (1242, 31), (1370, 38)
(27, 23), (66, 11), (120, 27), (241, 36), (288, 34), (326, 19), (427, 22), (483, 23), (546, 38), (640, 6), (716, 0), (746, 1), (876, 21), (897, 7), (943, 15), (1041, 37), (1136, 15), (1218, 0)
(70, 36), (224, 32), (371, 26), (406, 26), (446, 16), (580, 38), (682, 24), (789, 1), (858, 16), (1007, 35), (1098, 2), (1172, 12), (1253, 38), (1378, 12), (1477, 22), (1534, 19), (1623, 19), (1685, 20), (1807, 29), (1894, 1), (1911, 36), (1977, 27)
(140, 33), (193, 18), (249, 12), (340, 37), (355, 9), (542, 33), (637, 31), (733, 38), (808, 14), (902, 9), (955, 1), (1032, 29), (1123, 39), (1142, 7), (1234, 36), (1311, 7), (1375, 6), (1394, 39), (1433, 35), (1458, 3), (1573, 19), (1663, 21)
(63, 30), (85, 35), (103, 12), (173, 35), (249, 2), (331, 7), (396, 18), (407, 31), (492, 13), (621, 19), (761, 10), (800, 10), (923, 11), (945, 23), (1026, 35), (1077, 4), (1122, 26), (1270, 2), (1303, 6), (1384, 21)
(40, 7), (75, 19), (119, 22), (209, 19), (237, 22), (319, 5), (359, 15), (469, 25), (538, 22), (559, 21), (617, 6), (722, 31), (755, 8), (802, 36), (882, 20), (912, 25), (1027, 15), (1105, 26), (1177, 28)
(129, 34), (200, 23), (304, 19), (338, 36), (340, 9), (449, 39), (532, 9), (628, 29), (737, 4), (854, 5), (886, 36), (930, 18), (1035, 8), (1086, 31), (1126, 17), (1136, 13), (1197, 33), (1278, 16), (1351, 0), (1400, 29)
(148, 18), (253, 15), (308, 26), (359, 37), (444, 37), (455, 23), (545, 3), (644, 14), (716, 32), (817, 1), (952, 25), (1094, 14), (1174, 28), (1264, 31), (1332, 13), (1412, 16), (1494, 10), (1576, 4), (1588, 1)
(120, 26), (146, 28), (188, 22), (286, 31), (364, 1), (453, 18), (468, 13), (555, 37), (622, 19), (797, 15), (843, 26), (885, 39), (985, 1), (1107, 34), (1176, 21), (1230, 7), (1376, 35), (1450, 25)
(38, 36), (169, 32), (271, 26), (308, 26), (350, 16), (443, 38), (561, 24), (680, 1), (724, 16), (874, 35), (942, 2), (1015, 12), (1107, 38), (1262, 12), (1362, 22), (1460, 19), (1518, 19), (1585, 20), (1701, 29), (1785, 1), (1803, 36), (1858, 27)
(143, 36), (244, 32), (305, 26), (333, 16), (348, 26), (422, 38), (529, 24), (625, 1), (697, 16), (813, 35), (888, 2), (962, 12), (984, 38), (1162, 12), (1260, 22), (1338, 19), (1433, 19), (1455, 20), (1552, 29), (1637, 1), (1661, 36), (1718, 27)
(76, 31), (173, 15), (195, 16), (200, 9), (296, 34), (389, 32), (451, 25), (560, 16), (646, 21), (720, 3), (762, 22), (841, 2), (875, 4), (962, 39), (1034, 15), (1122, 25), (1198, 15), (1288, 36), (1379, 6), (1455, 28), (1478, 11), (1562, 16), (1585, 20)
(25, 36), (110, 13), (249, 5), (337, 10), (421, 20), (452, 13), (533, 33), (613, 13), (690, 16), (813, 16), (858, 5), (906, 16), (986, 31), (1094, 27), (1136, 34), (1221, 3), (1296, 37), (1384, 35), (1483, 34)
(133, 35), (197, 28), (273, 5), (285, 38), (307, 38), (377, 25), (487, 15), (543, 11), (583, 23), (619, 27), (689, 32), (718, 30), (742, 35), (827, 2), (849, 25), (902, 31), (952, 1), (1060, 30), (1079, 14), (1143, 28), (1219, 26)
(94, 18), (194, 15), (305, 26), (337, 37), (410, 37), (421, 23), (504, 3), (675, 14), (749, 32), (894, 1), (1015, 25), (1159, 14), (1223, 28), (1341, 31), (1455, 13), (1563, 16), (1634, 10), (1697, 4), (1714, 1)
(14, 36), (112, 13), (219, 5), (301, 10), (383, 20), (407, 13), (476, 33), (559, 13), (635, 16), (730, 16), (785, 5), (807, 16), (856, 31), (943, 27), (974, 34), (1076, 3), (1150, 37), (1304, 35), (1423, 34)
(39, 26), (130, 14), (238, 15), (301, 31), (394, 31), (475, 22), (588, 5), (704, 12), (794, 31), (852, 37), (966, 12), (1076, 23), (1115, 28), (1234, 7), (1266, 5), (1347, 35), (1463, 9)
(143, 17), (223, 15), (299, 33), (307, 7), (310, 30), (424, 0), (501, 24), (576, 27), (689, 4), (841, 15), (890, 28), (983, 24), (1037, 24), (1105, 16), (1209, 37), (1315, 24), (1416, 36), (1479, 9), (1579, 5)
(127, 36), (223, 13), (342, 5), (429, 10), (467, 20), (518, 13), (601, 33), (681, 13), (760, 16), (899, 16), (948, 5), (975, 16), (1043, 31), (1163, 27), (1226, 34), (1298, 3), (1380, 37), (1470, 35), (1612, 34)
(104, 33), (210, 18), (281, 12), (373, 37), (380, 9), (550, 33), (592, 31), (672, 38), (697, 14), (809, 9), (875, 1), (920, 29), (1000, 39), (1018, 7), (1118, 36), (1187, 7), (1238, 6), (1253, 39), (1303, 35), (1395, 3), (1510, 19), (1596, 21)
(8, 5), (74, 9), (154, 24), (262, 1), (301, 38), (322, 12), (384, 6), (439, 15), (501, 4), (632, 7), (735, 3), (777, 0), (882, 3), (908, 0), (977, 30), (1009, 32)
(81, 26), (178, 14), (301, 15), (302, 31), (395, 31), (475, 22), (589, 5), (682, 12), (733, 31), (810, 37), (880, 12), (985, 23), (1053, 28), (1152, 7), (1190, 5), (1267, 35), (1318, 9)
(133, 7), (158, 19), (168, 22), (241, 19), (270, 22), (335, 5), (385, 15), (448, 25), (515, 22), (536, 21), (593, 6), (688, 31), (729, 8), (774, 36), (859, 20), (887, 25), (1010, 15), (1124, 26), (1204, 28)
(132, 23), (201, 11), (244, 27), (331, 36), (378, 34), (409, 19), (509, 22), (565, 23), (630, 38), (721, 6), (782, 0), (794, 1), (907, 21), (927, 7), (998, 15), (1092, 37), (1172, 15), (1245, 0)
(89, 19), (142, 10), (219, 27), (298, 6), (372, 2), (408, 29), (497, 29), (604, 36), (715, 14), (807, 28), (884, 38), (919, 39), (1018, 1), (1064, 14), (1122, 21), (1169, 30), (1321, 39), (1352, 1)
(118, 33), (174, 18), (239, 12), (329, 37), (337, 9), (525, 33), (587, 31), (675, 38), (729, 14), (858, 9), (889, 1), (943, 29), (1043, 39), (1059, 7), (1152, 36), (1218, 7), (1277, 6), (1290, 39), (1314, 35), (1370, 3), (1447, 19), (1538, 21)
(44, 33), (137, 18), (191, 12), (300, 37), (316, 9), (413, 33), (478, 31), (582, 38), (666, 14), (751, 9), (837, 1), (913, 29), (972, 39), (993, 7), (1064, 36), (1118, 7), (1175, 6), (1189, 39), (1214, 35), (1251, 3), (1364, 19), (1465, 21)
(143, 17), (218, 15), (291, 33), (308, 7), (311, 30), (410, 0), (482, 24), (527, 27), (662, 4), (765, 15), (842, 28), (940, 24), (1002, 24), (1045, 16), (1139, 37), (1219, 24), (1320, 36), (1385, 9), (1486, 5)
(144, 23), (190, 11), (210, 27), (294, 36), (339, 34), (374, 19), (473, 22), (528, 23), (612, 38), (707, 6), (771, 0), (803, 1), (917, 21), (961, 7), (1044, 15), (1143, 37), (1194, 15), (1249, 0)
(106, 35), (163, 28), (283, 5), (283, 38), (315, 38), (399, 25), (483, 15), (531, 11), (620, 23), (638, 27), (718, 32), (733, 30), (755, 35), (803, 2), (813, 25), (854, 31), (965, 1), (1036, 30), (1038, 14), (1096, 28), (1155, 26)
(115, 30), (137, 35), (150, 12), (218, 35), (314, 2), (368, 7), (409, 18), (431, 31), (504, 13), (610, 19), (736, 10), (792, 10), (871, 11), (894, 23), (982, 35), (1012, 4), (1094, 26), (1233, 2), (1279, 6), (1358, 21)
(100, 18), (205, 15), (305, 26), (314, 37), (353, 37), (364, 23), (444, 3), (577, 14), (651, 32), (749, 1), (846, 25), (954, 14), (987, 28), (1102, 31), (1219, 13), (1321, 16), (1409, 10), (1498, 4), (1516, 1)
(22, 17), (75, 15), (143, 33), (151, 7), (154, 30), (295, 0), (328, 24), (420, 27), (531, 4), (631, 15), (675, 28), (770, 24), (819, 24), (884, 16), (989, 37), (1066, 24), (1166, 36), (1231, 9), (1319, 5)
(101, 33), (150, 18), (223, 12), (314, 37), (327, 9), (424, 33), (524, 31), (607, 38), (640, 14), (729, 9), (773, 1), (811, 29), (907, 39), (926, 7), (1036, 36), (1090, 7), (1166, 6), (1204, 39), (1224, 35), (1327, 3), (1413, 19), (1503, 21)
(138, 30), (160, 35), (171, 12), (194, 35), (270, 2), (298, 7), (335, 18), (354, 31), (438, 13), (547, 19), (695, 10), (744, 10), (861, 11), (878, 23), (960, 35), (1015, 4), (1046, 26), (1181, 2), (1222, 6), (1310, 21)
(141, 11), (174, 4), (224, 28), (306, 4), (341, 34), (451, 31), (497, 30), (602, 7), (628, 12), (685, 10), (787, 39), (871, 0), (927, 5), (962, 21), (1118, 24), (1167, 18), (1274, 30), (1402, 31), (1500, 4), (1518, 25), (1566, 11)
(145, 17), (194, 15), (261, 33), (308, 7), (311, 30), (408, 0), (439, 24), (479, 27), (609, 4), (753, 15), (795, 28), (885, 24), (939, 24), (988, 16), (1110, 37), (1154, 24), (1253, 36), (1315, 9), (1420, 5)
(145, 26), (229, 14), (303, 31), (390, 15), (397, 31), (478, 22), (578, 5), (701, 12), (793, 31), (856, 37), (949, 12), (1066, 23), (1133, 28), (1246, 7), (1273, 5), (1367, 35), (1448, 9)
(11, 31), (125, 15), (160, 16), (164, 9), (266, 34), (339, 32), (367, 25), (459, 16), (564, 21), (650, 3), (746, 22), (880, 2), (911, 4), (988, 39), (1045, 15), (1145, 25), (1219, 15), (1315, 36), (1401, 6), (1509, 28), (1555, 11), (1623, 16), (1646, 20)
(81, 35), (144, 28), (242, 5), (243, 38), (258, 38), (334, 25), (448, 15), (498, 11), (581, 23), (602, 27), (685, 32), (714, 30), (735, 35), (803, 2), (816, 25), (867, 31), (977, 1), (1130, 30), (1151, 14), (1201, 28), (1218, 26)
(140, 35), (206, 28), (279, 5), (281, 38), (301, 38), (353, 25), (475, 15), (531, 11), (574, 23), (625, 27), (696, 32), (719, 30), (743, 35), (847, 2), (877, 25), (921, 31), (1025, 1), (1116, 30), (1125, 14), (1170, 28), (1248, 26)
(92, 18), (199, 15), (274, 37), (323, 26), (393, 37), (406, 23), (492, 3), (631, 14), (725, 32), (822, 1), (914, 25), (1068, 14), (1147, 28), (1294, 31), (1382, 13), (1465, 16), (1553, 10), (1672, 4), (1682, 1)
(65, 26), (158, 24), (226, 37), (308, 39), (356, 5), (450, 20), (501, 9), (611, 11), (644, 22), (755, 36), (845, 20), (976, 5), (998, 31), (1101, 2), (1144, 3), (1163, 18), (1189, 11), (1313, 31), (1405, 38)
(78, 34), (166, 23), (301, 9), (302, 19), (342, 36), (363, 39), (446, 9), (569, 29), (646, 4), (721, 5), (747, 36), (801, 18), (858, 8), (951, 31), (977, 17), (985, 13), (997, 33), (1076, 16), (1103, 0), (1138, 29)
(72, 33), (141, 18), (200, 12), (306, 37), (320, 9), (459, 33), (531, 31), (622, 38), (706, 14), (782, 9), (871, 1), (908, 29), (975, 39), (994, 7), (1098, 36), (1163, 7), (1224, 6), (1279, 39), (1289, 35), (1357, 3), (1441, 19), (1527, 21)
(135, 5), (201, 9), (328, 24), (371, 1), (440, 38), (459, 12), (524, 6), (538, 15), (576, 4), (678, 7), (838, 3), (896, 0), (965, 3), (991, 0), (1062, 30), (1096, 32)
(148, 34), (245, 23), (303, 19), (342, 36), (347, 9), (369, 39), (451, 9), (592, 29), (701, 4), (809, 5), (823, 36), (864, 18), (970, 8), (1069, 31), (1103, 17), (1116, 13), (1138, 33), (1217, 16), (1224, 0), (1262, 29)
(0, 5), (71, 9), (199, 24), (249, 1), (312, 38), (329, 12), (394, 6), (451, 15), (499, 4), (642, 7), (742, 3), (798, 0), (885, 3), (917, 0), (988, 30), (1026, 32)
(32, 36), (159, 32), (307, 26), (314, 26), (345, 16), (463, 38), (554, 24), (624, 1), (697, 16), (794, 35), (887, 2), (959, 12), (1025, 38), (1186, 12), (1283, 22), (1355, 19), (1454, 19), (1496, 20), (1584, 29), (1669, 1), (1690, 36), (1759, 27)
(14, 26), (104, 14), (206, 15), (276, 31), (366, 31), (446, 22), (544, 5), (654, 12), (775, 31), (835, 37), (903, 12), (1023, 23), (1077, 28), (1157, 7), (1193, 5), (1247, 35), (1336, 9)
(83, 30), (104, 35), (144, 12), (165, 35), (256, 2), (280, 7), (366, 18), (389, 31), (468, 13), (582, 19), (669, 10), (701, 10), (785, 11), (805, 23), (888, 35), (968, 4), (1020, 26), (1152, 2), (1190, 6), (1236, 21)
(82, 7), (117, 19), (127, 22), (193, 19), (222, 22), (305, 5), (339, 15), (463, 25), (540, 22), (561, 21), (615, 6), (721, 31), (767, 8), (781, 36), (864, 20), (893, 25), (1010, 15), (1132, 26), (1204, 28)
(115, 18), (199, 15), (304, 26), (310, 37), (382, 37), (395, 23), (464, 3), (621, 14), (714, 32), (842, 1), (922, 25), (1047, 14), (1105, 28), (1249, 31), (1378, 13), (1473, 16), (1580, 10), (1727, 4), (1743, 1)
(49, 33), (134, 37), (218, 28), (276, 24), (290, 35), (405, 28), (455, 23), (553, 18), (616, 2), (684, 16), (772, 18), (862, 6), (905, 10), (976, 28), (1009, 33), (1107, 24), (1203, 4), (1253, 28), (1303, 11), (1428, 18)
(117, 7), (154, 19), (183, 22), (253, 19), (281, 22), (336, 5), (386, 15), (487, 25), (574, 22), (592, 21), (647, 6), (763, 31), (800, 8), (828, 36), (907, 20), (935, 25), (1044, 15), (1132, 26), (1208, 28)
(125, 26), (220, 24), (263, 37), (305, 39), (348, 5), (456, 20), (505, 9), (582, 11), (628, 22), (716, 36), (844, 20), (979, 5), (1013, 31), (1116, 2), (1142, 3), (1178, 18), (1205, 11), (1337, 31), (1435, 38)
(16, 26), (105, 14), (222, 15), (287, 31), (377, 31), (458, 22), (549, 5), (648, 12), (767, 31), (828, 37), (897, 12), (976, 23), (1044, 28), (1138, 7), (1180, 5), (1262, 35), (1315, 9)
(48, 36), (146, 32), (247, 26), (283, 26), (370, 16), (486, 38), (565, 24), (656, 1), (701, 16), (809, 35), (912, 2), (987, 12), (1045, 38), (1216, 12), (1317, 22), (1414, 19), (1524, 19), (1556, 20), (1629, 29), (1713, 1), (1728, 36), (1784, 27)
(101, 23), (133, 11), (156, 27), (276, 36), (322, 34), (364, 19), (465, 22), (521, 23), (586, 38), (680, 6), (737, 0), (769, 1), (890, 21), (915, 7), (959, 15), (1035, 37), (1087, 15), (1157, 0)
(138, 17), (203, 15), (275, 33), (280, 7), (283, 30), (447, 0), (505, 24), (600, 27), (697, 4), (846, 15), (892, 28), (991, 24), (1044, 24), (1108, 16), (1212, 37), (1327, 24), (1428, 36), (1480, 9), (1564, 5)
(108, 11), (150, 4), (201, 28), (278, 4), (311, 34), (446, 31), (524, 30), (616, 7), (648, 12), (660, 10), (757, 39), (834, 0), (905, 5), (1003, 21), (1164, 24), (1202, 18), (1310, 30), (1426, 31), (1515, 4), (1593, 25), (1650, 11)
(128, 34), (217, 23), (349, 9), (357, 19), (408, 36), (512, 39), (595, 9), (682, 29), (755, 4), (836, 5), (852, 36), (902, 18), (942, 8), (1028, 31), (1062, 17), (1069, 13), (1096, 33), (1174, 16), (1255, 0), (1290, 29)
(3, 7), (28, 19), (43, 22), (129, 19), (158, 22), (240, 5), (272, 15), (355, 25), (476, 22), (493, 21), (551, 6), (653, 31), (693, 8), (707, 36), (799, 20), (829, 25), (932, 15), (1012, 26), (1090, 28)
(112, 17), (162, 15), (228, 33), (232, 7), (235, 30), (402, 0), (474, 24), (561, 27), (693, 4), (837, 15), (914, 28), (1008, 24), (1054, 24), (1114, 16), (1225, 37), (1310, 24), (1411, 36), (1463, 9), (1540, 5)
(29, 26), (54, 28), (119, 22), (221, 31), (308, 1), (391, 18), (454, 13), (533, 37), (597, 19), (782, 15), (828, 26), (839, 39), (950, 1), (1050, 34), (1062, 21), (1132, 7), (1255, 35), (1384, 25)
(54, 33), (136, 37), (242, 28), (302, 24), (310, 35), (390, 28), (453, 23), (622, 18), (705, 2), (772, 16), (815, 18), (909, 6), (945, 10), (1008, 28), (1102, 33), (1184, 24), (1324, 4), (1380, 28), (1411, 11), (1536, 18)
(52, 18), (158, 15), (229, 37), (303, 26), (424, 37), (438, 23), (509, 3), (631, 14), (707, 32), (820, 1), (935, 25), (1080, 14), (1150, 28), (1283, 31), (1406, 13), (1501, 16), (1602, 10), (1747, 4), (1766, 1)
(146, 5), (206, 9), (301, 1), (341, 24), (342, 38), (363, 12), (423, 6), (510, 15), (556, 4), (672, 7), (814, 3), (862, 0), (953, 3), (999, 0), (1063, 30), (1128, 32)
(16, 37), (70, 15), (177, 35), (282, 23), (367, 12), (528, 27), (635, 36), (715, 39), (800, 1), (856, 24), (906, 2), (1053, 6), (1062, 28), (1159, 4), (1233, 24), (1279, 3), (1348, 38), (1436, 17), (1515, 5), (1579, 33)
(144, 33), (214, 37), (309, 24), (326, 28), (329, 35), (457, 28), (511, 23), (617, 18), (712, 2), (777, 16), (841, 18), (943, 6), (968, 10), (1047, 28), (1127, 33), (1229, 24), (1333, 4), (1378, 28), (1431, 11), (1564, 18)
(93, 17), (145, 15), (207, 33), (249, 7), (252, 30), (416, 0), (480, 24), (562, 27), (657, 4), (806, 15), (869, 28), (957, 24), (1001, 24), (1080, 16), (1217, 37), (1328, 24), (1429, 36), (1489, 9), (1597, 5)
(14, 26), (99, 14), (256, 15), (321, 31), (413, 31), (494, 22), (597, 5), (716, 12), (838, 31), (924, 37), (1016, 12), (1091, 23), (1137, 28), (1259, 7), (1299, 5), (1385, 35), (1453, 9)
(60, 33), (129, 37), (246, 28), (257, 24), (264, 35), (366, 28), (423, 23), (545, 18), (629, 2), (695, 16), (802, 18), (919, 6), (953, 10), (1037, 28), (1099, 33), (1223, 24), (1342, 4), (1388, 28), (1417, 11), (1539, 18)
(100, 23), (197, 11), (230, 27), (308, 36), (356, 34), (388, 19), (487, 22), (544, 23), (628, 38), (718, 6), (793, 0), (847, 1), (974, 21), (1010, 7), (1051, 15), (1130, 37), (1191, 15), (1277, 0)
(97, 7), (135, 19), (146, 22), (238, 19), (267, 22), (316, 5), (355, 15), (434, 25), (544, 22), (565, 21), (620, 6), (737, 31), (778, 8), (828, 36), (916, 20), (945, 25), (1070, 15), (1130, 26), (1205, 28)
(29, 33), (111, 18), (168, 12), (271, 37), (291, 9), (420, 33), (528, 31), (626, 38), (694, 14), (816, 9), (849, 1), (923, 29), (1001, 39), (1021, 7), (1095, 36), (1178, 7), (1229, 6), (1269, 39), (1279, 35), (1334, 3), (1408, 19), (1497, 21)
(31, 37), (66, 15), (151, 35), (249, 23), (330, 12), (491, 27), (577, 36), (672, 39), (739, 1), (825, 24), (876, 2), (973, 6), (994, 28), (1086, 4), (1158, 24), (1203, 3), (1266, 38), (1346, 17), (1404, 5), (1467, 33)
(38, 26), (127, 14), (232, 15), (305, 31), (396, 31), (477, 22), (581, 5), (688, 12), (806, 31), (899, 37), (1026, 12), (1141, 23), (1179, 28), (1269, 7), (1307, 5), (1389, 35), (1486, 9)
(26, 30), (47, 35), (51, 12), (71, 35), (147, 2), (163, 7), (204, 18), (223, 31), (293, 13), (412, 19), (493, 10), (571, 10), (689, 11), (712, 23), (798, 35), (820, 4), (924, 26), (1067, 2), (1098, 6), (1114, 21)
(0, 18), (101, 15), (173, 37), (304, 26), (420, 37), (431, 23), (506, 3), (671, 14), (776, 32), (879, 1), (973, 25), (1133, 14), (1207, 28), (1349, 31), (1447, 13), (1509, 16), (1580, 10), (1670, 4), (1694, 1)
(14, 36), (99, 13), (221, 5), (301, 10), (408, 20), (430, 13), (511, 33), (599, 13), (669, 16), (798, 16), (842, 5), (889, 16), (972, 31), (1089, 27), (1125, 34), (1218, 3), (1288, 37), (1387, 35), (1477, 34)
(27, 17), (118, 15), (189, 33), (191, 7), (194, 30), (347, 0), (377, 24), (415, 27), (546, 4), (691, 15), (738, 28), (830, 24), (882, 24), (962, 16), (1071, 37), (1141, 24), (1242, 36), (1297, 9), (1373, 5)
(37, 36), (129, 32), (255, 26), (296, 26), (320, 16), (414, 38), (477, 24), (588, 1), (644, 16), (802, 35), (874, 2), (946, 12), (1001, 38), (1100, 12), (1197, 22), (1259, 19), (1327, 19), (1379, 20), (1446, 29), (1530, 1), (1553, 36), (1626, 27)
(101, 36), (192, 13), (286, 5), (377, 10), (481, 20), (525, 13), (600, 33), (684, 13), (765, 16), (876, 16), (923, 5), (997, 16), (1075, 31), (1193, 27), (1269, 34), (1344, 3), (1419, 37), (1551, 35), (1652, 34)
(130, 19), (171, 10), (240, 27), (244, 6), (326, 2), (363, 29), (451, 29), (592, 36), (711, 14), (810, 28), (911, 38), (966, 39), (1064, 1), (1107, 14), (1194, 21), (1210, 30), (1382, 39), (1425, 1)
(15, 35), (112, 29), (148, 3), (205, 4), (309, 34), (467, 29), (537, 20), (672, 6), (743, 3), (778, 37), (855, 36), (906, 28), (955, 30), (1014, 24), (1053, 38), (1151, 23), (1252, 1), (1287, 34), (1332, 13), (1363, 17)
(60, 19), (138, 10), (210, 27), (290, 6), (375, 2), (411, 29), (502, 29), (643, 36), (762, 14), (855, 28), (966, 38), (999, 39), (1101, 1), (1143, 14), (1207, 21), (1243, 30), (1345, 39), (1357, 1)
(118, 19), (181, 10), (255, 27), (305, 6), (398, 2), (436, 29), (522, 29), (621, 36), (718, 14), (829, 28), (922, 38), (982, 39), (1058, 1), (1104, 14), (1145, 21), (1168, 30), (1266, 39), (1290, 1)
(23, 30), (45, 35), (54, 12), (127, 35), (201, 2), (257, 7), (327, 18), (343, 31), (412, 13), (548, 19), (643, 10), (674, 10), (782, 11), (797, 23), (880, 35), (921, 4), (1021, 26), (1137, 2), (1177, 6), (1210, 21)
(67, 26), (95, 28), (156, 22), (258, 31), (339, 1), (419, 18), (493, 13), (596, 37), (659, 19), (772, 15), (818, 26), (828, 39), (904, 1), (1012, 34), (1046, 21), (1105, 7), (1222, 35), (1339, 25)
(58, 31), (165, 15), (186, 16), (242, 9), (325, 34), (415, 32), (463, 25), (567, 16), (732, 21), (816, 3), (876, 22), (983, 2), (1017, 4), (1077, 39), (1148, 15), (1216, 25), (1290, 15), (1382, 36), (1472, 6), (1582, 28), (1631, 11), (1723, 16), (1746, 20)
(49, 36), (142, 13), (237, 5), (324, 10), (411, 20), (443, 13), (523, 33), (605, 13), (689, 16), (800, 16), (856, 5), (924, 16), (985, 31), (1102, 27), (1151, 34), (1213, 3), (1290, 37), (1423, 35), (1561, 34)
(70, 35), (125, 28), (243, 5), (255, 38), (272, 38), (362, 25), (444, 15), (486, 11), (530, 23), (551, 27), (635, 32), (654, 30), (675, 35), (761, 2), (771, 25), (792, 31), (900, 1), (1047, 30), (1055, 14), (1097, 28), (1152, 26)
(111, 36), (211, 32), (303, 26), (330, 26), (356, 16), (473, 38), (557, 24), (636, 1), (681, 16), (772, 35), (871, 2), (947, 12), (988, 38), (1138, 12), (1235, 22), (1279, 19), (1393, 19), (1427, 20), (1512, 29), (1598, 1), (1622, 36), (1685, 27)
(45, 30), (66, 35), (78, 12), (148, 35), (238, 2), (293, 7), (397, 18), (413, 31), (498, 13), (623, 19), (783, 10), (810, 10), (914, 11), (923, 23), (1006, 35), (1057, 4), (1145, 26), (1306, 2), (1325, 6), (1411, 21)
(34, 35), (142, 29), (156, 3), (214, 4), (313, 34), (476, 29), (541, 20), (708, 6), (778, 3), (853, 37), (956, 36), (1002, 28), (1091, 30), (1151, 24), (1186, 38), (1288, 23), (1407, 1), (1447, 34), (1479, 13), (1504, 17)
(128, 35), (181, 28), (304, 5), (304, 38), (335, 38), (394, 25), (470, 15), (519, 11), (545, 23), (604, 27), (672, 32), (710, 30), (735, 35), (843, 2), (868, 25), (885, 31), (995, 1), (1145, 30), (1151, 14), (1192, 28), (1256, 26)
(35, 36), (125, 13), (243, 5), (336, 10), (363, 20), (416, 13), (505, 33), (593, 13), (688, 16), (791, 16), (843, 5), (918, 16), (980, 31), (1082, 27), (1122, 34), (1155, 3), (1216, 37), (1295, 35), (1431, 34)
(35, 5), (86, 9), (161, 24), (207, 1), (281, 38), (298, 12), (368, 6), (421, 15), (468, 4), (560, 7), (688, 3), (730, 0), (820, 3), (851, 0), (918, 30), (975, 32)
(44, 33), (120, 37), (227, 28), (286, 24), (301, 35), (397, 28), (444, 23), (548, 18), (627, 2), (691, 16), (747, 18), (844, 6), (886, 10), (955, 28), (1027, 33), (1127, 24), (1271, 4), (1336, 28), (1399, 11), (1513, 18)
(57, 35), (107, 28), (180, 5), (192, 38), (213, 38), (263, 25), (333, 15), (393, 11), (476, 23), (534, 27), (616, 32), (634, 30), (655, 35), (716, 2), (733, 25), (815, 31), (891, 1), (1030, 30), (1052, 14), (1122, 28), (1160, 26)
(43, 33), (79, 18), (142, 12), (251, 37), (272, 9), (375, 33), (479, 31), (589, 38), (668, 14), (747, 9), (825, 1), (910, 29), (1011, 39), (1029, 7), (1126, 36), (1180, 7), (1229, 6), (1244, 39), (1265, 35), (1357, 3), (1460, 19), (1549, 21)
(50, 37), (109, 15), (162, 35), (225, 23), (312, 12), (489, 27), (579, 36), (656, 39), (743, 1), (817, 24), (917, 2), (1032, 6), (1045, 28), (1137, 4), (1211, 24), (1257, 3), (1342, 38), (1434, 17), (1490, 5), (1567, 33)
(42, 33), (115, 18), (192, 12), (282, 37), (296, 9), (435, 33), (490, 31), (570, 38), (635, 14), (760, 9), (832, 1), (892, 29), (950, 39), (966, 7), (1049, 36), (1113, 7), (1180, 6), (1218, 39), (1263, 35), (1330, 3), (1403, 19), (1497, 21)
(131, 35), (271, 29), (300, 3), (361, 4), (465, 34), (574, 29), (635, 20), (717, 6), (788, 3), (822, 37), (899, 36), (948, 28), (1058, 30), (1117, 24), (1145, 38), (1244, 23), (1358, 1), (1419, 34), (1449, 13), (1482, 17)
(30, 33), (134, 18), (190, 12), (295, 37), (317, 9), (449, 33), (507, 31), (615, 38), (702, 14), (825, 9), (872, 1), (923, 29), (1012, 39), (1031, 7), (1102, 36), (1184, 7), (1242, 6), (1263, 39), (1302, 35), (1368, 3), (1459, 19), (1555, 21)
(117, 35), (238, 29), (271, 3), (330, 4), (438, 34), (562, 29), (640, 20), (769, 6), (813, 3), (851, 37), (912, 36), (962, 28), (1016, 30), (1078, 24), (1104, 38), (1204, 23), (1336, 1), (1404, 34), (1465, 13), (1493, 17)
(45, 11), (72, 4), (109, 28), (208, 4), (242, 34), (346, 31), (449, 30), (516, 7), (544, 12), (571, 10), (625, 39), (713, 0), (785, 5), (839, 21), (999, 24), (1020, 18), (1117, 30), (1218, 31), (1308, 4), (1350, 25), (1401, 11)
(132, 11), (163, 4), (203, 28), (284, 4), (319, 34), (443, 31), (546, 30), (607, 7), (632, 12), (717, 10), (778, 39), (842, 0), (900, 5), (964, 21), (1071, 24), (1102, 18), (1212, 30), (1280, 31), (1364, 4), (1454, 25), (1517, 11)
(71, 26), (154, 14), (285, 15), (353, 31), (442, 31), (523, 22), (613, 5), (701, 12), (753, 31), (820, 37), (893, 12), (1013, 23), (1085, 28), (1189, 7), (1226, 5), (1285, 35), (1365, 9)
(114, 37), (174, 15), (277, 35), (306, 23), (396, 12), (565, 27), (675, 36), (767, 39), (842, 1), (889, 24), (960, 2), (1086, 6), (1095, 28), (1197, 4), (1269, 24), (1314, 3), (1353, 38), (1462, 17), (1507, 5), (1601, 33)
(25, 34), (114, 23), (227, 9), (289, 19), (330, 36), (383, 39), (465, 9), (592, 29), (715, 4), (828, 5), (856, 36), (906, 18), (994, 8), (1070, 31), (1102, 17), (1112, 13), (1125, 33), (1205, 16), (1255, 0), (1293, 29)
(117, 18), (223, 15), (375, 37), (422, 26), (472, 37), (484, 23), (566, 3), (712, 14), (790, 32), (893, 1), (986, 25), (1119, 14), (1171, 28), (1291, 31), (1407, 13), (1519, 16), (1607, 10), (1751, 4), (1775, 1)
(58, 23), (81, 11), (138, 27), (258, 36), (304, 34), (343, 19), (441, 22), (497, 23), (584, 38), (674, 6), (753, 0), (793, 1), (890, 21), (931, 7), (975, 15), (1031, 37), (1150, 15), (1248, 0)
(115, 37), (175, 15), (279, 35), (303, 23), (395, 12), (503, 27), (614, 36), (701, 39), (802, 1), (863, 24), (912, 2), (1003, 6), (1012, 28), (1117, 4), (1189, 24), (1234, 3), (1302, 38), (1374, 17), (1457, 5), (1547, 33)
(137, 36), (290, 32), (302, 26), (387, 16), (420, 26), (491, 38), (556, 24), (673, 1), (731, 16), (895, 35), (992, 2), (1065, 12), (1159, 38), (1310, 12), (1406, 22), (1462, 19), (1571, 19), (1598, 20), (1665, 29), (1752, 1), (1773, 36), (1845, 27)
(106, 26), (114, 28), (161, 22), (257, 31), (330, 1), (405, 18), (426, 13), (573, 37), (638, 19), (826, 15), (872, 26), (917, 39), (993, 1), (1104, 34), (1109, 21), (1185, 7), (1274, 35), (1365, 25)
(35, 26), (128, 14), (214, 15), (284, 31), (374, 31), (455, 22), (568, 5), (665, 12), (752, 31), (825, 37), (949, 12), (1044, 23), (1119, 28), (1208, 7), (1239, 5), (1337, 35), (1399, 9)
(36, 31), (111, 15), (132, 16), (183, 9), (274, 34), (286, 32), (365, 25), (468, 16), (556, 21), (617, 3), (678, 22), (747, 2), (823, 4), (894, 39), (970, 15), (1049, 25), (1125, 15), (1197, 36), (1289, 6), (1353, 28), (1394, 11), (1470, 16), (1494, 20)
(73, 19), (115, 10), (191, 27), (193, 6), (276, 2), (314, 29), (413, 29), (510, 36), (623, 14), (728, 28), (839, 38), (907, 39), (1012, 1), (1063, 14), (1127, 21), (1173, 30), (1342, 39), (1400, 1)
(18, 37), (83, 15), (150, 35), (254, 23), (346, 12), (516, 27), (612, 36), (696, 39), (751, 1), (833, 24), (932, 2), (1086, 6), (1105, 28), (1213, 4), (1280, 24), (1321, 3), (1350, 38), (1475, 17), (1563, 5), (1649, 33)
(3, 26), (129, 24), (186, 37), (240, 39), (310, 5), (414, 20), (457, 9), (569, 11), (612, 22), (657, 36), (769, 20), (903, 5), (928, 31), (1038, 2), (1087, 3), (1120, 18), (1146, 11), (1289, 31), (1413, 38)
(24, 7), (57, 19), (69, 22), (143, 19), (172, 22), (224, 5), (273, 15), (334, 25), (435, 22), (456, 21), (513, 6), (636, 31), (674, 8), (692, 36), (774, 20), (801, 25), (903, 15), (1009, 26), (1080, 28)
(34, 36), (118, 13), (221, 5), (303, 10), (386, 20), (432, 13), (514, 33), (599, 13), (683, 16), (810, 16), (861, 5), (928, 16), (976, 31), (1061, 27), (1121, 34), (1210, 3), (1269, 37), (1355, 35), (1437, 34)
(42, 17), (136, 15), (199, 33), (242, 7), (245, 30), (340, 0), (424, 24), (465, 27), (599, 4), (720, 15), (800, 28), (896, 24), (954, 24), (1035, 16), (1173, 37), (1231, 24), (1331, 36), (1383, 9), (1479, 5)
(71, 26), (152, 14), (289, 15), (305, 31), (397, 31), (477, 22), (580, 5), (689, 12), (762, 31), (860, 37), (993, 12), (1109, 23), (1181, 28), (1262, 7), (1290, 5), (1367, 35), (1435, 9)
(14, 7), (52, 19), (82, 22), (169, 19), (198, 22), (285, 5), (340, 15), (449, 25), (547, 22), (568, 21), (624, 6), (701, 31), (754, 8), (768, 36), (864, 20), (893, 25), (1015, 15), (1118, 26), (1189, 28)
(62, 37), (117, 15), (175, 35), (239, 23), (324, 12), (491, 27), (611, 36), (701, 39), (800, 1), (876, 24), (942, 2), (1073, 6), (1086, 28), (1194, 4), (1262, 24), (1304, 3), (1333, 38), (1390, 17), (1442, 5), (1536, 33)
(131, 35), (202, 28), (282, 5), (283, 38), (312, 38), (398, 25), (520, 15), (577, 11), (602, 23), (631, 27), (705, 32), (732, 30), (753, 35), (820, 2), (838, 25), (864, 31), (963, 1), (1061, 30), (1073, 14), (1122, 28), (1198, 26)
(9, 36), (90, 13), (226, 5), (306, 10), (354, 20), (379, 13), (456, 33), (540, 13), (607, 16), (737, 16), (779, 5), (851, 16), (889, 31), (1008, 27), (1067, 34), (1136, 3), (1194, 37), (1322, 35), (1400, 34)
(141, 36), (260, 32), (309, 26), (381, 26), (397, 16), (496, 38), (582, 24), (657, 1), (701, 16), (824, 35), (899, 2), (973, 12), (1023, 38), (1182, 12), (1282, 22), (1350, 19), (1427, 19), (1482, 20), (1593, 29), (1678, 1), (1695, 36), (1747, 27)
(118, 33), (154, 18), (210, 12), (309, 37), (318, 9), (505, 33), (566, 31), (676, 38), (750, 14), (859, 9), (942, 1), (983, 29), (1078, 39), (1095, 7), (1189, 36), (1255, 7), (1330, 6), (1401, 39), (1450, 35), (1539, 3), (1655, 19), (1753, 21)
(122, 35), (255, 29), (265, 3), (306, 4), (412, 34), (517, 29), (584, 20), (696, 6), (741, 3), (816, 37), (921, 36), (970, 28), (1007, 30), (1068, 24), (1096, 38), (1195, 23), (1313, 1), (1350, 34), (1392, 13), (1426, 17)
(84, 18), (175, 15), (261, 37), (310, 26), (422, 37), (434, 23), (508, 3), (657, 14), (749, 32), (840, 1), (916, 25), (1073, 14), (1132, 28), (1285, 31), (1359, 13), (1445, 16), (1539, 10), (1689, 4), (1702, 1)
(7, 35), (176, 29), (202, 3), (303, 4), (409, 34), (502, 29), (573, 20), (691, 6), (732, 3), (790, 37), (887, 36), (934, 28), (958, 30), (1019, 24), (1052, 38), (1151, 23), (1260, 1), (1321, 34), (1386, 13), (1410, 17)
(42, 33), (127, 18), (195, 12), (284, 37), (293, 9), (455, 33), (521, 31), (632, 38), (687, 14), (778, 9), (833, 1), (848, 29), (942, 39), (963, 7), (1049, 36), (1126, 7), (1190, 6), (1254, 39), (1270, 35), (1336, 3), (1416, 19), (1516, 21)
(54, 19), (95, 10), (172, 27), (250, 6), (316, 2), (353, 29), (456, 29), (597, 36), (708, 14), (826, 28), (904, 38), (949, 39), (1023, 1), (1072, 14), (1150, 21), (1205, 30), (1347, 39), (1380, 1)
(113, 26), (207, 24), (267, 37), (315, 39), (405, 5), (484, 20), (498, 9), (560, 11), (612, 22), (687, 36), (827, 20), (933, 5), (956, 31), (1037, 2), (1090, 3), (1093, 18), (1117, 11), (1250, 31), (1371, 38)
(52, 33), (107, 18), (166, 12), (271, 37), (294, 9), (447, 33), (541, 31), (643, 38), (710, 14), (800, 9), (851, 1), (914, 29), (1013, 39), (1034, 7), (1143, 36), (1218, 7), (1286, 6), (1355, 39), (1379, 35), (1453, 3), (1525, 19), (1608, 21)
(87, 30), (108, 35), (117, 12), (136, 35), (224, 2), (281, 7), (306, 18), (328, 31), (405, 13), (507, 19), (650, 10), (704, 10), (843, 11), (861, 23), (947, 35), (1017, 4), (1107, 26), (1248, 2), (1282, 6), (1325, 21)
(43, 34), (136, 23), (266, 9), (302, 19), (340, 36), (403, 39), (485, 9), (623, 29), (721, 4), (830, 5), (858, 36), (910, 18), (967, 8), (1082, 31), (1120, 17), (1134, 13), (1153, 33), (1231, 16), (1311, 0), (1359, 29)
(131, 33), (232, 18), (290, 12), (305, 37), (312, 9), (456, 33), (529, 31), (618, 38), (664, 14), (780, 9), (821, 1), (844, 29), (926, 39), (943, 7), (1034, 36), (1089, 7), (1155, 6), (1179, 39), (1201, 35), (1296, 3), (1409, 19), (1492, 21)
(47, 11), (93, 4), (135, 28), (236, 4), (271, 34), (392, 31), (499, 30), (580, 7), (606, 12), (674, 10), (758, 39), (831, 0), (922, 5), (966, 21), (1106, 24), (1130, 18), (1242, 30), (1347, 31), (1449, 4), (1478, 25), (1527, 11)
(64, 18), (150, 15), (301, 37), (342, 26), (455, 37), (466, 23), (548, 3), (688, 14), (784, 32), (934, 1), (1014, 25), (1130, 14), (1164, 28), (1255, 31), (1320, 13), (1429, 16), (1521, 10), (1584, 4), (1594, 1)
(27, 37), (88, 15), (187, 35), (254, 23), (335, 12), (496, 27), (580, 36), (657, 39), (743, 1), (793, 24), (838, 2), (958, 6), (981, 28), (1070, 4), (1145, 24), (1190, 3), (1247, 38), (1340, 17), (1430, 5), (1502, 33)
(0, 26), (24, 28), (83, 22), (172, 31), (237, 1), (335, 18), (355, 13), (492, 37), (559, 19), (709, 15), (755, 26), (761, 39), (872, 1), (960, 34), (1016, 21), (1084, 7), (1219, 35), (1312, 25)
(92, 31), (202, 15), (249, 16), (250, 9), (343, 34), (443, 32), (526, 25), (627, 16), (778, 21), (870, 3), (934, 22), (994, 2), (1080, 4), (1161, 39), (1237, 15), (1389, 25), (1465, 15), (1560, 36), (1650, 6), (1758, 28), (1778, 11), (1817, 16), (1840, 20)
(131, 18), (236, 15), (374, 37), (415, 26), (532, 37), (543, 23), (629, 3), (789, 14), (867, 32), (959, 1), (1056, 25), (1172, 14), (1240, 28), (1332, 31), (1430, 13), (1510, 16), (1590, 10), (1662, 4), (1684, 1)
(30, 36), (128, 13), (219, 5), (309, 10), (359, 20), (393, 13), (467, 33), (550, 13), (646, 16), (759, 16), (801, 5), (851, 16), (917, 31), (1033, 27), (1061, 34), (1121, 3), (1179, 37), (1313, 35), (1425, 34)
(3, 36), (107, 32), (208, 26), (248, 26), (316, 16), (403, 38), (529, 24), (651, 1), (716, 16), (814, 35), (874, 2), (950, 12), (1045, 38), (1173, 12), (1274, 22), (1339, 19), (1425, 19), (1461, 20), (1543, 29), (1629, 1), (1644, 36), (1720, 27)
(122, 18), (204, 15), (274, 37), (322, 26), (386, 37), (400, 23), (488, 3), (621, 14), (688, 32), (796, 1), (919, 25), (1070, 14), (1129, 28), (1276, 31), (1371, 13), (1463, 16), (1560, 10), (1672, 4), (1692, 1)
(63, 26), (164, 14), (298, 15), (305, 31), (396, 31), (476, 22), (586, 5), (699, 12), (781, 31), (867, 37), (941, 12), (1016, 23), (1061, 28), (1143, 7), (1169, 5), (1266, 35), (1383, 9)
(67, 19), (137, 10), (211, 27), (290, 6), (371, 2), (409, 29), (499, 29), (637, 36), (775, 14), (871, 28), (969, 38), (1032, 39), (1131, 1), (1183, 14), (1264, 21), (1322, 30), (1506, 39), (1551, 1)
(11, 33), (93, 37), (179, 28), (241, 24), (264, 35), (357, 28), (421, 23), (550, 18), (595, 2), (659, 16), (726, 18), (834, 6), (868, 10), (933, 28), (988, 33), (1102, 24), (1194, 4), (1264, 28), (1315, 11), (1432, 18)
(57, 36), (136, 13), (261, 5), (347, 10), (452, 20), (483, 13), (554, 33), (638, 13), (707, 16), (842, 16), (895, 5), (986, 16), (1059, 31), (1136, 27), (1200, 34), (1288, 3), (1344, 37), (1446, 35), (1547, 34)
(55, 18), (152, 15), (286, 37), (330, 26), (400, 37), (411, 23), (494, 3), (627, 14), (716, 32), (847, 1), (941, 25), (1064, 14), (1125, 28), (1198, 31), (1297, 13), (1364, 16), (1472, 10), (1537, 4), (1554, 1)
(123, 5), (170, 9), (300, 24), (305, 1), (368, 38), (384, 12), (454, 6), (466, 15), (535, 4), (661, 7), (779, 3), (825, 0), (897, 3), (920, 0), (986, 30), (1054, 32)
(32, 31), (113, 15), (150, 16), (153, 9), (252, 34), (290, 32), (380, 25), (491, 16), (641, 21), (693, 3), (785, 22), (876, 2), (913, 4), (1004, 39), (1061, 15), (1152, 25), (1226, 15), (1317, 36), (1401, 6), (1473, 28), (1498, 11), (1559, 16), (1582, 20)
(19, 37), (40, 15), (111, 35), (174, 23), (263, 12), (420, 27), (503, 36), (591, 39), (671, 1), (725, 24), (796, 2), (947, 6), (969, 28), (1066, 4), (1137, 24), (1179, 3), (1233, 38), (1317, 17), (1382, 5), (1465, 33)
(44, 19), (96, 10), (173, 27), (253, 6), (355, 2), (392, 29), (487, 29), (587, 36), (695, 14), (817, 28), (907, 38), (949, 39), (1052, 1), (1102, 14), (1186, 21), (1214, 30), (1371, 39), (1423, 1)
(79, 36), (159, 13), (296, 5), (308, 10), (404, 20), (462, 13), (529, 33), (615, 13), (707, 16), (803, 16), (857, 5), (945, 16), (983, 31), (1077, 27), (1120, 34), (1168, 3), (1241, 37), (1386, 35), (1480, 34)
(118, 34), (206, 23), (307, 9), (310, 19), (345, 36), (380, 39), (462, 9), (551, 29), (637, 4), (719, 5), (749, 36), (804, 18), (887, 8), (947, 31), (975, 17), (982, 13), (1004, 33), (1081, 16), (1118, 0), (1158, 29)
(147, 34), (227, 23), (308, 19), (329, 9), (343, 36), (379, 39), (462, 9), (599, 29), (695, 4), (775, 5), (812, 36), (858, 18), (969, 8), (1057, 31), (1097, 17), (1105, 13), (1125, 33), (1204, 16), (1248, 0), (1286, 29)
(91, 5), (155, 9), (260, 24), (305, 1), (355, 38), (375, 12), (449, 6), (460, 15), (497, 4), (597, 7), (769, 3), (810, 0), (880, 3), (927, 0), (991, 30), (1075, 32)
(0, 18), (90, 15), (222, 37), (266, 26), (367, 37), (381, 23), (469, 3), (592, 14), (673, 32), (784, 1), (889, 25), (1025, 14), (1057, 28), (1128, 31), (1215, 13), (1292, 16), (1396, 10), (1466, 4), (1495, 1)
(53, 23), (156, 11), (225, 27), (301, 36), (346, 34), (383, 19), (486, 22), (542, 23), (605, 38), (698, 6), (767, 0), (817, 1), (943, 21), (1002, 7), (1102, 15), (1194, 37), (1241, 15), (1295, 0)
(144, 35), (181, 28), (248, 5), (259, 38), (287, 38), (360, 25), (439, 15), (490, 11), (525, 23), (576, 27), (655, 32), (669, 30), (692, 35), (755, 2), (767, 25), (809, 31), (882, 1), (984, 30), (993, 14), (1065, 28), (1138, 26)
(114, 35), (166, 28), (217, 5), (229, 38), (253, 38), (336, 25), (427, 15), (477, 11), (561, 23), (586, 27), (659, 32), (675, 30), (699, 35), (741, 2), (752, 25), (810, 31), (877, 1), (956, 30), (965, 14), (1042, 28), (1067, 26)
(72, 35), (229, 29), (263, 3), (301, 4), (411, 34), (504, 29), (568, 20), (721, 6), (789, 3), (826, 37), (926, 36), (974, 28), (1033, 30), (1092, 24), (1124, 38), (1225, 23), (1334, 1), (1422, 34), (1465, 13), (1492, 17)
(106, 26), (189, 24), (233, 37), (301, 39), (330, 5), (422, 20), (475, 9), (555, 11), (614, 22), (733, 36), (825, 20), (950, 5), (989, 31), (1097, 2), (1130, 3), (1197, 18), (1224, 11), (1337, 31), (1408, 38)
(74, 31), (155, 15), (203, 16), (257, 9), (350, 34), (372, 32), (401, 25), (512, 16), (621, 21), (680, 3), (733, 22), (830, 2), (886, 4), (978, 39), (1029, 15), (1097, 25), (1173, 15), (1240, 36), (1326, 6), (1405, 28), (1447, 11), (1528, 16), (1551, 20)
(128, 19), (162, 10), (237, 27), (301, 6), (401, 2), (435, 29), (544, 29), (657, 36), (796, 14), (909, 28), (1017, 38), (1094, 39), (1176, 1), (1220, 14), (1290, 21), (1319, 30), (1491, 39), (1515, 1)
(35, 18), (113, 15), (215, 37), (261, 26), (343, 37), (357, 23), (446, 3), (606, 14), (701, 32), (813, 1), (902, 25), (1049, 14), (1084, 28), (1226, 31), (1332, 13), (1400, 16), (1492, 10), (1604, 4), (1624, 1)
(58, 33), (94, 18), (167, 12), (255, 37), (263, 9), (402, 33), (511, 31), (595, 38), (695, 14), (783, 9), (809, 1), (826, 29), (889, 39), (908, 7), (979, 36), (1058, 7), (1106, 6), (1165, 39), (1211, 35), (1319, 3), (1405, 19), (1495, 21)
(28, 35), (188, 29), (209, 3), (305, 4), (405, 34), (547, 29), (607, 20), (756, 6), (798, 3), (875, 37), (989, 36), (1035, 28), (1055, 30), (1113, 24), (1140, 38), (1240, 23), (1343, 1), (1392, 34), (1442, 13), (1465, 17)
(31, 11), (78, 4), (111, 28), (204, 4), (240, 34), (375, 31), (508, 30), (606, 7), (642, 12), (668, 10), (747, 39), (832, 0), (897, 5), (945, 21), (1059, 24), (1103, 18), (1204, 30), (1326, 31), (1428, 4), (1492, 25), (1552, 11)
(14, 7), (39, 19), (72, 22), (142, 19), (170, 22), (249, 5), (304, 15), (417, 25), (510, 22), (527, 21), (583, 6), (685, 31), (720, 8), (773, 36), (869, 20), (899, 25), (1030, 15), (1149, 26), (1220, 28)
(148, 17), (194, 15), (257, 33), (305, 7), (308, 30), (407, 0), (462, 24), (536, 27), (636, 4), (751, 15), (812, 28), (900, 24), (965, 24), (1041, 16), (1170, 37), (1280, 24), (1380, 36), (1429, 9), (1529, 5)
(106, 26), (119, 28), (182, 22), (269, 31), (335, 1), (436, 18), (456, 13), (595, 37), (662, 19), (791, 15), (837, 26), (853, 39), (959, 1), (1037, 34), (1077, 21), (1155, 7), (1277, 35), (1385, 25)
(29, 33), (86, 18), (147, 12), (251, 37), (273, 9), (432, 33), (488, 31), (568, 38), (584, 14), (699, 9), (778, 1), (810, 29), (908, 39), (928, 7), (1028, 36), (1112, 7), (1157, 6), (1214, 39), (1264, 35), (1317, 3), (1423, 19), (1508, 21)
(62, 26), (158, 14), (264, 15), (333, 31), (425, 31), (505, 22), (608, 5), (699, 12), (759, 31), (821, 37), (936, 12), (1020, 23), (1075, 28), (1178, 7), (1207, 5), (1281, 35), (1336, 9)
(50, 37), (70, 15), (113, 35), (214, 23), (297, 12), (415, 27), (550, 36), (632, 39), (729, 1), (808, 24), (881, 2), (996, 6), (1012, 28), (1121, 4), (1195, 24), (1237, 3), (1285, 38), (1413, 17), (1472, 5), (1539, 33)
(89, 35), (229, 29), (243, 3), (304, 4), (409, 34), (496, 29), (550, 20), (712, 6), (759, 3), (785, 37), (896, 36), (946, 28), (1054, 30), (1114, 24), (1142, 38), (1244, 23), (1356, 1), (1397, 34), (1474, 13), (1507, 17)
(112, 34), (186, 23), (309, 19), (317, 9), (347, 36), (379, 39), (462, 9), (605, 29), (698, 4), (794, 5), (825, 36), (865, 18), (930, 8), (981, 31), (1009, 17), (1014, 13), (1041, 33), (1121, 16), (1137, 0), (1172, 29)
(74, 26), (85, 28), (133, 22), (223, 31), (291, 1), (375, 18), (432, 13), (554, 37), (620, 19), (767, 15), (813, 26), (879, 39), (962, 1), (1032, 34), (1060, 21), (1118, 7), (1238, 35), (1341, 25)
(74, 36), (166, 13), (285, 5), (301, 10), (381, 20), (447, 13), (524, 33), (613, 13), (690, 16), (821, 16), (864, 5), (893, 16), (968, 31), (1043, 27), (1125, 34), (1156, 3), (1236, 37), (1318, 35), (1415, 34)
(87, 36), (179, 13), (287, 5), (302, 10), (372, 20), (399, 13), (468, 33), (553, 13), (624, 16), (762, 16), (818, 5), (852, 16), (935, 31), (1019, 27), (1047, 34), (1135, 3), (1194, 37), (1354, 35), (1444, 34)
(112, 23), (138, 11), (199, 27), (309, 36), (356, 34), (398, 19), (499, 22), (554, 23), (629, 38), (718, 6), (797, 0), (812, 1), (933, 21), (956, 7), (1038, 15), (1079, 37), (1194, 15), (1274, 0)
(30, 33), (94, 18), (147, 12), (251, 37), (273, 9), (370, 33), (444, 31), (533, 38), (596, 14), (684, 9), (745, 1), (806, 29), (891, 39), (909, 7), (996, 36), (1056, 7), (1105, 6), (1132, 39), (1181, 35), (1269, 3), (1342, 19), (1424, 21)
(132, 17), (222, 15), (286, 33), (292, 7), (295, 30), (432, 0), (517, 24), (575, 27), (696, 4), (844, 15), (883, 28), (982, 24), (1047, 24), (1104, 16), (1241, 37), (1305, 24), (1405, 36), (1455, 9), (1560, 5)
(40, 26), (48, 28), (117, 22), (208, 31), (286, 1), (380, 18), (439, 13), (510, 37), (575, 19), (715, 15), (761, 26), (788, 39), (905, 1), (991, 34), (1056, 21), (1131, 7), (1225, 35), (1343, 25)
(9, 30), (30, 35), (61, 12), (127, 35), (225, 2), (264, 7), (353, 18), (368, 31), (442, 13), (565, 19), (731, 10), (787, 10), (894, 11), (913, 23), (994, 35), (1061, 4), (1153, 26), (1295, 2), (1350, 6), (1394, 21)
(57, 33), (115, 18), (186, 12), (275, 37), (285, 9), (399, 33), (448, 31), (530, 38), (626, 14), (750, 9), (767, 1), (810, 29), (873, 39), (889, 7), (962, 36), (1028, 7), (1079, 6), (1092, 39), (1129, 35), (1185, 3), (1286, 19), (1373, 21)
(130, 26), (137, 28), (175, 22), (263, 31), (348, 1), (447, 18), (511, 13), (591, 37), (654, 19), (776, 15), (822, 26), (842, 39), (930, 1), (984, 34), (1054, 21), (1102, 7), (1233, 35), (1359, 25)
(68, 35), (111, 28), (226, 5), (236, 38), (267, 38), (353, 25), (452, 15), (503, 11), (561, 23), (600, 27), (674, 32), (699, 30), (722, 35), (823, 2), (831, 25), (896, 31), (968, 1), (1105, 30), (1110, 14), (1190, 28), (1204, 26)
(140, 26), (159, 28), (204, 22), (295, 31), (359, 1), (446, 18), (488, 13), (583, 37), (649, 19), (809, 15), (855, 26), (897, 39), (1005, 1), (1056, 34), (1125, 21), (1194, 7), (1338, 35), (1472, 25)
(133, 18), (213, 15), (295, 37), (302, 26), (392, 37), (403, 23), (487, 3), (635, 14), (726, 32), (874, 1), (1001, 25), (1143, 14), (1199, 28), (1279, 31), (1395, 13), (1479, 16), (1591, 10), (1741, 4), (1759, 1)
(2, 18), (90, 15), (235, 37), (307, 26), (405, 37), (418, 23), (498, 3), (629, 14), (724, 32), (875, 1), (964, 25), (1092, 14), (1130, 28), (1220, 31), (1303, 13), (1414, 16), (1487, 10), (1565, 4), (1587, 1)
(28, 36), (136, 32), (233, 26), (301, 26), (361, 16), (462, 38), (558, 24), (629, 1), (681, 16), (820, 35), (889, 2), (964, 12), (1008, 38), (1169, 12), (1269, 22), (1366, 19), (1453, 19), (1472, 20), (1589, 29), (1674, 1), (1689, 36), (1749, 27)
