23, 31, 30, 23, 10, 28, 4, 5, 34, 31, 33, 38, 25, 21, 16, 12, 21, 34
17, 34, 2, 10, 24, 21, 23, 14, 39, 27, 35, 10, 4, 13, 39, 1, 22, 5, 25, 13
31, 28, 33, 32, 1, 38, 26, 16, 39, 16, 25, 32, 15, 15, 6, 25, 38
27, 24, 9, 11, 21, 6, 26, 3, 7, 2, 21, 15, 11, 23, 31, 27, 17
35, 20, 31, 20, 39, 29, 34, 18, 5, 25, 7, 37, 1, 4, 23, 27, 39, 18
35, 20, 25, 20, 31, 29, 39, 34, 18, 23, 37, 27, 4, 18, 39, 5, 1, 7
26, 0, 20, 28, 31, 18, 6, 37, 7, 23, 30, 5, 5, 5, 29, 10, 31, 39, 6, 19
18, 22, 31, 24, 2, 27, 29, 19, 15, 14, 19, 2, 18, 15, 31, 31, 31, 11, 30, 17, 38, 14, 21
10, 4, 2, 10, 3, 35, 8, 26, 34, 27, 7, 23, 5, 12, 1, 2, 21, 15, 11, 12, 25
1, 32, 18, 25, 7, 38, 24, 38, 24, 2, 15, 17, 18, 36, 22, 27, 26, 0
17, 34, 2, 10, 10, 23, 22, 1, 35, 25, 39, 24, 5, 14, 13, 13, 21, 4, 27, 39
17, 34, 10, 2, 25, 22, 14, 5, 27, 4, 24, 39, 10, 35, 13, 1, 39, 13, 23, 21
38, 16, 27, 32, 12, 8, 19, 23, 39, 25, 18, 15, 23, 35, 9, 9, 13, 33, 5, 19, 4, 18
26, 29, 38, 38, 1, 8, 25, 31, 11, 8, 15, 13, 25, 15, 27, 13, 4, 26, 27, 38, 1
9, 33, 38, 3, 9, 22, 33, 37, 5, 32, 28, 3, 0, 16, 27, 33, 2, 35
24, 38, 30, 23, 24, 27, 1, 4, 31, 38, 2, 25, 35, 4, 39, 33, 5, 7
38, 32, 10, 11, 17, 21, 32, 39, 0, 19, 26, 29, 33, 1, 2, 30, 25, 9, 13, 15, 34
12, 3, 39, 33, 32, 18, 19, 9, 28, 36, 36, 14, 29, 13, 24
1, 32, 18, 38, 25, 24, 7, 24, 38, 36, 18, 26, 27, 17, 0, 15, 2, 22
27, 24, 9, 26, 27, 2, 11, 23, 31, 21, 21, 7, 6, 3, 11, 15, 17
17, 34, 2, 10, 23, 1, 10, 13, 22, 4, 24, 25, 14, 35, 39, 21, 5, 39, 27, 13
38, 16, 27, 12, 23, 4, 5, 13, 9, 35, 8, 19, 18, 32, 25, 15, 9, 33, 19, 23, 18, 39
23, 31, 30, 23, 31, 28, 16, 21, 25, 34, 33, 34, 21, 12, 38, 5, 4, 10
18, 22, 31, 31, 19, 27, 30, 19, 15, 18, 14, 21, 31, 2, 31, 15, 24, 11, 17, 38, 2, 14, 29
10, 4, 2, 10, 34, 21, 3, 1, 26, 12, 15, 5, 25, 12, 35, 8, 27, 23, 7, 2, 11
10, 35, 24, 16, 14, 8, 11, 21, 28, 13, 23, 25, 39, 36, 25, 16, 1, 19, 2
1, 18, 25, 17, 27, 32, 15, 18, 24, 36, 0, 2, 22, 24, 26, 38, 38, 7
39, 20, 8, 31, 4, 29, 16, 18, 10, 33, 28, 6, 18, 6, 36, 22, 28, 9, 9, 35, 32, 25
24, 25, 24, 38, 4, 23, 1, 27, 4, 30, 31, 35, 5, 39, 38, 33, 7, 2
17, 34, 10, 2, 4, 25, 27, 23, 1, 5, 24, 13, 21, 13, 39, 14, 10, 22, 35, 39
24, 23, 27, 31, 1, 33, 24, 35, 39, 4, 30, 4, 38, 25, 5, 38, 7, 2
27, 24, 9, 7, 2, 21, 31, 11, 6, 27, 21, 26, 3, 23, 11, 15, 17
10, 35, 24, 39, 21, 8, 16, 25, 16, 13, 28, 14, 11, 23, 25, 2, 36, 19, 1
10, 35, 8, 24, 28, 16, 16, 21, 23, 25, 25, 2, 11, 1, 14, 13, 39, 36, 19
12, 3, 39, 36, 9, 14, 19, 18, 36, 33, 29, 13, 32, 24, 28
9, 33, 37, 32, 3, 5, 33, 22, 0, 33, 2, 9, 16, 38, 28, 35, 27, 3
38, 16, 27, 9, 8, 23, 5, 12, 15, 25, 23, 32, 9, 13, 18, 4, 19, 18, 33, 39, 35, 19
12, 3, 39, 18, 9, 33, 14, 36, 29, 13, 24, 28, 32, 19, 36
1, 18, 32, 25, 7, 24, 38, 15, 17, 26, 24, 27, 0, 38, 22, 36, 18, 2
10, 35, 24, 21, 14, 28, 11, 19, 25, 39, 16, 13, 1, 23, 8, 16, 25, 36, 2
1, 18, 25, 32, 7, 38, 26, 2, 24, 38, 27, 0, 17, 24, 18, 22, 15, 36
38, 32, 10, 29, 17, 11, 19, 33, 1, 26, 0, 39, 25, 2, 21, 30, 9, 15, 34, 32, 13
26, 0, 7, 6, 10, 6, 31, 18, 20, 5, 28, 5, 19, 30, 23, 31, 5, 37, 29, 39
27, 27, 34, 27, 3, 25, 11, 10, 34, 39, 7, 36, 5, 26, 25, 39, 0, 22, 10
38, 16, 27, 5, 23, 13, 8, 23, 18, 25, 33, 4, 12, 35, 19, 9, 9, 15, 32, 18, 19, 39
30, 39, 26, 38, 31, 23, 3, 26, 7, 25, 3, 27, 3, 24, 23, 4, 0, 38
24, 24, 23, 1, 27, 33, 38, 25, 35, 4, 31, 4, 30, 7, 5, 2, 38, 39
38, 16, 8, 27, 13, 23, 9, 35, 23, 18, 25, 33, 15, 19, 4, 39, 19, 12, 5, 18, 32, 9
9, 33, 9, 35, 3, 2, 16, 5, 37, 28, 32, 22, 0, 27, 3, 38, 33, 33
38, 0, 32, 10, 2, 21, 30, 34, 13, 29, 15, 19, 32, 1, 17, 25, 11, 9, 33, 39, 26
38, 32, 21, 17, 0, 10, 32, 30, 13, 1, 34, 15, 11, 9, 29, 25, 19, 2, 39, 33, 26
27, 27, 34, 11, 39, 10, 10, 34, 25, 27, 26, 3, 39, 22, 5, 36, 25, 7, 0
26, 30, 0, 6, 6, 31, 10, 31, 23, 20, 39, 19, 18, 37, 5, 28, 7, 5, 5, 29
27, 27, 5, 34, 26, 11, 39, 22, 3, 39, 25, 36, 34, 10, 10, 27, 25, 7, 0
18, 22, 31, 27, 31, 2, 19, 31, 14, 2, 24, 30, 15, 29, 15, 19, 11, 14, 17, 38, 21, 18, 31
25, 24, 38, 1, 23, 27, 30, 24, 35, 38, 4, 5, 33, 39, 31, 7, 4, 2
10, 4, 2, 3, 2, 21, 10, 1, 23, 25, 7, 11, 12, 35, 34, 8, 26, 27, 5, 15, 12
17, 34, 2, 10, 1, 23, 4, 13, 24, 21, 25, 13, 39, 27, 10, 14, 22, 39, 35, 5
17, 34, 10, 24, 2, 39, 27, 21, 13, 14, 25, 23, 10, 35, 1, 22, 39, 5, 13, 4
27, 27, 34, 11, 5, 26, 25, 34, 22, 39, 3, 7, 25, 39, 0, 27, 10, 10, 36
17, 34, 13, 5, 27, 10, 39, 35, 2, 13, 39, 21, 4, 23, 1, 14, 24, 10, 25, 22
1, 18, 25, 32, 7, 18, 38, 17, 36, 26, 24, 15, 0, 2, 24, 38, 22, 27
27, 24, 9, 31, 21, 7, 17, 11, 3, 15, 11, 27, 21, 26, 2, 23, 6
24, 1, 23, 27, 24, 2, 4, 38, 39, 30, 38, 25, 31, 4, 35, 33, 5, 7
30, 26, 38, 39, 3, 31, 26, 3, 23, 0, 7, 25, 4, 24, 27, 23, 38, 3
24, 23, 27, 24, 1, 25, 30, 33, 38, 5, 4, 39, 4, 7, 31, 35, 2, 38
24, 23, 27, 1, 24, 35, 30, 38, 33, 4, 31, 25, 39, 4, 38, 5, 7, 2
23, 31, 31, 30, 16, 10, 34, 5, 23, 4, 33, 25, 38, 21, 21, 12, 28, 34
9, 33, 3, 32, 22, 37, 35, 2, 9, 28, 38, 27, 3, 16, 33, 0, 5, 33
26, 38, 15, 1, 38, 8, 8, 25, 29, 25, 15, 31, 11, 38, 13, 4, 1, 13, 27, 26, 27
31, 28, 33, 39, 15, 6, 32, 15, 25, 16, 1, 38, 16, 38, 32, 26, 25
26, 38, 1, 31, 8, 27, 38, 25, 27, 29, 26, 11, 15, 15, 4, 8, 25, 13, 38, 1, 13
18, 27, 19, 22, 31, 15, 19, 31, 30, 2, 18, 38, 24, 31, 29, 31, 15, 21, 17, 11, 14, 2, 14
35, 20, 20, 31, 29, 25, 39, 34, 18, 23, 7, 27, 39, 18, 5, 1, 4, 37
30, 0, 38, 26, 4, 23, 39, 3, 38, 31, 24, 27, 3, 26, 23, 7, 25, 3
12, 18, 3, 33, 36, 39, 14, 9, 36, 19, 32, 24, 29, 28, 13
10, 4, 10, 7, 2, 12, 8, 5, 11, 25, 27, 2, 3, 23, 34, 15, 12, 35, 26, 1, 21
1, 18, 32, 25, 7, 38, 38, 24, 24, 0, 27, 36, 18, 26, 2, 17, 15, 22
26, 0, 39, 5, 20, 6, 19, 29, 5, 6, 10, 31, 18, 31, 28, 23, 30, 37, 7, 5
39, 20, 8, 4, 22, 10, 33, 9, 29, 18, 31, 16, 18, 36, 6, 9, 35, 6, 28, 32, 28, 25
26, 0, 31, 37, 20, 5, 19, 7, 6, 30, 39, 5, 6, 23, 28, 5, 18, 29, 10, 31
12, 36, 29, 13, 33, 18, 14, 24, 9, 3, 28, 39, 32, 36, 19
17, 34, 10, 2, 5, 1, 13, 23, 25, 4, 24, 10, 27, 13, 39, 14, 21, 22, 39, 35
12, 3, 39, 18, 9, 29, 14, 36, 13, 33, 19, 32, 36, 24, 28
1, 18, 25, 32, 38, 7, 38, 15, 24, 24, 36, 17, 18, 22, 27, 26, 0, 2
23, 31, 30, 21, 21, 31, 12, 34, 5, 16, 10, 4, 25, 38, 28, 23, 34, 33
38, 16, 27, 12, 23, 25, 13, 8, 35, 5, 19, 9, 33, 4, 32, 18, 15, 9, 19, 18, 39, 23
24, 1, 23, 27, 24, 35, 25, 4, 4, 31, 38, 30, 33, 39, 5, 38, 2, 7
10, 4, 11, 2, 2, 3, 7, 12, 21, 35, 34, 10, 1, 8, 26, 12, 25, 27, 15, 5, 23
26, 0, 6, 20, 5, 5, 18, 10, 31, 31, 28, 6, 29, 30, 19, 23, 39, 37, 7, 5
12, 3, 18, 39, 14, 33, 36, 28, 24, 9, 32, 29, 13, 19, 36
39, 20, 8, 36, 10, 4, 6, 31, 29, 33, 16, 18, 6, 28, 9, 32, 28, 25, 22, 35, 9, 18
35, 20, 31, 25, 29, 34, 18, 39, 20, 7, 23, 27, 39, 5, 18, 1, 4, 37
31, 28, 33, 1, 32, 26, 25, 25, 39, 16, 32, 38, 6, 15, 16, 15, 38
26, 0, 6, 37, 39, 20, 30, 19, 7, 5, 23, 5, 5, 10, 31, 6, 18, 28, 31, 29
30, 26, 38, 39, 31, 24, 38, 0, 3, 25, 4, 23, 27, 3, 7, 3, 26, 23
38, 16, 27, 8, 25, 13, 4, 5, 18, 33, 9, 19, 35, 32, 15, 9, 19, 18, 39, 23, 23, 12
10, 8, 28, 35, 24, 25, 2, 39, 14, 11, 25, 13, 16, 23, 19, 36, 1, 21, 16
38, 16, 27, 33, 8, 13, 18, 32, 5, 19, 35, 25, 4, 9, 9, 19, 15, 23, 18, 23, 12, 39
12, 3, 39, 36, 14, 18, 29, 9, 32, 13, 33, 24, 19, 28, 36
32, 1, 18, 25, 7, 38, 36, 24, 24, 18, 15, 27, 38, 17, 26, 22, 0, 2
10, 4, 3, 15, 26, 5, 2, 27, 12, 34, 10, 25, 21, 2, 8, 1, 12, 23, 11, 7, 35
10, 35, 25, 39, 24, 28, 8, 1, 2, 14, 16, 25, 21, 19, 13, 16, 23, 11, 36
31, 28, 33, 16, 1, 15, 32, 38, 39, 26, 16, 25, 32, 38, 6, 25, 15
27, 24, 9, 11, 2, 27, 21, 21, 31, 26, 6, 7, 23, 3, 11, 15, 17
17, 34, 10, 2, 21, 39, 4, 10, 27, 23, 13, 35, 22, 24, 14, 39, 13, 25, 1, 5
10, 4, 3, 12, 2, 15, 35, 10, 26, 34, 8, 5, 2, 11, 25, 12, 1, 7, 21, 27, 23
10, 4, 3, 12, 12, 2, 2, 10, 5, 7, 34, 11, 1, 25, 21, 8, 15, 26, 35, 27, 23
26, 38, 1, 31, 26, 27, 11, 8, 38, 25, 29, 15, 8, 25, 15, 4, 13, 38, 1, 13, 27
10, 35, 24, 39, 23, 11, 13, 8, 36, 25, 21, 28, 14, 25, 1, 16, 16, 19, 2
31, 1, 28, 39, 33, 32, 38, 16, 6, 25, 16, 32, 26, 25, 38, 15, 15
10, 4, 34, 10, 26, 2, 8, 3, 15, 35, 5, 11, 12, 27, 23, 7, 2, 1, 21, 12, 25
10, 4, 2, 3, 10, 26, 2, 34, 1, 15, 12, 35, 23, 8, 7, 11, 5, 21, 27, 12, 25
27, 27, 34, 11, 27, 25, 7, 10, 5, 25, 26, 39, 10, 3, 22, 0, 36, 39, 34
27, 27, 34, 11, 39, 25, 0, 27, 39, 10, 5, 34, 7, 26, 36, 10, 22, 25, 3
27, 27, 34, 39, 34, 7, 22, 3, 25, 36, 11, 10, 10, 27, 0, 5, 26, 25, 39
27, 24, 9, 6, 11, 31, 21, 27, 7, 21, 23, 3, 2, 11, 26, 15, 17
29, 26, 20, 31, 9, 39, 39, 6, 8, 24, 6, 34, 10, 10, 23, 9, 1, 31, 38
10, 4, 2, 34, 7, 2, 3, 11, 10, 26, 15, 23, 5, 12, 1, 12, 8, 21, 35, 25, 27
10, 35, 13, 24, 14, 36, 8, 28, 11, 23, 25, 16, 25, 19, 21, 39, 1, 16, 2
17, 34, 10, 2, 21, 13, 35, 39, 23, 24, 25, 10, 22, 5, 39, 27, 14, 1, 13, 4
9, 33, 3, 9, 22, 27, 35, 38, 3, 0, 33, 16, 5, 32, 2, 33, 28, 37
12, 3, 32, 36, 18, 39, 19, 28, 36, 33, 9, 13, 24, 14, 29
1, 18, 25, 7, 24, 32, 38, 24, 38, 36, 18, 15, 17, 22, 27, 26, 0, 2
10, 4, 2, 2, 3, 1, 12, 25, 8, 34, 27, 10, 7, 11, 21, 26, 35, 23, 15, 12, 5
30, 26, 25, 38, 24, 23, 7, 26, 39, 3, 3, 31, 27, 3, 23, 0, 4, 38
27, 11, 2, 24, 9, 27, 26, 21, 21, 23, 3, 7, 31, 11, 6, 15, 17
26, 0, 18, 20, 28, 6, 30, 31, 29, 6, 39, 37, 23, 7, 5, 5, 5, 10, 31, 19
38, 16, 27, 8, 18, 23, 19, 39, 25, 13, 4, 23, 12, 35, 33, 19, 5, 9, 32, 18, 9, 15
29, 20, 26, 31, 39, 39, 10, 1, 9, 6, 24, 6, 10, 8, 23, 34, 38, 9, 31
24, 23, 27, 39, 1, 2, 25, 30, 4, 4, 31, 24, 38, 35, 7, 38, 5, 33
27, 27, 34, 27, 0, 26, 25, 10, 25, 22, 10, 39, 5, 11, 7, 3, 39, 36, 34
1, 18, 25, 38, 32, 38, 18, 24, 2, 7, 24, 27, 17, 36, 15, 26, 22, 0
38, 32, 0, 10, 30, 34, 2, 17, 13, 15, 11, 32, 33, 26, 39, 29, 19, 21, 1, 25, 9
9, 2, 33, 0, 33, 3, 16, 9, 27, 22, 37, 38, 3, 28, 32, 35, 5, 33
30, 26, 38, 39, 7, 31, 3, 24, 25, 3, 23, 27, 26, 0, 3, 23, 4, 38
28, 10, 25, 35, 8, 39, 24, 16, 14, 36, 13, 11, 25, 23, 1, 21, 19, 2, 16
1, 18, 25, 26, 38, 7, 2, 18, 15, 32, 22, 27, 24, 0, 24, 17, 38, 36
27, 27, 34, 0, 11, 5, 26, 39, 22, 34, 3, 39, 36, 25, 10, 10, 27, 25, 7
27, 27, 34, 11, 5, 26, 3, 39, 22, 25, 27, 36, 25, 10, 34, 10, 7, 39, 0
31, 28, 1, 33, 32, 25, 15, 38, 39, 25, 26, 16, 32, 38, 6, 15, 16
18, 19, 22, 27, 31, 31, 15, 30, 19, 14, 18, 15, 21, 2, 31, 24, 11, 31, 17, 38, 2, 14, 29
30, 26, 38, 3, 39, 23, 23, 4, 31, 3, 0, 7, 38, 25, 24, 3, 26, 27
27, 24, 9, 11, 7, 23, 31, 6, 2, 27, 3, 21, 11, 26, 21, 15, 17
26, 0, 6, 31, 20, 19, 5, 6, 10, 18, 28, 31, 30, 23, 5, 7, 37, 5, 29, 39
17, 34, 23, 2, 10, 39, 21, 24, 1, 5, 39, 14, 27, 13, 10, 25, 13, 22, 4, 35
1, 18, 25, 32, 18, 7, 24, 17, 38, 15, 24, 38, 22, 36, 27, 26, 0, 2
38, 16, 27, 13, 23, 15, 9, 8, 19, 5, 25, 18, 4, 12, 39, 18, 23, 33, 35, 19, 32, 9
10, 4, 2, 3, 2, 15, 10, 7, 11, 8, 26, 34, 27, 5, 12, 23, 1, 21, 12, 25, 35
38, 32, 0, 10, 29, 30, 1, 2, 33, 26, 19, 25, 39, 15, 21, 9, 34, 13, 32, 17, 11
38, 16, 25, 8, 27, 4, 12, 9, 33, 23, 5, 19, 35, 13, 32, 15, 18, 9, 23, 18, 39, 19
26, 38, 31, 1, 38, 11, 8, 25, 29, 15, 25, 8, 27, 15, 26, 13, 4, 38, 1, 13, 27
27, 27, 34, 11, 5, 27, 26, 25, 3, 22, 39, 7, 36, 39, 34, 0, 25, 10, 10
10, 11, 4, 2, 26, 3, 5, 7, 34, 35, 25, 12, 15, 2, 1, 10, 8, 21, 27, 12, 23
17, 34, 2, 10, 23, 1, 4, 25, 24, 10, 5, 13, 14, 21, 22, 27, 13, 39, 35, 39
26, 0, 20, 6, 29, 5, 39, 10, 31, 19, 6, 18, 31, 28, 30, 7, 23, 37, 5, 5
9, 33, 9, 22, 38, 3, 5, 37, 33, 0, 32, 27, 16, 3, 28, 33, 2, 35
23, 31, 30, 31, 23, 5, 16, 25, 4, 34, 28, 12, 33, 38, 10, 34, 21, 21
9, 33, 9, 3, 3, 0, 37, 27, 22, 32, 5, 16, 2, 28, 33, 38, 33, 35
27, 27, 11, 34, 22, 26, 27, 5, 0, 3, 39, 34, 25, 25, 39, 7, 10, 36, 10
38, 16, 19, 23, 27, 35, 39, 9, 12, 23, 19, 32, 8, 18, 25, 5, 33, 13, 15, 9, 4, 18
26, 11, 38, 31, 1, 8, 15, 1, 29, 38, 13, 25, 38, 4, 25, 13, 8, 15, 27, 27, 26
35, 1, 20, 20, 31, 37, 5, 39, 4, 25, 29, 34, 18, 7, 39, 27, 23, 18
9, 33, 9, 3, 27, 38, 3, 28, 22, 5, 33, 33, 0, 37, 32, 16, 35, 2
1, 18, 25, 32, 7, 38, 18, 24, 15, 24, 27, 17, 36, 22, 26, 38, 2, 0
39, 31, 4, 20, 16, 8, 6, 9, 29, 36, 33, 6, 18, 10, 35, 28, 18, 9, 32, 28, 25, 22
9, 33, 33, 0, 3, 9, 2, 27, 22, 16, 3, 32, 28, 35, 38, 5, 37, 33
29, 26, 31, 39, 20, 9, 39, 6, 23, 8, 31, 9, 38, 34, 6, 10, 1, 24, 10
31, 1, 32, 28, 33, 39, 38, 6, 16, 15, 16, 32, 15, 38, 26, 25, 25
10, 35, 24, 2, 28, 16, 21, 25, 23, 39, 8, 36, 11, 16, 14, 25, 13, 1, 19
35, 20, 20, 31, 29, 39, 25, 7, 18, 34, 23, 39, 18, 37, 27, 4, 1, 5
38, 13, 16, 8, 4, 25, 27, 5, 23, 9, 18, 18, 23, 19, 39, 33, 12, 35, 19, 9, 32, 15
27, 27, 34, 7, 11, 0, 25, 5, 26, 39, 22, 39, 3, 36, 34, 25, 10, 10, 27
9, 33, 3, 22, 9, 28, 32, 2, 27, 38, 37, 33, 3, 0, 16, 35, 33, 5
26, 0, 31, 20, 19, 10, 6, 5, 6, 18, 5, 5, 28, 31, 29, 30, 39, 37, 23, 7
26, 38, 1, 31, 11, 29, 8, 38, 25, 38, 4, 15, 8, 27, 1, 25, 13, 15, 26, 27, 13
10, 4, 2, 10, 3, 25, 27, 34, 1, 5, 35, 15, 12, 26, 8, 12, 21, 23, 7, 2, 11
26, 0, 20, 29, 39, 5, 5, 6, 7, 5, 19, 31, 10, 6, 18, 30, 23, 28, 31, 37
31, 28, 33, 32, 1, 15, 39, 16, 25, 16, 25, 15, 32, 6, 38, 38, 26
18, 22, 31, 27, 2, 19, 38, 14, 29, 19, 15, 18, 31, 31, 31, 30, 14, 21, 24, 2, 15, 11, 17
27, 24, 9, 11, 6, 21, 27, 2, 7, 26, 21, 17, 15, 23, 3, 31, 11
9, 33, 3, 38, 33, 28, 0, 9, 32, 27, 35, 22, 16, 3, 2, 5, 33, 37
17, 34, 10, 13, 2, 27, 21, 39, 23, 1, 25, 14, 24, 22, 10, 35, 13, 39, 5, 4
26, 0, 6, 20, 5, 18, 30, 28, 7, 6, 31, 10, 23, 31, 5, 37, 19, 5, 29, 39
23, 31, 30, 28, 16, 34, 25, 38, 31, 12, 21, 10, 4, 23, 5, 34, 21, 33
39, 4, 20, 31, 8, 16, 32, 18, 10, 36, 9, 6, 28, 25, 6, 33, 35, 28, 18, 29, 22, 9
23, 4, 31, 16, 38, 21, 34, 34, 23, 30, 31, 25, 21, 10, 12, 33, 28, 5
30, 26, 38, 39, 26, 25, 24, 23, 31, 3, 3, 4, 7, 0, 27, 23, 3, 38
18, 22, 31, 38, 31, 30, 14, 15, 31, 27, 18, 15, 19, 29, 31, 19, 21, 14, 2, 24, 11, 17, 2
18, 27, 22, 31, 30, 15, 2, 31, 19, 29, 2, 24, 17, 31, 31, 14, 21, 19, 14, 38, 15, 11, 18
9, 33, 37, 32, 3, 22, 0, 9, 28, 33, 33, 5, 2, 16, 38, 27, 3, 35
17, 2, 34, 10, 23, 14, 10, 13, 1, 5, 25, 22, 39, 24, 13, 35, 21, 4, 39, 27
29, 26, 31, 20, 38, 23, 8, 24, 31, 39, 34, 10, 39, 9, 9, 6, 10, 1, 6
10, 8, 28, 14, 35, 23, 24, 16, 25, 13, 36, 39, 11, 25, 19, 1, 21, 16, 2
26, 0, 20, 39, 23, 31, 5, 29, 5, 6, 6, 18, 30, 28, 5, 37, 7, 10, 31, 19
18, 22, 31, 31, 31, 19, 29, 31, 38, 2, 30, 18, 19, 27, 14, 11, 15, 17, 14, 21, 24, 2, 15
9, 33, 9, 22, 3, 38, 2, 5, 28, 16, 35, 33, 32, 0, 27, 33, 37, 3
9, 33, 3, 9, 22, 16, 38, 35, 37, 5, 32, 0, 33, 33, 2, 28, 27, 3
27, 24, 11, 9, 2, 21, 27, 3, 21, 15, 11, 31, 26, 17, 7, 23, 6
12, 5, 15, 10, 26, 1, 4, 34, 2, 21, 3, 10, 12, 25, 35, 8, 27, 23, 7, 2, 11
26, 0, 20, 6, 7, 37, 30, 31, 29, 5, 19, 5, 5, 23, 31, 28, 10, 6, 39, 18
39, 20, 8, 4, 9, 31, 28, 28, 32, 16, 18, 22, 6, 9, 35, 25, 36, 10, 18, 6, 29, 33
12, 18, 3, 33, 39, 36, 9, 36, 19, 29, 13, 14, 24, 28, 32
26, 0, 23, 37, 20, 5, 6, 39, 7, 29, 5, 5, 10, 31, 18, 6, 19, 28, 31, 30
9, 33, 9, 3, 3, 22, 38, 33, 28, 0, 16, 27, 5, 2, 33, 37, 32, 35
9, 33, 3, 22, 9, 5, 16, 38, 2, 0, 37, 32, 33, 35, 28, 27, 3, 33
27, 24, 9, 2, 11, 21, 26, 21, 6, 23, 7, 27, 31, 15, 3, 17, 11
38, 16, 27, 25, 13, 8, 19, 9, 32, 9, 39, 4, 23, 15, 23, 19, 5, 18, 12, 18, 35, 33
30, 26, 38, 0, 24, 38, 7, 25, 23, 3, 4, 39, 3, 31, 23, 3, 26, 27
17, 34, 2, 10, 4, 21, 23, 25, 39, 27, 1, 24, 13, 14, 5, 10, 39, 13, 35, 22
24, 23, 1, 27, 24, 38, 25, 30, 31, 35, 4, 4, 33, 39, 38, 5, 2, 7
39, 31, 4, 16, 6, 20, 8, 18, 36, 29, 25, 28, 9, 10, 6, 28, 33, 22, 32, 9, 35, 18
27, 24, 11, 9, 2, 27, 21, 26, 23, 31, 21, 7, 3, 6, 17, 11, 15
26, 38, 1, 15, 11, 25, 38, 31, 1, 38, 8, 25, 8, 15, 13, 27, 29, 26, 13, 27, 4
18, 27, 21, 22, 31, 19, 19, 31, 31, 14, 15, 31, 30, 24, 2, 2, 11, 18, 14, 15, 29, 17, 38
26, 38, 1, 8, 31, 38, 11, 29, 25, 27, 26, 25, 15, 27, 13, 8, 15, 4, 38, 1, 13
26, 38, 1, 29, 25, 27, 15, 31, 38, 15, 11, 25, 13, 8, 38, 1, 8, 4, 13, 27, 26
27, 27, 34, 25, 27, 34, 22, 11, 10, 5, 3, 25, 7, 26, 39, 10, 36, 0, 39
23, 31, 30, 31, 21, 33, 16, 21, 4, 12, 38, 34, 10, 5, 25, 28, 23, 34
23, 31, 30, 28, 23, 31, 4, 25, 16, 34, 38, 21, 21, 33, 12, 34, 10, 5
12, 3, 18, 39, 13, 32, 29, 28, 33, 36, 24, 19, 9, 14, 36
38, 32, 0, 39, 10, 26, 13, 15, 33, 21, 32, 2, 1, 29, 17, 19, 11, 30, 25, 9, 34
12, 3, 33, 18, 39, 14, 9, 19, 36, 29, 13, 36, 24, 28, 32
18, 19, 27, 22, 31, 31, 15, 29, 31, 19, 31, 30, 2, 21, 15, 14, 18, 24, 11, 17, 38, 2, 14
24, 23, 27, 30, 1, 33, 38, 4, 31, 24, 25, 2, 4, 5, 7, 35, 39, 38
24, 1, 23, 38, 27, 24, 25, 4, 30, 31, 38, 4, 33, 35, 39, 5, 7, 2
9, 3, 33, 16, 22, 9, 33, 38, 0, 28, 27, 2, 3, 35, 5, 37, 32, 33
29, 26, 31, 39, 20, 39, 1, 9, 8, 31, 38, 34, 24, 10, 6, 6, 23, 9, 10
23, 31, 28, 25, 30, 23, 31, 5, 16, 38, 4, 34, 21, 12, 33, 34, 21, 10
31, 28, 1, 25, 33, 32, 25, 6, 15, 16, 39, 15, 16, 32, 38, 26, 38
1, 18, 25, 32, 18, 27, 38, 7, 17, 26, 22, 24, 15, 24, 0, 38, 2, 36
18, 22, 27, 31, 18, 24, 14, 29, 31, 21, 11, 31, 19, 17, 31, 30, 2, 38, 15, 15, 19, 2, 14
38, 23, 12, 16, 23, 5, 25, 4, 8, 9, 27, 18, 13, 19, 9, 15, 39, 18, 33, 19, 32, 35
23, 10, 13, 14, 35, 8, 25, 1, 39, 24, 16, 11, 21, 36, 19, 25, 28, 16, 2
12, 3, 39, 32, 18, 19, 29, 13, 33, 28, 36, 9, 24, 14, 36
30, 3, 23, 7, 26, 25, 38, 26, 31, 39, 3, 24, 27, 3, 23, 4, 38, 0
26, 38, 1, 31, 11, 25, 38, 27, 26, 8, 27, 29, 1, 4, 8, 13, 15, 38, 25, 15, 13
10, 35, 24, 28, 14, 2, 16, 16, 8, 21, 19, 13, 25, 1, 11, 39, 23, 25, 36
27, 24, 11, 9, 27, 11, 7, 2, 31, 3, 21, 26, 23, 15, 17, 6, 21
31, 28, 33, 39, 1, 25, 32, 15, 16, 25, 38, 32, 26, 38, 6, 15, 16
29, 26, 31, 20, 38, 31, 39, 34, 39, 9, 9, 6, 10, 8, 24, 1, 6, 23, 10
12, 3, 39, 13, 18, 32, 19, 24, 33, 9, 36, 28, 36, 14, 29
11, 27, 24, 2, 9, 27, 21, 21, 15, 26, 7, 31, 23, 17, 3, 6, 11
26, 0, 20, 29, 6, 39, 5, 10, 31, 19, 18, 6, 28, 31, 30, 23, 37, 7, 5, 5
12, 3, 39, 13, 33, 29, 18, 9, 24, 32, 28, 19, 36, 36, 14
12, 3, 32, 39, 19, 28, 18, 36, 33, 9, 14, 36, 13, 29, 24
12, 3, 39, 33, 18, 9, 14, 36, 29, 13, 19, 28, 32, 24, 36
18, 22, 31, 2, 27, 19, 18, 24, 15, 17, 19, 11, 31, 15, 31, 38, 31, 30, 2, 14, 14, 29, 21
1, 32, 18, 24, 25, 38, 24, 7, 38, 0, 27, 36, 18, 26, 2, 17, 15, 22
26, 0, 20, 6, 39, 37, 7, 5, 5, 5, 29, 10, 31, 6, 19, 18, 23, 28, 30, 31
9, 33, 3, 9, 22, 35, 38, 0, 37, 16, 32, 5, 2, 28, 33, 27, 33, 3
24, 23, 27, 5, 1, 38, 25, 4, 31, 39, 24, 7, 30, 35, 2, 38, 4, 33
23, 31, 5, 10, 30, 28, 31, 25, 4, 16, 23, 21, 34, 33, 38, 21, 12, 34
30, 26, 39, 38, 31, 0, 26, 23, 38, 27, 25, 3, 24, 3, 3, 7, 4, 23
9, 33, 0, 3, 37, 9, 32, 2, 38, 28, 3, 22, 16, 33, 35, 27, 33, 5
31, 28, 1, 32, 33, 38, 39, 32, 6, 15, 16, 16, 15, 25, 38, 25, 26
35, 20, 20, 31, 25, 18, 37, 23, 29, 39, 34, 18, 27, 5, 7, 39, 4, 1
38, 16, 8, 18, 27, 33, 5, 18, 23, 19, 19, 23, 39, 25, 35, 9, 13, 12, 32, 15, 4, 9
30, 26, 38, 39, 24, 3, 31, 23, 3, 26, 3, 4, 7, 25, 23, 0, 38, 27
10, 35, 24, 13, 25, 8, 36, 16, 23, 21, 14, 28, 11, 39, 19, 1, 16, 25, 2
9, 33, 3, 9, 22, 33, 37, 5, 38, 32, 28, 27, 3, 0, 16, 2, 33, 35
39, 20, 8, 29, 6, 35, 33, 31, 4, 18, 10, 32, 28, 9, 16, 28, 36, 25, 18, 6, 22, 9
29, 26, 31, 39, 6, 9, 20, 39, 38, 8, 31, 23, 34, 9, 6, 24, 10, 1, 10
38, 32, 0, 10, 9, 29, 11, 19, 34, 33, 2, 1, 13, 26, 39, 25, 30, 21, 32, 15, 17
10, 4, 2, 2, 12, 8, 23, 25, 26, 10, 35, 34, 27, 11, 7, 3, 15, 5, 12, 1, 21
31, 28, 33, 32, 1, 26, 39, 25, 6, 16, 16, 38, 15, 25, 15, 32, 38
31, 28, 1, 32, 33, 39, 16, 15, 16, 15, 38, 32, 6, 38, 26, 25, 25
31, 28, 33, 16, 38, 1, 32, 26, 32, 25, 39, 38, 6, 15, 15, 16, 25
27, 24, 9, 17, 27, 11, 23, 31, 21, 7, 26, 2, 21, 11, 6, 15, 3
23, 31, 31, 12, 30, 16, 23, 4, 10, 34, 21, 34, 28, 5, 38, 33, 25, 21
30, 26, 3, 23, 38, 31, 39, 26, 7, 3, 25, 24, 3, 38, 0, 27, 4, 23
38, 16, 8, 27, 19, 33, 39, 23, 35, 25, 13, 12, 23, 18, 9, 4, 9, 5, 32, 15, 19, 18
27, 27, 34, 34, 11, 10, 36, 39, 22, 7, 27, 5, 25, 26, 25, 3, 39, 10, 0
27, 27, 11, 34, 5, 26, 25, 34, 22, 10, 10, 27, 3, 39, 25, 7, 0, 36, 39
10, 4, 3, 2, 25, 1, 12, 26, 5, 35, 34, 8, 21, 10, 15, 12, 23, 7, 27, 2, 11
10, 4, 3, 11, 7, 15, 2, 34, 25, 23, 12, 5, 26, 35, 2, 1, 10, 8, 12, 27, 21
32, 31, 28, 1, 16, 39, 16, 32, 33, 38, 6, 38, 25, 15, 15, 25, 26
27, 27, 34, 39, 22, 7, 11, 36, 25, 26, 34, 3, 27, 5, 25, 0, 39, 10, 10
10, 35, 24, 21, 8, 23, 28, 25, 14, 25, 16, 2, 1, 13, 39, 36, 19, 16, 11
35, 20, 31, 25, 39, 20, 39, 27, 18, 29, 5, 34, 4, 1, 18, 37, 7, 23
30, 31, 23, 25, 39, 26, 24, 38, 7, 3, 0, 3, 38, 3, 26, 27, 23, 4
23, 31, 30, 5, 12, 10, 31, 25, 34, 28, 16, 34, 23, 33, 4, 21, 38, 21
31, 32, 1, 28, 39, 33, 6, 16, 38, 15, 38, 25, 15, 26, 32, 16, 25
27, 24, 11, 9, 2, 27, 26, 21, 3, 21, 7, 23, 15, 11, 17, 31, 6
27, 11, 24, 9, 2, 27, 26, 21, 23, 21, 31, 6, 7, 17, 3, 11, 15
27, 27, 34, 11, 22, 5, 10, 39, 10, 3, 34, 27, 26, 25, 36, 25, 7, 39, 0
10, 4, 3, 21, 12, 1, 12, 34, 2, 2, 11, 25, 5, 10, 26, 15, 35, 8, 23, 7, 27
30, 23, 39, 26, 3, 38, 31, 26, 23, 25, 24, 3, 7, 4, 0, 27, 3, 38
1, 38, 7, 18, 25, 32, 24, 38, 24, 0, 18, 2, 17, 36, 15, 22, 27, 26
18, 19, 22, 15, 27, 19, 31, 31, 31, 30, 18, 2, 31, 14, 14, 29, 21, 24, 2, 15, 11, 38, 17
24, 30, 1, 25, 23, 27, 24, 38, 4, 31, 4, 35, 39, 33, 38, 5, 2, 7
23, 31, 30, 4, 28, 34, 12, 21, 31, 38, 23, 21, 16, 34, 33, 10, 5, 25
38, 32, 0, 10, 2, 30, 29, 19, 39, 15, 26, 32, 21, 1, 17, 11, 9, 33, 25, 13, 34
24, 23, 27, 38, 1, 25, 30, 24, 4, 38, 31, 35, 33, 4, 39, 5, 7, 2
29, 26, 31, 20, 39, 9, 23, 39, 38, 6, 31, 34, 9, 8, 6, 10, 1, 24, 10
17, 34, 10, 23, 27, 2, 14, 13, 13, 4, 39, 10, 1, 22, 25, 24, 21, 35, 39, 5
10, 35, 24, 23, 13, 25, 1, 16, 8, 28, 36, 39, 25, 14, 21, 11, 16, 19, 2
17, 34, 10, 39, 2, 14, 21, 27, 5, 13, 10, 39, 35, 13, 22, 23, 4, 1, 25, 24
31, 28, 33, 32, 1, 39, 25, 32, 16, 38, 15, 16, 15, 6, 25, 38, 26
38, 16, 27, 18, 8, 13, 25, 5, 19, 33, 4, 35, 9, 32, 15, 9, 19, 18, 39, 23, 23, 12
31, 28, 33, 38, 25, 25, 1, 32, 26, 16, 32, 39, 38, 6, 15, 16, 15
23, 31, 30, 16, 34, 31, 38, 12, 21, 10, 4, 28, 23, 5, 34, 25, 33, 21
26, 38, 1, 8, 11, 31, 25, 8, 27, 1, 15, 29, 25, 15, 38, 4, 13, 38, 13, 26, 27
10, 35, 8, 24, 28, 16, 21, 25, 11, 19, 14, 39, 23, 25, 1, 13, 2, 36, 16
35, 20, 31, 20, 7, 39, 25, 5, 29, 1, 34, 23, 4, 18, 27, 39, 18, 37
1, 18, 32, 25, 38, 24, 24, 7, 38, 36, 18, 26, 27, 17, 15, 0, 22, 2
39, 20, 4, 8, 25, 35, 18, 9, 29, 31, 32, 28, 9, 22, 6, 18, 10, 33, 16, 36, 6, 28
27, 27, 34, 11, 0, 22, 3, 39, 39, 5, 26, 36, 34, 25, 27, 10, 10, 25, 7
10, 35, 24, 8, 25, 13, 28, 16, 14, 25, 23, 11, 19, 39, 36, 2, 1, 16, 21
12, 3, 39, 29, 36, 18, 13, 32, 19, 33, 24, 28, 9, 14, 36
30, 26, 39, 38, 31, 24, 23, 7, 25, 3, 26, 3, 27, 3, 23, 4, 38, 0
31, 28, 33, 32, 16, 1, 15, 16, 38, 32, 38, 39, 15, 6, 25, 26, 25
38, 16, 27, 8, 25, 13, 4, 5, 19, 33, 23, 9, 18, 35, 12, 32, 23, 18, 15, 19, 39, 9
27, 24, 9, 27, 21, 11, 23, 21, 6, 31, 2, 7, 3, 26, 11, 15, 17
1, 18, 25, 32, 7, 38, 2, 24, 24, 22, 36, 18, 27, 26, 17, 38, 15, 0
24, 33, 35, 4, 23, 1, 27, 24, 38, 4, 25, 31, 5, 7, 38, 30, 2, 39
18, 22, 15, 31, 30, 31, 18, 31, 31, 19, 19, 14, 29, 27, 11, 17, 21, 38, 24, 2, 15, 2, 14
12, 18, 3, 9, 39, 33, 32, 29, 28, 36, 13, 36, 14, 19, 24
38, 32, 0, 10, 39, 19, 30, 9, 21, 25, 2, 26, 29, 15, 1, 32, 34, 13, 17, 11, 33
27, 24, 9, 21, 21, 26, 11, 7, 23, 6, 15, 27, 2, 31, 17, 3, 11
17, 34, 10, 2, 23, 22, 21, 1, 4, 13, 25, 35, 24, 39, 27, 39, 5, 14, 13, 10
30, 39, 26, 38, 24, 3, 31, 7, 25, 23, 3, 4, 23, 0, 26, 38, 27, 3
38, 32, 0, 10, 30, 39, 2, 19, 29, 11, 15, 32, 21, 1, 33, 17, 26, 25, 9, 34, 13
29, 24, 6, 20, 26, 31, 10, 31, 9, 1, 10, 34, 39, 39, 9, 6, 8, 38, 23
26, 0, 6, 29, 19, 18, 6, 30, 37, 20, 39, 23, 7, 28, 5, 5, 31, 10, 31, 5
31, 28, 16, 38, 33, 1, 15, 32, 39, 16, 6, 15, 32, 38, 26, 25, 25
38, 16, 27, 25, 12, 13, 18, 19, 8, 4, 33, 23, 9, 35, 5, 32, 9, 15, 19, 18, 39, 23
12, 3, 18, 39, 36, 13, 33, 14, 9, 29, 36, 24, 28, 19, 32
17, 34, 23, 10, 2, 5, 39, 10, 1, 13, 25, 22, 24, 4, 21, 35, 14, 39, 27, 13
18, 22, 27, 31, 19, 11, 19, 15, 15, 17, 38, 18, 31, 14, 2, 31, 30, 31, 29, 14, 21, 24, 2
31, 28, 33, 32, 32, 39, 15, 16, 1, 38, 26, 38, 6, 25, 15, 16, 25
1, 18, 25, 32, 7, 38, 24, 26, 0, 27, 24, 2, 38, 17, 15, 36, 18, 22
26, 38, 1, 25, 31, 11, 13, 8, 4, 15, 29, 27, 15, 38, 38, 8, 26, 25, 1, 27, 13
38, 32, 0, 10, 32, 39, 2, 29, 15, 30, 19, 21, 17, 26, 1, 11, 33, 25, 9, 13, 34
38, 16, 13, 8, 27, 25, 4, 19, 32, 35, 33, 5, 39, 9, 12, 15, 18, 9, 23, 19, 18, 23
38, 16, 27, 8, 13, 15, 32, 9, 19, 18, 9, 23, 25, 4, 19, 23, 39, 5, 33, 12, 35, 18
38, 32, 0, 10, 2, 13, 39, 9, 17, 21, 11, 34, 32, 30, 19, 29, 33, 26, 1, 15, 25
23, 31, 31, 30, 16, 4, 23, 28, 38, 21, 34, 12, 33, 21, 34, 10, 5, 25
12, 3, 18, 39, 36, 33, 9, 14, 29, 13, 24, 36, 28, 32, 19
12, 3, 39, 32, 9, 28, 19, 18, 36, 33, 14, 13, 29, 36, 24
10, 8, 35, 28, 24, 25, 1, 16, 19, 21, 39, 2, 16, 14, 13, 23, 36, 11, 25
27, 27, 34, 36, 34, 26, 11, 0, 10, 27, 7, 22, 39, 25, 25, 5, 3, 10, 39
26, 38, 25, 1, 38, 11, 8, 31, 29, 4, 15, 1, 13, 38, 8, 15, 25, 13, 26, 27, 27
9, 33, 22, 38, 3, 9, 37, 32, 5, 2, 3, 33, 0, 28, 35, 16, 33, 27
12, 3, 39, 18, 36, 29, 32, 13, 28, 19, 33, 36, 9, 24, 14
39, 20, 8, 4, 31, 18, 18, 10, 32, 36, 16, 6, 29, 28, 25, 6, 9, 28, 33, 22, 9, 35
27, 27, 11, 34, 26, 27, 5, 7, 22, 25, 25, 34, 10, 0, 3, 39, 39, 10, 36
17, 34, 2, 10, 23, 1, 24, 35, 22, 39, 39, 25, 27, 13, 5, 14, 10, 13, 4, 21
9, 33, 9, 3, 3, 27, 33, 22, 0, 38, 16, 2, 5, 35, 33, 37, 32, 28
27, 24, 9, 15, 11, 27, 17, 2, 11, 21, 21, 26, 23, 31, 7, 3, 6
26, 38, 31, 1, 11, 38, 8, 1, 25, 4, 29, 8, 38, 15, 13, 26, 25, 27, 27, 15, 13
39, 20, 8, 4, 31, 16, 6, 36, 6, 10, 18, 33, 29, 9, 28, 25, 32, 28, 22, 9, 35, 18
26, 38, 1, 31, 29, 38, 25, 8, 27, 15, 11, 38, 8, 26, 13, 1, 25, 27, 15, 13, 4
17, 34, 23, 2, 10, 1, 25, 35, 22, 13, 5, 39, 14, 24, 10, 4, 21, 39, 13, 27
27, 27, 34, 10, 27, 39, 10, 25, 7, 34, 25, 11, 3, 5, 0, 26, 36, 39, 22
10, 28, 35, 8, 25, 24, 11, 39, 14, 19, 25, 21, 23, 13, 36, 1, 16, 16, 2
38, 32, 13, 10, 30, 34, 19, 0, 1, 9, 2, 25, 15, 17, 32, 11, 39, 26, 21, 33, 29
23, 31, 30, 10, 25, 16, 5, 28, 31, 4, 21, 23, 12, 34, 38, 34, 33, 21
28, 10, 25, 8, 39, 35, 24, 11, 25, 16, 36, 14, 21, 19, 13, 23, 16, 1, 2
29, 26, 31, 39, 20, 39, 9, 9, 24, 34, 6, 10, 10, 1, 6, 8, 23, 31, 38
30, 39, 26, 38, 3, 31, 23, 0, 38, 7, 25, 4, 24, 3, 27, 26, 3, 23
1, 18, 25, 32, 17, 22, 27, 26, 7, 15, 38, 24, 0, 2, 24, 38, 36, 18
27, 27, 34, 11, 26, 7, 25, 22, 5, 25, 27, 39, 10, 39, 10, 3, 0, 36, 34
30, 39, 26, 38, 3, 23, 27, 31, 26, 3, 7, 23, 25, 24, 3, 0, 4, 38
38, 32, 10, 0, 9, 11, 2, 17, 39, 34, 33, 13, 29, 30, 19, 26, 21, 15, 1, 32, 25
30, 26, 39, 38, 26, 31, 24, 3, 3, 3, 23, 23, 4, 0, 7, 25, 27, 38
38, 16, 27, 5, 13, 19, 4, 35, 33, 32, 9, 8, 18, 25, 39, 12, 15, 23, 23, 9, 18, 19
24, 1, 23, 27, 24, 4, 33, 38, 25, 5, 30, 38, 39, 7, 31, 2, 4, 35
10, 4, 21, 1, 8, 10, 3, 35, 25, 34, 12, 2, 12, 26, 5, 27, 15, 23, 7, 2, 11
27, 27, 11, 34, 26, 7, 27, 39, 25, 22, 5, 0, 36, 3, 34, 39, 25, 10, 10
27, 24, 9, 15, 11, 17, 26, 3, 31, 23, 11, 7, 21, 21, 27, 2, 6
23, 31, 30, 21, 23, 34, 31, 34, 16, 25, 12, 10, 28, 4, 33, 5, 38, 21
38, 16, 8, 27, 25, 13, 12, 4, 23, 5, 15, 33, 9, 35, 19, 9, 18, 18, 19, 39, 32, 23
30, 26, 4, 38, 3, 23, 23, 31, 27, 39, 25, 0, 38, 3, 3, 26, 24, 7
24, 23, 27, 38, 1, 39, 2, 4, 24, 35, 38, 25, 31, 30, 4, 33, 5, 7
1, 18, 32, 25, 7, 38, 17, 27, 18, 2, 24, 22, 15, 38, 0, 26, 24, 36
24, 23, 27, 1, 38, 24, 25, 30, 4, 38, 39, 31, 4, 35, 33, 5, 7, 2
24, 23, 27, 38, 25, 1, 24, 38, 31, 4, 4, 30, 35, 39, 33, 5, 7, 2
31, 28, 33, 32, 16, 1, 16, 15, 25, 38, 39, 32, 15, 26, 25, 38, 6
1, 18, 25, 32, 24, 18, 24, 7, 17, 36, 2, 38, 38, 15, 22, 27, 0, 26
39, 20, 4, 8, 31, 16, 9, 33, 6, 35, 29, 28, 6, 32, 10, 36, 18, 25, 18, 28, 22, 9
27, 24, 9, 2, 6, 11, 21, 21, 15, 11, 27, 26, 23, 17, 3, 7, 31
26, 38, 38, 31, 1, 8, 25, 29, 11, 15, 26, 8, 15, 25, 27, 4, 38, 13, 1, 27, 13
39, 16, 31, 20, 4, 8, 6, 36, 10, 25, 9, 18, 28, 18, 22, 28, 6, 33, 29, 35, 9, 32
26, 0, 6, 20, 19, 5, 39, 30, 28, 23, 18, 31, 6, 10, 31, 37, 7, 5, 5, 29
31, 1, 32, 28, 33, 39, 15, 38, 25, 16, 25, 26, 32, 15, 16, 38, 6
26, 30, 23, 31, 0, 31, 37, 28, 18, 5, 19, 10, 20, 5, 6, 7, 6, 5, 29, 39
30, 39, 26, 31, 38, 23, 4, 7, 25, 3, 0, 24, 3, 23, 3, 26, 38, 27
30, 26, 39, 38, 23, 31, 3, 0, 3, 38, 25, 24, 7, 23, 4, 3, 26, 27
38, 16, 8, 13, 18, 5, 27, 25, 4, 33, 15, 9, 23, 19, 35, 9, 39, 23, 32, 18, 12, 19
18, 27, 22, 31, 19, 15, 38, 31, 19, 2, 14, 2, 30, 31, 15, 31, 29, 21, 18, 14, 24, 11, 17
29, 39, 39, 26, 31, 20, 9, 24, 1, 6, 10, 8, 23, 38, 31, 9, 34, 6, 10
1, 7, 38, 18, 32, 25, 24, 24, 27, 17, 18, 15, 26, 22, 36, 38, 0, 2
17, 34, 10, 2, 13, 5, 23, 35, 25, 39, 14, 4, 1, 24, 10, 22, 21, 39, 27, 13
26, 0, 20, 31, 37, 30, 6, 29, 23, 7, 39, 5, 19, 5, 6, 5, 10, 18, 28, 31
9, 33, 9, 22, 16, 3, 33, 0, 33, 38, 27, 37, 2, 32, 5, 35, 3, 28
27, 27, 11, 34, 34, 39, 3, 39, 22, 36, 25, 5, 26, 10, 10, 27, 7, 0, 25
29, 26, 31, 1, 20, 24, 39, 23, 6, 10, 9, 39, 38, 10, 8, 31, 34, 9, 6
24, 1, 23, 27, 24, 38, 30, 25, 4, 39, 38, 4, 35, 31, 33, 5, 2, 7
10, 4, 3, 2, 10, 26, 11, 8, 7, 34, 2, 15, 5, 27, 12, 23, 1, 21, 12, 25, 35
27, 24, 9, 15, 11, 17, 11, 7, 31, 23, 21, 26, 2, 27, 21, 6, 3
18, 22, 31, 27, 31, 14, 19, 30, 24, 31, 21, 15, 19, 2, 15, 18, 31, 11, 17, 38, 2, 29, 14
10, 10, 4, 2, 5, 3, 12, 15, 34, 1, 8, 21, 27, 11, 26, 2, 12, 23, 7, 25, 35
17, 34, 10, 2, 13, 4, 5, 23, 21, 39, 1, 27, 24, 13, 25, 14, 10, 22, 35, 39
26, 0, 20, 6, 31, 5, 30, 5, 23, 5, 10, 31, 37, 7, 19, 29, 39, 18, 6, 28
26, 0, 20, 39, 37, 29, 6, 7, 5, 5, 5, 10, 31, 18, 30, 31, 6, 19, 23, 28
26, 38, 1, 31, 11, 4, 1, 38, 27, 13, 25, 15, 38, 13, 8, 8, 29, 26, 15, 27, 25
39, 4, 20, 8, 25, 32, 9, 28, 16, 18, 22, 10, 31, 18, 6, 35, 36, 28, 9, 6, 33, 29
29, 26, 31, 20, 24, 10, 1, 9, 10, 39, 6, 39, 9, 6, 8, 23, 38, 31, 34
9, 33, 3, 9, 22, 33, 0, 16, 32, 3, 35, 28, 38, 2, 27, 5, 33, 37
23, 31, 30, 33, 31, 16, 4, 21, 21, 34, 12, 38, 10, 25, 5, 28, 23, 34
38, 16, 27, 35, 25, 8, 18, 32, 33, 15, 19, 13, 9, 39, 19, 9, 4, 23, 23, 18, 5, 12
31, 1, 28, 32, 33, 39, 6, 16, 25, 38, 32, 16, 15, 38, 15, 25, 26
23, 31, 30, 16, 31, 4, 38, 21, 12, 34, 10, 5, 25, 28, 23, 33, 34, 21
17, 34, 2, 10, 22, 39, 23, 1, 25, 5, 35, 14, 24, 10, 13, 4, 21, 27, 13, 39
29, 20, 39, 26, 31, 39, 10, 24, 9, 6, 8, 23, 38, 34, 9, 1, 31, 10, 6
12, 3, 18, 28, 32, 39, 33, 19, 36, 24, 9, 14, 36, 29, 13
31, 1, 28, 32, 33, 39, 15, 16, 32, 16, 6, 25, 25, 26, 38, 38, 15
32, 31, 28, 1, 33, 39, 6, 38, 25, 16, 16, 15, 15, 32, 38, 25, 26
38, 16, 27, 9, 15, 8, 4, 12, 33, 19, 23, 25, 18, 23, 5, 39, 35, 13, 19, 18, 32, 9
30, 3, 3, 26, 38, 25, 23, 4, 39, 24, 3, 38, 23, 0, 26, 7, 31, 27
10, 35, 8, 28, 24, 25, 39, 16, 14, 13, 23, 36, 11, 25, 19, 1, 21, 16, 2
38, 32, 0, 10, 2, 30, 29, 26, 15, 13, 19, 21, 39, 32, 1, 25, 34, 9, 17, 11, 33
24, 1, 23, 27, 24, 33, 38, 25, 4, 35, 2, 5, 30, 7, 4, 38, 31, 39
29, 26, 31, 20, 39, 39, 10, 9, 6, 10, 6, 1, 24, 8, 23, 38, 31, 9, 34
10, 35, 25, 11, 8, 24, 39, 28, 19, 25, 1, 16, 36, 16, 2, 21, 23, 14, 13
10, 4, 2, 3, 10, 1, 23, 12, 11, 15, 7, 34, 5, 2, 12, 27, 21, 26, 25, 35, 8
27, 24, 9, 7, 17, 23, 21, 11, 27, 31, 3, 26, 6, 11, 21, 2, 15
10, 35, 8, 28, 24, 11, 23, 14, 25, 25, 13, 39, 36, 16, 19, 1, 21, 2, 16
1, 32, 18, 38, 25, 7, 15, 24, 17, 27, 38, 2, 36, 24, 18, 22, 26, 0
23, 31, 30, 31, 16, 4, 38, 21, 12, 34, 5, 10, 25, 23, 28, 34, 21, 33
10, 34, 4, 10, 15, 12, 26, 5, 2, 3, 7, 2, 27, 11, 23, 25, 1, 21, 12, 35, 8
26, 0, 31, 5, 10, 20, 29, 6, 28, 31, 19, 5, 39, 18, 5, 6, 23, 30, 7, 37
27, 24, 9, 11, 3, 6, 15, 17, 11, 2, 31, 23, 7, 27, 26, 21, 21
31, 28, 33, 6, 38, 15, 32, 1, 16, 16, 39, 32, 38, 15, 26, 25, 25
26, 38, 1, 31, 11, 25, 38, 38, 8, 13, 15, 8, 26, 29, 4, 1, 25, 13, 27, 15, 27
30, 31, 26, 39, 38, 0, 23, 23, 4, 3, 38, 24, 7, 25, 3, 26, 27, 3
30, 26, 39, 38, 3, 31, 24, 23, 0, 27, 3, 7, 3, 23, 26, 25, 38, 4
26, 38, 1, 11, 8, 1, 15, 4, 27, 25, 26, 38, 27, 13, 31, 25, 8, 29, 15, 13, 38
23, 31, 31, 28, 30, 5, 4, 25, 23, 10, 16, 38, 21, 34, 12, 33, 34, 21
27, 24, 9, 11, 31, 2, 21, 17, 7, 27, 21, 26, 6, 23, 15, 11, 3
10, 4, 3, 2, 11, 2, 15, 5, 12, 10, 8, 12, 34, 7, 25, 23, 27, 26, 1, 35, 21
38, 32, 0, 10, 2, 13, 30, 33, 26, 39, 15, 17, 21, 32, 29, 11, 19, 1, 9, 25, 34
38, 32, 10, 13, 15, 0, 39, 32, 17, 21, 2, 11, 29, 33, 19, 30, 1, 26, 25, 9, 34
30, 26, 38, 25, 38, 3, 24, 23, 39, 4, 26, 7, 0, 31, 3, 27, 3, 23
1, 32, 18, 25, 7, 36, 17, 38, 24, 24, 18, 0, 15, 38, 2, 22, 27, 26
38, 32, 10, 39, 1, 25, 0, 34, 21, 19, 13, 9, 15, 29, 32, 30, 2, 11, 17, 33, 26
12, 18, 32, 3, 39, 9, 28, 13, 19, 33, 24, 14, 36, 36, 29
38, 16, 8, 25, 27, 23, 13, 19, 39, 18, 4, 9, 33, 19, 23, 5, 15, 35, 18, 12, 9, 32
26, 0, 6, 39, 20, 30, 5, 23, 37, 10, 31, 7, 5, 29, 5, 19, 6, 18, 31, 28
10, 35, 24, 25, 39, 19, 16, 25, 8, 28, 14, 13, 23, 1, 21, 36, 16, 11, 2
1, 18, 32, 25, 7, 38, 0, 27, 24, 26, 2, 24, 38, 17, 36, 18, 15, 22
30, 26, 39, 38, 26, 24, 3, 31, 3, 0, 23, 38, 27, 23, 3, 4, 7, 25
29, 20, 26, 31, 39, 39, 8, 34, 9, 31, 9, 6, 6, 10, 23, 24, 1, 38, 10
1, 18, 25, 27, 36, 18, 32, 26, 22, 38, 17, 15, 0, 2, 38, 7, 24, 24
23, 31, 30, 31, 34, 16, 12, 21, 4, 23, 33, 34, 5, 10, 21, 38, 25, 28
18, 22, 31, 31, 30, 19, 21, 38, 15, 27, 31, 19, 31, 14, 14, 2, 24, 11, 15, 2, 29, 18, 17
10, 35, 8, 24, 28, 25, 23, 39, 11, 36, 16, 14, 25, 13, 19, 1, 21, 16, 2
1, 18, 25, 7, 32, 38, 24, 2, 24, 17, 36, 18, 38, 15, 0, 22, 27, 26
38, 16, 8, 27, 13, 4, 18, 5, 25, 33, 32, 15, 35, 19, 9, 18, 23, 39, 23, 9, 12, 19
26, 38, 1, 25, 38, 1, 29, 8, 15, 15, 11, 27, 25, 13, 8, 31, 26, 27, 13, 4, 38
31, 28, 1, 32, 33, 39, 16, 32, 25, 38, 25, 6, 15, 16, 15, 38, 26
30, 39, 26, 38, 7, 31, 25, 3, 24, 23, 3, 26, 27, 3, 23, 4, 0, 38
17, 34, 10, 24, 14, 2, 1, 25, 10, 23, 22, 35, 39, 5, 13, 21, 4, 27, 39, 13
30, 26, 38, 39, 23, 27, 24, 23, 3, 4, 31, 25, 3, 0, 3, 7, 38, 26
17, 34, 10, 39, 27, 39, 24, 14, 5, 2, 13, 10, 22, 13, 1, 35, 23, 25, 4, 21
27, 11, 24, 9, 2, 17, 23, 26, 21, 6, 27, 31, 7, 21, 3, 15, 11
27, 24, 9, 11, 27, 26, 11, 31, 21, 2, 23, 7, 17, 21, 15, 6, 3
39, 20, 8, 36, 6, 6, 29, 10, 16, 18, 4, 9, 33, 9, 31, 28, 35, 32, 28, 18, 22, 25
27, 27, 34, 27, 5, 11, 26, 7, 25, 10, 39, 22, 36, 34, 25, 0, 3, 39, 10
24, 23, 27, 38, 39, 24, 25, 4, 5, 1, 31, 30, 4, 7, 38, 2, 35, 33
10, 34, 4, 26, 10, 15, 12, 2, 3, 27, 25, 1, 23, 8, 5, 35, 7, 2, 12, 21, 11
10, 4, 2, 5, 3, 2, 15, 27, 1, 8, 12, 25, 10, 11, 7, 21, 26, 35, 34, 23, 12
24, 23, 27, 24, 39, 30, 38, 1, 31, 35, 25, 4, 38, 4, 33, 5, 7, 2
26, 0, 23, 5, 28, 6, 10, 31, 20, 29, 30, 5, 19, 6, 31, 39, 37, 18, 7, 5
17, 34, 2, 10, 23, 25, 10, 21, 1, 24, 5, 35, 39, 27, 22, 39, 14, 13, 13, 4
16, 10, 28, 14, 39, 21, 8, 2, 35, 25, 13, 36, 1, 16, 11, 23, 25, 19, 24
18, 19, 27, 22, 29, 31, 15, 19, 17, 24, 14, 21, 15, 14, 2, 38, 18, 31, 11, 31, 2, 30, 31
12, 3, 39, 9, 13, 33, 14, 32, 36, 24, 18, 28, 19, 29, 36
18, 27, 31, 19, 22, 31, 15, 31, 30, 18, 31, 19, 29, 14, 21, 2, 24, 15, 11, 17, 38, 2, 14
10, 4, 2, 3, 5, 23, 7, 15, 12, 27, 2, 12, 25, 26, 34, 10, 11, 21, 1, 35, 8
23, 31, 31, 30, 16, 25, 4, 12, 34, 34, 28, 23, 38, 21, 33, 21, 10, 5
27, 27, 34, 11, 5, 39, 26, 39, 36, 22, 34, 3, 10, 10, 25, 27, 25, 7, 0
38, 16, 23, 8, 27, 18, 25, 39, 23, 13, 35, 15, 19, 9, 19, 12, 4, 9, 32, 5, 18, 33
39, 4, 20, 31, 8, 16, 33, 18, 28, 25, 6, 29, 18, 9, 36, 10, 28, 32, 6, 22, 9, 35
35, 20, 31, 20, 5, 27, 39, 39, 18, 1, 29, 4, 25, 37, 34, 18, 23, 7
39, 4, 31, 20, 8, 16, 28, 18, 25, 9, 6, 22, 32, 9, 36, 6, 10, 33, 29, 35, 18, 28
39, 20, 8, 10, 36, 25, 29, 18, 6, 28, 4, 9, 22, 32, 9, 33, 28, 31, 6, 35, 16, 18
27, 24, 9, 2, 26, 17, 11, 23, 27, 15, 31, 21, 7, 6, 21, 11, 3
27, 24, 21, 2, 11, 9, 21, 27, 26, 23, 31, 7, 17, 15, 6, 3, 11
18, 22, 27, 19, 31, 19, 15, 11, 2, 14, 17, 38, 15, 2, 29, 18, 31, 31, 31, 30, 14, 21, 24
1, 18, 32, 25, 26, 0, 7, 17, 38, 15, 24, 2, 24, 22, 27, 38, 18, 36
39, 20, 4, 8, 31, 16, 28, 25, 18, 9, 6, 33, 35, 29, 10, 9, 18, 36, 22, 28, 6, 32
10, 4, 26, 3, 5, 25, 2, 10, 12, 35, 34, 1, 15, 12, 8, 27, 11, 21, 2, 7, 23
27, 27, 0, 34, 27, 11, 39, 39, 26, 7, 22, 5, 25, 3, 34, 36, 25, 10, 10
39, 20, 8, 9, 18, 33, 35, 29, 32, 9, 25, 28, 4, 18, 28, 22, 6, 6, 31, 36, 16, 10
26, 0, 6, 20, 39, 10, 31, 5, 5, 7, 19, 29, 6, 5, 18, 28, 31, 30, 23, 37
26, 38, 31, 1, 11, 8, 25, 29, 38, 8, 4, 15, 38, 25, 27, 15, 1, 13, 27, 26, 13
24, 23, 39, 27, 30, 1, 4, 31, 38, 25, 38, 24, 7, 2, 4, 35, 5, 33
30, 26, 38, 26, 39, 38, 31, 3, 4, 25, 3, 0, 24, 27, 23, 23, 3, 7
39, 20, 4, 8, 22, 25, 18, 31, 35, 10, 9, 28, 9, 18, 28, 6, 33, 36, 29, 6, 16, 32
18, 22, 27, 31, 19, 15, 19, 17, 11, 2, 21, 2, 15, 29, 24, 31, 14, 38, 31, 18, 30, 31, 14
35, 20, 25, 29, 20, 31, 39, 18, 34, 27, 7, 39, 18, 23, 5, 1, 4, 37
9, 33, 32, 37, 9, 3, 22, 16, 28, 38, 3, 2, 5, 27, 33, 0, 35, 33
9, 33, 3, 22, 35, 9, 2, 38, 5, 33, 37, 32, 28, 27, 3, 16, 0, 33
26, 0, 20, 6, 10, 31, 7, 37, 5, 5, 19, 5, 6, 28, 31, 18, 29, 30, 23, 39
38, 16, 27, 8, 19, 5, 4, 39, 19, 13, 25, 18, 18, 9, 9, 23, 33, 32, 23, 35, 15, 12
9, 33, 3, 22, 9, 32, 37, 38, 33, 35, 2, 28, 27, 5, 3, 33, 0, 16
29, 26, 20, 31, 1, 6, 10, 8, 9, 23, 24, 10, 39, 39, 31, 38, 34, 9, 6
29, 26, 31, 20, 39, 9, 6, 31, 38, 10, 34, 39, 1, 23, 24, 9, 6, 10, 8
1, 18, 25, 26, 27, 38, 24, 0, 32, 15, 2, 24, 38, 7, 36, 18, 17, 22
10, 35, 24, 25, 28, 21, 23, 13, 8, 39, 16, 11, 36, 16, 14, 25, 1, 2, 19
38, 32, 10, 32, 30, 25, 15, 9, 17, 34, 13, 0, 11, 33, 2, 26, 39, 19, 21, 29, 1
30, 26, 38, 39, 26, 27, 38, 31, 3, 25, 23, 24, 3, 0, 23, 7, 4, 3
17, 34, 27, 10, 13, 39, 21, 2, 23, 25, 13, 22, 35, 1, 24, 39, 5, 14, 4, 10
38, 16, 8, 13, 27, 25, 5, 4, 9, 23, 12, 23, 39, 19, 18, 9, 32, 18, 15, 33, 19, 35
29, 26, 31, 20, 39, 39, 9, 9, 6, 1, 38, 24, 10, 6, 31, 34, 10, 8, 23
30, 26, 38, 39, 7, 25, 3, 3, 24, 23, 31, 26, 27, 3, 23, 4, 0, 38
1, 18, 25, 7, 32, 38, 24, 27, 24, 26, 38, 18, 0, 17, 36, 15, 2, 22
18, 22, 29, 27, 31, 31, 14, 31, 15, 18, 30, 19, 19, 31, 15, 11, 14, 17, 21, 24, 2, 38, 2
27, 39, 27, 11, 34, 36, 3, 39, 22, 34, 25, 5, 26, 10, 10, 27, 25, 7, 0
27, 24, 11, 9, 21, 2, 27, 26, 11, 7, 17, 23, 15, 21, 31, 3, 6
39, 20, 8, 36, 28, 10, 9, 4, 25, 28, 6, 29, 31, 32, 18, 33, 22, 9, 16, 35, 18, 6
24, 23, 27, 35, 1, 4, 4, 33, 5, 24, 25, 39, 30, 38, 2, 7, 31, 38
38, 32, 10, 25, 29, 26, 1, 32, 0, 2, 19, 39, 17, 9, 21, 11, 30, 13, 34, 33, 15
26, 0, 20, 28, 6, 30, 31, 23, 5, 10, 31, 37, 7, 19, 6, 5, 18, 5, 29, 39
26, 38, 1, 31, 11, 8, 25, 8, 38, 29, 27, 15, 27, 15, 26, 25, 13, 4, 38, 1, 13
27, 11, 24, 9, 2, 27, 23, 26, 3, 21, 31, 7, 11, 21, 15, 17, 6
10, 4, 10, 2, 3, 26, 25, 27, 34, 12, 8, 11, 2, 1, 12, 7, 15, 35, 5, 23, 21
29, 20, 26, 31, 39, 39, 24, 10, 9, 6, 1, 10, 8, 6, 23, 38, 9, 31, 34
35, 20, 31, 4, 37, 27, 25, 39, 20, 5, 1, 18, 29, 39, 34, 18, 7, 23
18, 22, 27, 19, 31, 15, 30, 19, 24, 31, 2, 15, 14, 17, 11, 18, 31, 31, 38, 21, 29, 2, 14
17, 34, 10, 10, 24, 2, 14, 39, 21, 27, 13, 4, 1, 13, 23, 22, 25, 35, 39, 5
18, 22, 31, 17, 31, 29, 19, 31, 27, 2, 11, 31, 19, 14, 15, 15, 38, 30, 18, 14, 2, 21, 24
31, 28, 33, 6, 1, 15, 16, 32, 39, 38, 15, 26, 16, 25, 32, 38, 25
27, 24, 9, 11, 6, 21, 2, 26, 27, 21, 3, 23, 11, 15, 31, 17, 7
24, 23, 27, 25, 39, 4, 30, 24, 38, 38, 35, 31, 1, 4, 33, 5, 2, 7
29, 26, 31, 20, 1, 39, 6, 39, 9, 24, 9, 10, 6, 8, 10, 23, 34, 38, 31
12, 18, 33, 3, 39, 36, 13, 9, 36, 29, 14, 32, 19, 24, 28
26, 38, 1, 38, 27, 15, 27, 29, 25, 8, 31, 8, 25, 26, 11, 15, 13, 4, 38, 13, 1
23, 31, 30, 34, 10, 31, 38, 21, 16, 4, 12, 33, 5, 34, 25, 21, 28, 23
27, 11, 24, 9, 27, 2, 21, 15, 6, 3, 17, 21, 11, 26, 23, 7, 31
10, 35, 24, 11, 36, 8, 25, 19, 28, 2, 21, 1, 14, 16, 23, 13, 16, 25, 39
35, 20, 31, 39, 20, 18, 29, 34, 7, 25, 1, 37, 5, 4, 23, 27, 18, 39
27, 27, 11, 34, 5, 26, 22, 3, 39, 36, 34, 25, 10, 10, 27, 7, 0, 25, 39
26, 38, 31, 1, 11, 25, 38, 15, 4, 8, 38, 15, 13, 13, 1, 8, 29, 25, 26, 27, 27
29, 26, 31, 20, 39, 24, 10, 9, 39, 1, 6, 8, 23, 38, 31, 10, 34, 6, 9
10, 35, 24, 2, 16, 1, 8, 21, 19, 28, 39, 25, 14, 13, 16, 23, 11, 25, 36
10, 35, 24, 25, 16, 19, 23, 39, 25, 1, 8, 14, 28, 11, 21, 13, 36, 2, 16
26, 38, 1, 31, 11, 15, 38, 25, 38, 8, 27, 1, 29, 25, 15, 26, 13, 27, 13, 8, 4
24, 30, 23, 27, 25, 5, 38, 2, 4, 1, 7, 31, 4, 24, 33, 35, 39, 38
30, 26, 38, 39, 0, 3, 27, 24, 23, 31, 4, 3, 38, 3, 23, 7, 25, 26
17, 34, 10, 2, 23, 10, 25, 24, 14, 1, 39, 27, 22, 13, 35, 39, 5, 13, 4, 21
1, 18, 32, 25, 7, 22, 38, 24, 27, 26, 24, 17, 0, 36, 18, 15, 38, 2
17, 34, 10, 5, 14, 39, 21, 22, 13, 27, 35, 4, 10, 2, 25, 13, 24, 39, 1, 23
17, 34, 10, 2, 10, 13, 39, 21, 22, 35, 14, 23, 27, 5, 39, 1, 4, 13, 24, 25
38, 16, 27, 19, 13, 9, 8, 23, 18, 23, 32, 25, 33, 4, 39, 12, 19, 35, 15, 5, 9, 18
39, 4, 20, 8, 31, 16, 28, 6, 35, 18, 9, 36, 10, 18, 25, 9, 32, 33, 29, 28, 6, 22
31, 30, 39, 23, 26, 3, 7, 38, 25, 3, 24, 4, 3, 26, 0, 38, 27, 23
31, 28, 33, 32, 6, 15, 16, 1, 16, 25, 32, 38, 15, 39, 26, 38, 25
27, 27, 34, 34, 39, 10, 7, 11, 22, 27, 25, 0, 10, 3, 5, 25, 39, 26, 36
23, 25, 31, 34, 10, 28, 5, 31, 12, 23, 16, 30, 21, 34, 21, 4, 33, 38
26, 0, 5, 23, 39, 20, 7, 6, 29, 37, 5, 5, 31, 10, 19, 28, 6, 18, 30, 31
38, 32, 10, 1, 19, 9, 39, 25, 0, 29, 26, 13, 32, 34, 21, 2, 17, 30, 11, 33, 15
26, 0, 20, 37, 5, 6, 31, 29, 10, 7, 5, 39, 19, 18, 6, 5, 28, 30, 23, 31
18, 22, 27, 31, 19, 15, 19, 38, 2, 11, 14, 18, 31, 29, 17, 31, 30, 31, 14, 21, 24, 2, 15
38, 16, 8, 25, 27, 13, 4, 5, 35, 39, 23, 23, 12, 18, 19, 33, 9, 32, 15, 9, 19, 18
10, 35, 24, 8, 39, 25, 13, 16, 14, 2, 16, 28, 21, 23, 36, 11, 25, 1, 19
24, 23, 27, 1, 39, 24, 38, 31, 38, 4, 4, 25, 35, 30, 33, 7, 5, 2
38, 16, 27, 9, 23, 15, 19, 23, 8, 39, 5, 9, 33, 32, 35, 12, 25, 18, 13, 19, 18, 4
24, 23, 27, 38, 24, 25, 1, 30, 33, 2, 4, 39, 7, 4, 5, 35, 31, 38
12, 3, 39, 36, 32, 19, 18, 33, 28, 9, 36, 29, 14, 13, 24
29, 39, 26, 31, 20, 39, 9, 1, 6, 9, 24, 10, 10, 34, 6, 8, 23, 38, 31
1, 32, 18, 25, 7, 38, 24, 17, 2, 15, 24, 27, 38, 22, 26, 36, 18, 0
27, 11, 27, 34, 5, 26, 22, 25, 10, 3, 39, 10, 34, 27, 39, 25, 36, 0, 7
38, 16, 25, 8, 27, 23, 9, 23, 19, 13, 15, 9, 18, 39, 32, 12, 5, 4, 18, 33, 19, 35
27, 24, 9, 11, 6, 27, 15, 2, 21, 11, 17, 23, 3, 21, 31, 26, 7
12, 36, 13, 3, 39, 14, 29, 36, 24, 32, 18, 28, 19, 33, 9
31, 28, 1, 32, 33, 15, 25, 38, 32, 15, 16, 25, 39, 16, 38, 6, 26
1, 18, 25, 32, 27, 24, 22, 24, 7, 26, 38, 36, 18, 38, 0, 17, 15, 2
29, 20, 26, 31, 39, 39, 9, 10, 10, 24, 6, 9, 1, 8, 6, 23, 38, 31, 34
38, 9, 22, 33, 3, 32, 9, 37, 33, 28, 5, 27, 0, 3, 16, 33, 2, 35
10, 2, 4, 7, 3, 8, 23, 11, 2, 27, 15, 12, 5, 10, 26, 34, 1, 21, 12, 25, 35
9, 33, 3, 9, 22, 37, 33, 38, 16, 32, 2, 5, 28, 27, 35, 3, 33, 0
10, 4, 15, 2, 8, 1, 12, 11, 26, 2, 12, 3, 10, 34, 5, 21, 7, 25, 27, 23, 35
9, 33, 3, 22, 9, 2, 35, 16, 38, 32, 28, 27, 5, 3, 33, 0, 33, 37
27, 11, 27, 34, 5, 26, 39, 3, 39, 22, 36, 34, 25, 10, 10, 27, 25, 7, 0
24, 29, 10, 1, 6, 9, 20, 10, 26, 31, 34, 39, 31, 39, 9, 6, 8, 23, 38
26, 0, 20, 23, 31, 29, 37, 10, 31, 5, 28, 7, 6, 30, 18, 19, 5, 39, 6, 5
1, 18, 7, 32, 25, 38, 0, 22, 26, 27, 24, 15, 2, 24, 38, 36, 18, 17
39, 20, 8, 31, 4, 29, 18, 36, 10, 6, 22, 28, 35, 18, 28, 33, 9, 16, 9, 6, 32, 25
27, 27, 10, 34, 3, 27, 11, 22, 10, 39, 25, 34, 26, 25, 7, 36, 5, 0, 39
17, 34, 10, 35, 39, 39, 13, 2, 22, 13, 5, 27, 10, 4, 21, 23, 1, 25, 24, 14
12, 33, 18, 3, 39, 9, 13, 32, 19, 14, 36, 28, 24, 36, 29
30, 26, 38, 24, 39, 27, 0, 3, 31, 7, 25, 3, 3, 23, 38, 26, 23, 4
24, 1, 23, 27, 24, 38, 25, 5, 30, 4, 7, 2, 38, 31, 39, 4, 35, 33
27, 27, 34, 11, 25, 0, 39, 27, 7, 5, 39, 10, 26, 25, 10, 36, 22, 34, 3
23, 31, 31, 30, 4, 16, 33, 21, 34, 38, 23, 21, 34, 10, 12, 28, 5, 25
27, 27, 34, 11, 0, 39, 34, 26, 5, 3, 10, 22, 25, 10, 39, 27, 25, 36, 7
38, 0, 32, 10, 25, 2, 15, 29, 19, 1, 39, 26, 21, 9, 30, 32, 34, 13, 11, 17, 33
35, 20, 20, 31, 39, 37, 25, 34, 1, 7, 29, 18, 4, 23, 18, 27, 5, 39
39, 20, 8, 9, 4, 33, 16, 29, 36, 31, 18, 28, 10, 35, 6, 9, 6, 18, 32, 25, 28, 22
26, 0, 5, 20, 6, 7, 23, 10, 31, 5, 6, 19, 37, 30, 18, 5, 28, 31, 29, 39
27, 27, 11, 34, 26, 7, 25, 39, 22, 5, 0, 3, 39, 36, 34, 25, 10, 27, 10
9, 33, 9, 27, 33, 0, 28, 3, 38, 16, 32, 3, 22, 2, 33, 37, 35, 5
12, 18, 3, 39, 33, 14, 9, 13, 36, 19, 36, 28, 24, 29, 32
23, 31, 34, 28, 25, 10, 30, 16, 23, 31, 12, 5, 38, 33, 4, 34, 21, 21
10, 4, 10, 34, 2, 3, 11, 26, 12, 15, 12, 5, 21, 25, 1, 35, 27, 8, 2, 23, 7
12, 3, 18, 39, 33, 32, 36, 29, 36, 9, 19, 24, 13, 28, 14
24, 38, 1, 4, 23, 25, 27, 30, 24, 38, 39, 2, 35, 31, 33, 4, 5, 7
38, 32, 10, 0, 1, 13, 9, 34, 25, 2, 30, 15, 32, 17, 11, 39, 26, 21, 33, 29, 19
38, 32, 15, 0, 10, 26, 39, 1, 30, 33, 32, 19, 2, 17, 21, 25, 11, 9, 29, 34, 13
39, 20, 4, 8, 31, 33, 29, 16, 18, 36, 10, 6, 6, 28, 9, 32, 25, 9, 22, 28, 18, 35
27, 27, 34, 27, 25, 25, 10, 22, 11, 10, 26, 7, 5, 0, 3, 39, 36, 39, 34
24, 23, 27, 39, 1, 35, 4, 24, 31, 4, 30, 33, 38, 25, 7, 38, 5, 2
26, 0, 20, 31, 10, 30, 23, 31, 37, 6, 5, 5, 19, 5, 6, 7, 18, 29, 28, 39
30, 26, 26, 38, 3, 39, 7, 25, 3, 24, 4, 3, 38, 27, 31, 23, 0, 23
9, 33, 3, 9, 32, 3, 5, 0, 16, 22, 27, 28, 33, 2, 37, 33, 35, 38
31, 28, 33, 26, 38, 1, 6, 15, 15, 16, 25, 32, 16, 32, 39, 25, 38
12, 18, 3, 39, 33, 9, 29, 28, 32, 13, 36, 14, 19, 36, 24
26, 0, 20, 31, 29, 6, 10, 31, 23, 5, 30, 39, 37, 19, 5, 7, 6, 5, 18, 28
27, 27, 34, 27, 11, 25, 10, 5, 26, 7, 25, 10, 22, 0, 39, 39, 3, 36, 34
17, 34, 10, 22, 2, 23, 39, 5, 35, 14, 10, 1, 24, 25, 13, 4, 21, 27, 39, 13
18, 22, 31, 27, 24, 31, 30, 2, 19, 31, 21, 11, 15, 31, 14, 17, 15, 18, 19, 38, 2, 14, 29
10, 4, 8, 2, 2, 3, 35, 10, 11, 12, 7, 27, 23, 1, 34, 21, 12, 26, 15, 25, 5
9, 33, 3, 22, 9, 28, 27, 2, 38, 3, 35, 33, 0, 5, 16, 33, 37, 32
38, 32, 10, 0, 34, 11, 13, 2, 33, 39, 26, 30, 21, 19, 29, 15, 1, 32, 25, 17, 9
18, 22, 31, 31, 38, 30, 31, 18, 27, 21, 19, 19, 31, 14, 24, 15, 2, 14, 29, 15, 2, 11, 17
12, 3, 39, 32, 9, 18, 19, 14, 36, 33, 36, 29, 13, 24, 28
24, 23, 27, 1, 24, 38, 25, 30, 4, 38, 39, 31, 4, 35, 33, 5, 7, 2
9, 33, 9, 3, 3, 38, 22, 33, 27, 16, 0, 5, 28, 32, 35, 2, 33, 37
17, 34, 23, 10, 2, 1, 24, 25, 13, 22, 27, 10, 5, 4, 13, 21, 14, 35, 39, 39
24, 23, 27, 31, 1, 4, 38, 5, 2, 30, 35, 39, 24, 7, 4, 38, 33, 25
12, 18, 3, 39, 29, 13, 24, 28, 36, 14, 33, 32, 36, 19, 9
23, 31, 16, 4, 30, 31, 38, 21, 12, 34, 21, 10, 5, 28, 23, 25, 34, 33
24, 23, 27, 39, 4, 38, 35, 31, 33, 1, 38, 30, 5, 2, 4, 24, 25, 7
17, 25, 2, 34, 24, 23, 10, 13, 1, 5, 10, 39, 14, 13, 21, 4, 22, 35, 39, 27
29, 26, 31, 10, 9, 20, 38, 31, 6, 1, 24, 39, 34, 39, 9, 10, 6, 8, 23
27, 27, 34, 25, 22, 5, 36, 39, 11, 27, 34, 26, 10, 10, 39, 3, 7, 25, 0
35, 20, 31, 20, 39, 5, 39, 27, 4, 37, 29, 1, 18, 25, 34, 23, 18, 7
9, 33, 3, 3, 37, 32, 22, 27, 9, 33, 38, 28, 2, 33, 16, 0, 5, 35
24, 23, 27, 38, 1, 25, 35, 2, 24, 30, 33, 4, 7, 31, 5, 39, 4, 38
31, 28, 33, 39, 1, 25, 32, 16, 32, 6, 15, 16, 38, 15, 38, 26, 25
23, 31, 30, 31, 38, 4, 23, 21, 25, 16, 28, 12, 34, 34, 33, 21, 10, 5
10, 4, 2, 3, 7, 35, 12, 25, 26, 23, 11, 12, 1, 8, 5, 2, 27, 34, 10, 21, 15
17, 34, 10, 5, 2, 13, 39, 27, 14, 25, 35, 4, 13, 10, 23, 24, 22, 21, 1, 39
18, 22, 31, 19, 29, 2, 38, 21, 27, 14, 15, 15, 19, 24, 11, 2, 18, 17, 31, 31, 31, 30, 14
26, 11, 38, 31, 1, 4, 25, 38, 13, 15, 38, 1, 25, 27, 8, 29, 15, 8, 13, 27, 26
17, 34, 10, 2, 13, 39, 5, 13, 25, 35, 14, 24, 1, 10, 23, 4, 22, 21, 39, 27
39, 4, 20, 31, 8, 16, 6, 36, 10, 9, 28, 18, 6, 29, 28, 25, 33, 18, 32, 22, 9, 35
35, 20, 31, 25, 39, 34, 20, 29, 18, 7, 5, 18, 39, 4, 37, 1, 23, 27
12, 14, 9, 33, 18, 3, 39, 36, 29, 13, 28, 24, 32, 19, 36
26, 0, 10, 31, 19, 5, 31, 6, 28, 20, 18, 6, 30, 23, 5, 37, 5, 7, 29, 39
1, 18, 32, 25, 2, 26, 7, 0, 38, 24, 24, 38, 15, 27, 36, 18, 17, 22
18, 22, 11, 31, 27, 29, 19, 15, 19, 17, 18, 38, 2, 31, 31, 14, 31, 30, 21, 14, 24, 15, 2
10, 8, 35, 24, 1, 14, 28, 25, 19, 39, 36, 25, 13, 16, 23, 11, 21, 16, 2
23, 16, 31, 31, 4, 30, 38, 21, 21, 12, 34, 5, 10, 25, 28, 23, 34, 33
1, 18, 25, 32, 2, 0, 17, 26, 27, 7, 38, 15, 24, 22, 24, 36, 18, 38
10, 35, 1, 24, 11, 19, 21, 25, 16, 8, 39, 36, 14, 25, 28, 2, 16, 13, 23
26, 6, 0, 30, 18, 20, 5, 23, 28, 10, 31, 31, 37, 19, 7, 6, 5, 5, 29, 39
24, 23, 25, 30, 27, 2, 38, 1, 38, 4, 39, 4, 35, 24, 5, 31, 33, 7
24, 23, 27, 38, 7, 35, 30, 1, 25, 2, 4, 33, 24, 5, 38, 31, 4, 39
23, 31, 16, 31, 30, 12, 21, 34, 33, 21, 4, 10, 5, 38, 23, 34, 28, 25
26, 38, 1, 31, 38, 25, 15, 11, 29, 8, 25, 26, 8, 15, 27, 27, 13, 4, 38, 1, 13
31, 32, 1, 16, 28, 39, 6, 33, 15, 16, 38, 38, 32, 15, 26, 25, 25
10, 8, 39, 16, 35, 25, 14, 24, 28, 13, 23, 16, 2, 11, 36, 25, 19, 1, 21
12, 19, 3, 36, 32, 39, 24, 28, 18, 13, 33, 9, 14, 29, 36
18, 22, 30, 19, 2, 19, 31, 31, 11, 15, 17, 24, 27, 14, 15, 21, 18, 38, 31, 29, 31, 2, 14
31, 1, 32, 28, 33, 39, 16, 15, 16, 6, 32, 38, 38, 15, 26, 25, 25
1, 18, 26, 25, 27, 0, 32, 2, 22, 36, 38, 15, 7, 38, 18, 24, 17, 24
35, 39, 20, 29, 20, 31, 25, 39, 27, 18, 34, 7, 23, 18, 5, 1, 37, 4
39, 20, 4, 8, 16, 31, 9, 28, 33, 29, 35, 6, 6, 10, 9, 18, 36, 18, 32, 28, 22, 25
26, 38, 1, 1, 13, 15, 31, 27, 11, 27, 8, 25, 25, 38, 29, 26, 15, 8, 13, 38, 4
39, 20, 8, 31, 18, 4, 29, 28, 16, 33, 9, 6, 36, 6, 10, 32, 28, 35, 25, 22, 9, 18
35, 20, 31, 4, 20, 1, 37, 27, 7, 23, 18, 39, 29, 39, 34, 25, 18, 5
38, 16, 25, 8, 27, 9, 35, 19, 23, 18, 12, 5, 13, 19, 9, 33, 15, 39, 23, 32, 4, 18
27, 27, 34, 11, 34, 26, 39, 22, 3, 36, 10, 5, 27, 25, 7, 25, 10, 0, 39
10, 34, 4, 26, 10, 2, 3, 11, 15, 25, 2, 8, 5, 7, 1, 35, 12, 27, 12, 21, 23
27, 24, 11, 9, 23, 31, 2, 7, 6, 3, 27, 26, 21, 21, 11, 15, 17
1, 18, 25, 22, 0, 15, 24, 27, 2, 32, 26, 38, 24, 7, 36, 38, 18, 17
12, 3, 39, 9, 33, 24, 36, 18, 32, 14, 28, 36, 19, 29, 13
9, 33, 9, 0, 35, 3, 16, 2, 22, 38, 27, 37, 32, 28, 5, 3, 33, 33
26, 38, 1, 25, 15, 38, 31, 15, 29, 11, 8, 1, 25, 8, 13, 13, 4, 38, 27, 26, 27
10, 35, 24, 1, 21, 19, 8, 16, 28, 2, 25, 39, 16, 14, 13, 25, 23, 11, 36
31, 28, 1, 33, 32, 39, 38, 16, 16, 32, 26, 15, 25, 6, 38, 25, 15
23, 31, 16, 31, 30, 4, 38, 21, 12, 34, 25, 34, 33, 10, 5, 21, 28, 23
38, 0, 32, 10, 30, 1, 2, 21, 29, 25, 19, 32, 15, 9, 34, 17, 13, 11, 39, 33, 26
27, 27, 34, 11, 3, 26, 39, 25, 36, 27, 34, 5, 25, 22, 10, 7, 10, 0, 39
10, 35, 24, 2, 13, 1, 8, 16, 19, 28, 23, 16, 21, 36, 25, 14, 11, 39, 25
17, 34, 10, 22, 5, 2, 23, 25, 24, 35, 14, 10, 39, 13, 1, 39, 27, 21, 4, 13
23, 16, 31, 31, 30, 33, 38, 21, 23, 4, 12, 34, 21, 28, 34, 10, 25, 5
38, 16, 27, 23, 12, 8, 18, 35, 19, 9, 13, 33, 25, 5, 9, 19, 18, 39, 4, 32, 23, 15
10, 8, 28, 35, 24, 23, 13, 16, 14, 2, 25, 39, 36, 11, 16, 25, 19, 1, 21
10, 4, 15, 11, 5, 2, 25, 26, 12, 8, 27, 3, 7, 35, 2, 34, 1, 10, 21, 23, 12
39, 31, 20, 4, 6, 8, 16, 36, 10, 33, 29, 6, 25, 28, 18, 22, 28, 9, 9, 35, 32, 18
29, 26, 31, 34, 10, 9, 6, 20, 9, 24, 1, 8, 6, 39, 10, 38, 39, 23, 31
38, 16, 8, 13, 25, 27, 19, 35, 33, 9, 12, 4, 23, 18, 9, 5, 23, 39, 19, 32, 18, 15
38, 16, 25, 8, 13, 27, 23, 19, 39, 4, 18, 5, 23, 12, 9, 33, 32, 35, 15, 9, 18, 19
1, 18, 32, 25, 7, 38, 17, 27, 24, 38, 15, 24, 22, 18, 0, 26, 36, 2
9, 33, 22, 3, 9, 32, 33, 38, 0, 3, 28, 16, 35, 37, 33, 27, 5, 2
38, 16, 27, 35, 18, 9, 19, 5, 13, 15, 33, 19, 39, 8, 23, 4, 32, 9, 12, 25, 23, 18
26, 0, 6, 18, 39, 20, 10, 31, 28, 31, 5, 30, 19, 23, 6, 37, 7, 5, 5, 29
39, 20, 8, 22, 9, 28, 35, 4, 25, 18, 32, 33, 16, 29, 31, 6, 36, 18, 10, 6, 28, 9
27, 24, 9, 21, 31, 3, 21, 26, 27, 11, 7, 23, 2, 11, 17, 15, 6
30, 26, 38, 38, 4, 0, 23, 31, 26, 23, 39, 7, 25, 3, 24, 27, 3, 3
35, 20, 20, 31, 39, 37, 27, 29, 4, 39, 25, 18, 34, 18, 7, 5, 23, 1
26, 0, 6, 7, 20, 5, 37, 5, 18, 10, 23, 31, 30, 29, 6, 5, 28, 19, 39, 31
26, 0, 6, 20, 19, 23, 5, 30, 37, 6, 31, 7, 10, 18, 5, 28, 5, 31, 29, 39
35, 20, 31, 20, 39, 4, 29, 27, 34, 7, 25, 37, 39, 23, 18, 18, 5, 1
12, 3, 18, 39, 36, 14, 33, 36, 9, 29, 13, 24, 28, 19, 32
35, 20, 31, 20, 34, 25, 27, 39, 29, 39, 18, 18, 37, 7, 1, 5, 4, 23
10, 4, 3, 5, 15, 12, 34, 12, 26, 23, 2, 27, 7, 10, 2, 25, 21, 1, 11, 35, 8
27, 24, 11, 9, 17, 2, 27, 21, 15, 23, 3, 21, 11, 26, 7, 31, 6
12, 18, 3, 9, 39, 33, 14, 36, 36, 24, 32, 19, 28, 29, 13
30, 26, 38, 31, 39, 4, 7, 25, 23, 23, 3, 3, 24, 0, 26, 38, 3, 27
27, 27, 34, 3, 7, 39, 22, 25, 11, 36, 26, 34, 0, 25, 5, 39, 10, 10, 27
29, 20, 26, 31, 24, 1, 10, 9, 9, 38, 39, 10, 6, 39, 31, 6, 34, 8, 23
27, 24, 9, 11, 31, 2, 21, 7, 21, 27, 26, 23, 6, 3, 11, 15, 17
9, 3, 33, 0, 22, 9, 16, 38, 2, 3, 33, 5, 35, 28, 27, 33, 37, 32
35, 20, 31, 20, 7, 23, 18, 39, 34, 25, 29, 27, 39, 18, 5, 4, 1, 37
17, 34, 10, 10, 2, 22, 13, 39, 27, 14, 23, 5, 35, 4, 1, 13, 24, 25, 21, 39
39, 20, 4, 8, 29, 9, 33, 28, 31, 9, 18, 35, 25, 10, 22, 36, 16, 32, 28, 18, 6, 6
12, 18, 3, 39, 33, 9, 13, 36, 14, 29, 24, 36, 28, 19, 32
29, 26, 31, 34, 39, 39, 9, 20, 9, 10, 6, 1, 8, 6, 24, 23, 10, 38, 31
10, 4, 3, 15, 12, 10, 2, 5, 21, 11, 1, 25, 2, 34, 12, 7, 35, 8, 27, 26, 23
10, 4, 8, 1, 2, 12, 2, 3, 10, 12, 27, 21, 11, 23, 35, 34, 7, 15, 25, 5, 26
27, 24, 9, 11, 27, 2, 21, 26, 15, 3, 23, 11, 21, 31, 17, 7, 6
38, 16, 8, 25, 27, 13, 4, 32, 19, 5, 15, 9, 9, 18, 19, 33, 18, 39, 35, 23, 12, 23
18, 27, 22, 19, 31, 38, 17, 15, 30, 14, 19, 18, 31, 2, 31, 21, 24, 31, 14, 29, 15, 2, 11
14, 13, 10, 16, 23, 35, 39, 24, 25, 25, 36, 8, 28, 11, 19, 1, 21, 16, 2
31, 1, 28, 32, 33, 39, 16, 32, 16, 15, 38, 6, 15, 38, 25, 26, 25
26, 0, 7, 6, 20, 29, 5, 30, 19, 5, 5, 6, 23, 39, 10, 31, 18, 37, 28, 31
27, 24, 9, 26, 11, 23, 31, 2, 7, 27, 21, 21, 3, 6, 17, 11, 15
38, 32, 0, 10, 26, 39, 21, 2, 15, 29, 19, 30, 32, 1, 17, 11, 25, 9, 33, 13, 34
9, 33, 9, 3, 0, 32, 27, 22, 33, 5, 16, 37, 38, 28, 33, 2, 3, 35
26, 0, 6, 5, 29, 20, 31, 28, 6, 19, 18, 39, 10, 31, 5, 23, 37, 5, 30, 7
35, 20, 31, 23, 20, 18, 39, 4, 7, 29, 25, 27, 18, 34, 39, 5, 37, 1
17, 34, 10, 39, 2, 22, 14, 35, 5, 4, 13, 10, 23, 21, 1, 13, 39, 25, 27, 24
23, 31, 30, 31, 21, 34, 38, 25, 34, 16, 10, 21, 28, 12, 23, 4, 33, 5
25, 26, 38, 11, 1, 38, 29, 31, 8, 8, 13, 15, 25, 13, 15, 4, 27, 26, 38, 27, 1
38, 25, 30, 24, 24, 1, 38, 4, 23, 27, 31, 2, 39, 4, 35, 33, 5, 7
1, 18, 25, 32, 38, 0, 26, 7, 24, 22, 27, 24, 38, 2, 36, 18, 17, 15
18, 22, 31, 21, 27, 24, 14, 18, 17, 2, 29, 15, 19, 2, 14, 31, 15, 19, 31, 38, 11, 31, 30
27, 11, 24, 9, 2, 21, 23, 7, 21, 27, 26, 31, 6, 11, 3, 15, 17
26, 0, 7, 5, 31, 37, 6, 10, 5, 31, 30, 20, 5, 29, 6, 23, 19, 18, 39, 28
26, 0, 28, 18, 20, 31, 23, 6, 30, 6, 37, 5, 7, 5, 5, 10, 31, 19, 29, 39
26, 38, 1, 31, 11, 4, 38, 29, 26, 13, 8, 25, 15, 27, 1, 15, 38, 8, 25, 13, 27
38, 16, 23, 12, 27, 23, 18, 39, 19, 9, 8, 32, 19, 25, 9, 15, 13, 35, 4, 5, 18, 33
38, 32, 0, 10, 25, 1, 32, 29, 2, 15, 19, 9, 30, 17, 34, 13, 11, 33, 21, 26, 39
26, 38, 1, 8, 31, 11, 38, 29, 4, 25, 38, 8, 13, 15, 1, 25, 27, 15, 27, 26, 13
23, 31, 30, 33, 34, 34, 25, 28, 12, 23, 5, 31, 21, 10, 21, 16, 38, 4
26, 38, 1, 25, 8, 8, 11, 15, 38, 31, 29, 25, 13, 13, 15, 4, 1, 38, 27, 26, 27
18, 22, 31, 31, 11, 31, 2, 30, 31, 27, 14, 17, 19, 19, 14, 2, 29, 38, 24, 21, 15, 15, 18
26, 0, 20, 31, 29, 5, 5, 18, 6, 6, 5, 19, 39, 28, 31, 10, 30, 23, 37, 7
39, 4, 20, 8, 31, 16, 33, 32, 29, 22, 9, 6, 9, 18, 28, 25, 36, 18, 10, 35, 6, 28
35, 25, 39, 20, 20, 31, 29, 18, 5, 18, 4, 34, 37, 7, 1, 23, 27, 39
12, 18, 3, 33, 39, 9, 36, 29, 14, 13, 19, 28, 36, 24, 32
18, 27, 22, 31, 2, 19, 29, 38, 19, 31, 15, 17, 24, 31, 15, 21, 30, 11, 14, 2, 14, 31, 18
24, 30, 25, 23, 27, 39, 38, 2, 4, 24, 31, 7, 38, 1, 4, 35, 33, 5
35, 20, 31, 25, 20, 34, 29, 18, 39, 5, 7, 37, 1, 4, 23, 27, 39, 18
26, 38, 1, 25, 31, 8, 38, 11, 13, 27, 8, 4, 29, 15, 15, 26, 25, 38, 27, 13, 1
17, 34, 10, 39, 27, 22, 21, 2, 13, 35, 39, 5, 23, 13, 24, 1, 4, 25, 14, 10
26, 0, 5, 31, 7, 39, 6, 6, 31, 10, 5, 5, 19, 20, 30, 18, 23, 29, 28, 37
10, 4, 10, 2, 5, 1, 26, 3, 15, 12, 34, 12, 21, 25, 8, 2, 35, 27, 7, 11, 23
35, 7, 20, 5, 31, 4, 27, 29, 18, 18, 37, 39, 23, 39, 25, 20, 1, 34
39, 4, 20, 8, 32, 31, 22, 28, 18, 9, 25, 35, 16, 6, 36, 10, 29, 33, 18, 6, 9, 28
24, 24, 1, 23, 27, 25, 38, 35, 7, 30, 4, 38, 4, 33, 2, 39, 5, 31
12, 3, 39, 33, 18, 36, 19, 9, 13, 14, 36, 29, 24, 32, 28
26, 0, 6, 31, 29, 20, 6, 19, 39, 30, 28, 5, 18, 23, 31, 10, 37, 7, 5, 5
1, 32, 18, 25, 7, 38, 38, 27, 24, 22, 24, 36, 18, 26, 0, 17, 2, 15
23, 31, 30, 31, 23, 34, 16, 4, 21, 33, 38, 21, 34, 12, 10, 28, 5, 25
29, 26, 31, 20, 1, 39, 31, 34, 39, 10, 38, 24, 9, 10, 6, 6, 9, 8, 23
11, 10, 35, 36, 39, 16, 23, 14, 25, 24, 25, 13, 19, 8, 1, 28, 21, 16, 2
38, 32, 10, 33, 1, 34, 9, 0, 26, 13, 39, 21, 29, 2, 25, 19, 30, 15, 32, 17, 11
38, 32, 0, 10, 15, 2, 25, 9, 11, 32, 30, 13, 33, 34, 26, 39, 17, 21, 29, 19, 1
26, 38, 1, 11, 25, 38, 26, 31, 15, 15, 8, 27, 13, 1, 25, 13, 4, 27, 29, 8, 38
29, 26, 31, 9, 20, 39, 8, 6, 39, 23, 38, 31, 34, 9, 6, 10, 1, 24, 10
27, 27, 34, 0, 7, 39, 22, 11, 5, 26, 27, 25, 3, 39, 36, 34, 25, 10, 10
27, 26, 27, 34, 5, 22, 11, 3, 39, 39, 36, 10, 27, 34, 25, 25, 10, 7, 0
12, 18, 3, 39, 33, 9, 14, 36, 29, 13, 36, 32, 24, 19, 28
18, 22, 27, 15, 31, 19, 21, 31, 31, 2, 15, 29, 19, 11, 30, 17, 24, 38, 31, 14, 18, 2, 14
26, 0, 5, 6, 18, 7, 20, 5, 37, 28, 5, 19, 10, 31, 31, 29, 6, 23, 30, 39
39, 20, 8, 18, 4, 6, 33, 29, 35, 9, 28, 10, 6, 32, 28, 31, 16, 36, 22, 25, 18, 9
23, 31, 21, 30, 4, 31, 23, 12, 38, 5, 16, 25, 28, 10, 34, 34, 33, 21
12, 3, 39, 36, 9, 14, 18, 29, 24, 32, 13, 19, 28, 33, 36
27, 27, 34, 5, 25, 11, 26, 10, 27, 10, 22, 25, 7, 3, 39, 0, 34, 39, 36
24, 23, 27, 24, 1, 38, 25, 30, 4, 31, 38, 39, 4, 35, 33, 5, 2, 7
35, 20, 31, 4, 20, 37, 1, 5, 39, 18, 29, 25, 34, 27, 23, 7, 39, 18
10, 35, 24, 8, 13, 28, 39, 16, 23, 14, 25, 36, 16, 11, 25, 2, 1, 19, 21
31, 1, 28, 32, 16, 33, 39, 26, 32, 25, 38, 16, 15, 25, 38, 15, 6
17, 34, 10, 2, 21, 10, 39, 23, 4, 35, 13, 5, 22, 39, 27, 1, 13, 24, 25, 14
38, 32, 10, 0, 9, 25, 29, 21, 26, 19, 34, 39, 2, 13, 1, 30, 15, 32, 17, 11, 33
18, 22, 31, 31, 21, 11, 14, 31, 19, 29, 27, 30, 18, 31, 15, 15, 24, 19, 17, 2, 38, 2, 14
38, 16, 8, 27, 25, 5, 9, 13, 15, 9, 4, 18, 32, 19, 33, 35, 19, 18, 23, 39, 23, 12
18, 22, 27, 31, 29, 21, 24, 19, 14, 2, 38, 17, 2, 11, 15, 15, 19, 30, 31, 18, 14, 31, 31
17, 34, 2, 10, 23, 10, 14, 22, 27, 25, 13, 35, 1, 39, 24, 5, 13, 4, 21, 39
26, 38, 1, 11, 1, 29, 25, 31, 27, 27, 13, 38, 25, 8, 15, 26, 8, 15, 38, 13, 4
24, 24, 38, 1, 23, 27, 30, 4, 25, 7, 2, 38, 39, 31, 4, 33, 35, 5
23, 31, 30, 21, 25, 31, 21, 16, 12, 34, 23, 28, 4, 5, 10, 34, 38, 33
26, 38, 1, 11, 31, 8, 25, 15, 29, 38, 13, 38, 4, 25, 13, 8, 27, 1, 15, 26, 27
26, 0, 6, 6, 28, 20, 18, 31, 31, 19, 5, 23, 30, 37, 10, 7, 5, 5, 29, 39
39, 20, 8, 4, 32, 28, 18, 33, 36, 29, 28, 31, 9, 10, 25, 18, 22, 9, 6, 16, 6, 35
24, 23, 27, 1, 38, 39, 24, 30, 33, 5, 38, 4, 25, 31, 4, 7, 35, 2
17, 34, 10, 2, 39, 23, 25, 5, 35, 24, 14, 10, 1, 4, 13, 22, 13, 21, 39, 27
39, 20, 8, 9, 18, 32, 10, 6, 9, 4, 33, 29, 28, 35, 31, 25, 28, 16, 18, 6, 22, 36
38, 32, 0, 10, 13, 32, 25, 29, 2, 1, 19, 34, 9, 17, 30, 11, 15, 21, 39, 33, 26
12, 18, 33, 3, 39, 9, 14, 36, 28, 32, 29, 19, 13, 36, 24
38, 32, 32, 0, 15, 10, 30, 17, 29, 19, 2, 11, 1, 26, 39, 33, 21, 25, 13, 9, 34
17, 34, 10, 10, 14, 24, 2, 4, 35, 39, 5, 27, 21, 22, 39, 13, 13, 25, 23, 1
17, 34, 10, 27, 22, 2, 13, 39, 1, 39, 35, 13, 5, 25, 23, 4, 24, 14, 10, 21
9, 33, 9, 32, 22, 0, 33, 3, 38, 27, 28, 37, 5, 16, 3, 2, 33, 35
39, 20, 8, 35, 31, 4, 9, 22, 18, 36, 6, 18, 16, 9, 10, 6, 33, 29, 28, 32, 25, 28
26, 0, 20, 6, 30, 31, 19, 31, 5, 23, 6, 5, 37, 28, 18, 7, 10, 5, 29, 39
39, 35, 20, 9, 8, 18, 22, 10, 4, 28, 6, 33, 29, 36, 9, 6, 31, 25, 28, 32, 18, 16
1, 18, 25, 18, 32, 38, 24, 7, 24, 26, 15, 17, 36, 0, 38, 2, 22, 27
18, 31, 22, 24, 31, 29, 31, 11, 2, 38, 31, 27, 18, 15, 14, 2, 17, 19, 14, 30, 19, 21, 15
27, 27, 34, 0, 11, 27, 36, 34, 39, 39, 25, 7, 25, 5, 22, 26, 10, 3, 10
23, 31, 30, 28, 16, 34, 34, 23, 10, 4, 31, 33, 5, 38, 21, 21, 25, 12
12, 18, 3, 39, 33, 9, 19, 24, 32, 29, 36, 36, 13, 14, 28
31, 28, 1, 32, 33, 39, 32, 16, 38, 16, 6, 15, 15, 38, 26, 25, 25
1, 18, 32, 25, 18, 36, 7, 27, 24, 2, 38, 26, 17, 24, 22, 0, 15, 38
29, 6, 26, 31, 9, 10, 34, 6, 1, 9, 10, 39, 8, 24, 20, 39, 23, 38, 31
31, 28, 33, 1, 32, 39, 16, 32, 38, 6, 15, 16, 38, 15, 26, 25, 25
23, 31, 31, 30, 23, 16, 4, 28, 34, 38, 21, 34, 21, 33, 12, 10, 5, 25
27, 24, 9, 31, 11, 7, 21, 26, 23, 15, 11, 3, 21, 6, 17, 2, 27
10, 4, 11, 10, 3, 21, 8, 5, 7, 2, 1, 2, 15, 12, 34, 26, 12, 27, 35, 25, 23
31, 28, 1, 32, 33, 39, 32, 16, 38, 6, 15, 16, 15, 38, 26, 25, 25
27, 27, 34, 5, 10, 34, 26, 25, 10, 39, 11, 7, 0, 22, 25, 27, 39, 3, 36
38, 16, 8, 27, 25, 35, 23, 18, 13, 23, 19, 9, 19, 39, 18, 12, 5, 4, 33, 32, 9, 15
17, 34, 10, 10, 27, 13, 21, 4, 13, 2, 22, 5, 39, 35, 23, 39, 1, 25, 24, 14
26, 0, 5, 39, 6, 20, 31, 28, 10, 31, 30, 6, 37, 19, 23, 18, 7, 5, 5, 29
12, 3, 33, 36, 39, 19, 18, 13, 24, 36, 9, 14, 28, 29, 32
27, 24, 9, 11, 17, 6, 15, 2, 27, 3, 21, 26, 11, 7, 23, 21, 31
30, 26, 39, 38, 31, 25, 7, 3, 24, 23, 26, 3, 27, 3, 4, 0, 23, 38
10, 28, 35, 8, 24, 25, 16, 36, 39, 14, 11, 25, 23, 2, 21, 13, 19, 16, 1
26, 38, 1, 11, 27, 31, 15, 25, 1, 13, 26, 8, 38, 29, 15, 8, 25, 27, 13, 4, 38
22, 9, 3, 38, 33, 9, 5, 27, 33, 37, 32, 3, 28, 2, 33, 0, 16, 35
18, 19, 22, 15, 31, 27, 29, 18, 19, 31, 31, 31, 30, 14, 21, 24, 2, 15, 11, 17, 38, 2, 14
1, 32, 18, 25, 7, 38, 24, 22, 15, 27, 26, 38, 24, 17, 0, 36, 18, 2
30, 26, 39, 24, 38, 25, 23, 3, 0, 23, 4, 31, 3, 38, 7, 26, 3, 27
38, 32, 10, 0, 19, 39, 13, 29, 2, 26, 34, 30, 15, 21, 32, 1, 17, 11, 25, 9, 33
26, 0, 29, 5, 37, 5, 7, 39, 6, 10, 31, 20, 5, 19, 6, 18, 28, 31, 30, 23
32, 1, 18, 25, 7, 24, 24, 38, 38, 36, 18, 17, 22, 15, 27, 26, 0, 2
9, 33, 2, 9, 16, 35, 0, 3, 22, 33, 38, 3, 5, 27, 33, 28, 37, 32
10, 4, 2, 3, 12, 1, 25, 10, 11, 12, 21, 2, 5, 15, 35, 34, 8, 26, 27, 23, 7
38, 32, 0, 10, 25, 1, 34, 9, 29, 2, 13, 15, 30, 19, 32, 17, 11, 26, 39, 33, 21
29, 26, 31, 10, 6, 24, 1, 23, 20, 10, 8, 31, 38, 6, 39, 34, 9, 39, 9
10, 25, 39, 35, 14, 8, 28, 16, 13, 24, 11, 23, 25, 16, 21, 36, 19, 2, 1
10, 4, 10, 3, 2, 34, 26, 15, 5, 1, 12, 21, 12, 25, 35, 8, 11, 27, 23, 7, 2
26, 38, 1, 8, 8, 38, 29, 31, 15, 13, 4, 11, 26, 38, 27, 25, 25, 1, 15, 13, 27
12, 3, 39, 18, 33, 9, 14, 36, 29, 13, 28, 24, 32, 36, 19
26, 0, 5, 20, 6, 10, 31, 5, 6, 31, 23, 7, 37, 18, 29, 30, 19, 28, 39, 5
10, 28, 35, 8, 25, 24, 39, 11, 23, 25, 16, 36, 19, 13, 14, 1, 21, 2, 16
30, 26, 38, 3, 4, 26, 7, 25, 0, 39, 3, 24, 23, 31, 38, 27, 23, 3
38, 32, 0, 10, 30, 19, 34, 2, 11, 21, 13, 15, 33, 39, 1, 29, 26, 32, 25, 9, 17
39, 20, 8, 10, 22, 9, 18, 18, 33, 29, 4, 6, 31, 28, 35, 9, 6, 16, 36, 32, 25, 28
10, 8, 35, 28, 16, 24, 25, 39, 14, 13, 23, 19, 1, 11, 25, 21, 36, 2, 16
31, 28, 33, 1, 6, 16, 32, 32, 15, 25, 16, 39, 38, 25, 15, 26, 38
39, 4, 20, 31, 8, 16, 6, 10, 25, 32, 6, 36, 9, 33, 28, 29, 18, 22, 9, 28, 35, 18
27, 24, 9, 23, 3, 7, 26, 31, 15, 6, 11, 27, 17, 11, 2, 21, 21
18, 22, 19, 27, 17, 31, 15, 19, 29, 38, 2, 31, 18, 31, 15, 14, 31, 2, 11, 30, 14, 21, 24
30, 26, 38, 23, 39, 7, 25, 3, 24, 38, 31, 3, 23, 4, 0, 3, 26, 27
27, 24, 9, 31, 15, 23, 11, 6, 7, 11, 17, 3, 2, 27, 21, 21, 26
1, 18, 25, 32, 7, 36, 18, 17, 38, 24, 15, 24, 38, 22, 27, 26, 0, 2
38, 16, 23, 8, 27, 23, 25, 12, 13, 39, 9, 4, 19, 18, 5, 18, 33, 35, 9, 19, 32, 15
26, 0, 6, 20, 6, 18, 28, 31, 5, 31, 30, 5, 5, 23, 7, 10, 19, 37, 39, 29
26, 38, 1, 25, 38, 8, 11, 29, 31, 15, 38, 4, 8, 27, 25, 13, 15, 1, 26, 27, 13
38, 16, 27, 39, 32, 18, 8, 13, 5, 12, 9, 23, 19, 18, 4, 25, 23, 15, 19, 33, 35, 9
29, 20, 26, 31, 39, 39, 9, 23, 24, 8, 9, 6, 1, 6, 38, 10, 10, 31, 34
10, 4, 2, 5, 10, 15, 34, 3, 12, 25, 12, 7, 26, 2, 8, 35, 11, 1, 21, 27, 23
29, 26, 31, 20, 8, 1, 39, 38, 39, 10, 24, 9, 9, 23, 31, 6, 34, 10, 6
27, 24, 11, 9, 21, 27, 2, 15, 26, 17, 23, 21, 31, 7, 6, 3, 11
18, 19, 27, 22, 38, 11, 31, 2, 14, 19, 15, 15, 17, 29, 31, 18, 14, 30, 31, 31, 21, 24, 2
10, 35, 24, 8, 23, 14, 25, 13, 21, 28, 19, 16, 36, 1, 2, 11, 25, 39, 16
24, 23, 27, 30, 24, 25, 1, 38, 4, 38, 4, 5, 35, 31, 39, 33, 7, 2
27, 27, 27, 26, 11, 10, 34, 25, 22, 39, 10, 5, 39, 7, 0, 34, 3, 36, 25
1, 32, 18, 25, 24, 7, 38, 24, 36, 2, 18, 15, 17, 38, 22, 27, 26, 0
27, 24, 9, 17, 11, 7, 11, 31, 15, 27, 2, 6, 21, 26, 21, 3, 23
38, 32, 0, 13, 10, 9, 34, 15, 11, 32, 33, 2, 17, 26, 21, 39, 30, 29, 19, 1, 25
17, 34, 10, 5, 22, 10, 39, 1, 2, 35, 25, 13, 14, 4, 24, 23, 21, 39, 27, 13
30, 26, 38, 25, 39, 3, 24, 31, 3, 23, 26, 3, 7, 27, 23, 4, 0, 38
27, 27, 34, 27, 11, 25, 10, 22, 10, 26, 25, 3, 39, 5, 0, 7, 39, 36, 34
39, 4, 20, 16, 8, 31, 6, 32, 10, 36, 22, 28, 18, 35, 6, 25, 9, 33, 29, 18, 28, 9
10, 4, 2, 3, 7, 2, 34, 10, 27, 11, 26, 25, 35, 23, 8, 5, 15, 12, 1, 21, 12
1, 18, 32, 25, 17, 26, 38, 7, 15, 24, 27, 24, 22, 0, 36, 18, 2, 38
17, 34, 10, 2, 14, 23, 10, 24, 21, 25, 22, 1, 39, 13, 39, 5, 35, 27, 4, 13
27, 24, 9, 31, 7, 21, 26, 17, 11, 21, 23, 2, 3, 6, 15, 27, 11
29, 26, 31, 34, 10, 9, 38, 39, 6, 20, 8, 39, 24, 31, 10, 9, 6, 1, 23
1, 18, 25, 32, 17, 26, 0, 7, 18, 27, 38, 38, 24, 15, 2, 24, 36, 22
18, 27, 22, 31, 29, 19, 15, 19, 2, 14, 30, 15, 31, 18, 31, 14, 31, 21, 11, 24, 17, 38, 2
26, 38, 1, 8, 38, 27, 8, 38, 15, 25, 29, 26, 31, 11, 27, 25, 1, 15, 13, 4, 13
27, 24, 9, 11, 6, 23, 21, 17, 15, 31, 26, 2, 7, 3, 27, 11, 21
10, 4, 3, 5, 11, 7, 10, 12, 15, 2, 21, 2, 1, 34, 12, 25, 26, 35, 8, 27, 23
29, 26, 31, 10, 20, 39, 6, 39, 9, 6, 34, 31, 38, 9, 10, 1, 8, 24, 23
1, 18, 32, 25, 7, 38, 18, 17, 24, 24, 26, 15, 36, 0, 22, 38, 27, 2
10, 35, 24, 1, 8, 19, 21, 28, 25, 16, 39, 2, 36, 16, 13, 14, 23, 11, 25
24, 23, 27, 2, 35, 7, 24, 5, 33, 38, 4, 1, 25, 30, 4, 31, 38, 39
18, 22, 31, 15, 27, 19, 2, 31, 38, 21, 19, 15, 14, 24, 30, 18, 2, 11, 31, 17, 14, 31, 29
9, 32, 33, 3, 37, 22, 2, 9, 28, 33, 35, 16, 5, 27, 33, 38, 0, 3
17, 34, 10, 10, 23, 39, 27, 2, 5, 1, 13, 13, 14, 35, 22, 21, 24, 4, 25, 39
38, 16, 27, 25, 13, 8, 19, 35, 4, 33, 18, 19, 5, 39, 23, 23, 18, 9, 32, 12, 15, 9
30, 23, 26, 39, 3, 31, 38, 0, 7, 25, 3, 24, 38, 23, 3, 4, 27, 26
24, 23, 27, 25, 30, 4, 1, 24, 38, 38, 39, 4, 31, 35, 5, 33, 7, 2
24, 38, 1, 23, 27, 24, 25, 30, 33, 38, 4, 5, 39, 31, 4, 7, 2, 35
18, 22, 31, 27, 29, 18, 2, 31, 31, 15, 19, 15, 14, 19, 14, 31, 38, 21, 30, 17, 24, 11, 2
10, 35, 8, 28, 24, 25, 1, 25, 39, 11, 21, 16, 14, 2, 36, 16, 19, 13, 23
18, 22, 29, 31, 24, 19, 27, 14, 15, 19, 2, 15, 18, 11, 31, 31, 31, 17, 30, 21, 38, 14, 2
23, 31, 16, 33, 21, 34, 31, 34, 30, 21, 4, 10, 12, 38, 5, 23, 28, 25
24, 23, 27, 1, 35, 24, 4, 33, 38, 39, 31, 25, 5, 30, 4, 38, 7, 2
9, 3, 33, 22, 9, 38, 28, 27, 32, 3, 33, 2, 37, 0, 16, 5, 35, 33
24, 30, 23, 1, 38, 27, 25, 24, 4, 38, 39, 4, 31, 35, 33, 5, 2, 7
39, 20, 4, 31, 8, 10, 16, 36, 6, 32, 35, 6, 29, 18, 25, 33, 18, 28, 22, 9, 9, 28
30, 26, 31, 38, 39, 3, 23, 25, 3, 24, 7, 26, 27, 3, 23, 38, 4, 0
12, 3, 18, 39, 32, 33, 9, 24, 28, 19, 36, 36, 14, 29, 13
12, 18, 3, 39, 33, 29, 9, 36, 13, 24, 28, 19, 32, 14, 36
39, 20, 8, 35, 18, 4, 31, 16, 10, 6, 6, 33, 29, 36, 18, 28, 9, 25, 32, 28, 9, 22
1, 32, 18, 25, 26, 0, 22, 7, 27, 24, 38, 17, 15, 2, 24, 38, 36, 18
17, 23, 2, 34, 10, 1, 25, 13, 24, 39, 21, 5, 27, 14, 35, 10, 39, 22, 13, 4
1, 18, 38, 25, 32, 24, 7, 24, 2, 17, 38, 15, 36, 18, 22, 27, 26, 0
9, 3, 33, 9, 5, 35, 22, 33, 16, 38, 0, 33, 2, 37, 32, 27, 3, 28
12, 3, 39, 19, 9, 18, 36, 33, 36, 13, 14, 29, 24, 28, 32
9, 33, 9, 3, 2, 32, 35, 22, 0, 3, 16, 28, 38, 33, 27, 5, 33, 37
29, 26, 31, 9, 24, 39, 6, 34, 39, 20, 10, 9, 1, 6, 23, 10, 8, 38, 31
18, 27, 22, 19, 31, 15, 29, 2, 38, 24, 15, 19, 31, 11, 31, 31, 2, 30, 17, 14, 21, 14, 18
10, 4, 10, 2, 3, 34, 11, 26, 15, 5, 12, 21, 1, 12, 25, 27, 8, 35, 23, 7, 2
17, 34, 10, 23, 13, 2, 21, 13, 14, 10, 1, 39, 27, 22, 25, 4, 39, 24, 35, 5
10, 8, 28, 35, 24, 16, 21, 19, 36, 25, 23, 25, 13, 16, 14, 11, 39, 1, 2
30, 26, 38, 39, 31, 23, 3, 38, 0, 4, 3, 7, 25, 23, 24, 3, 26, 27
38, 32, 0, 19, 10, 13, 29, 25, 2, 30, 1, 9, 32, 17, 15, 11, 34, 33, 26, 21, 39
30, 26, 38, 7, 3, 24, 0, 25, 27, 3, 39, 26, 4, 38, 31, 23, 23, 3
39, 20, 4, 8, 31, 18, 32, 35, 16, 25, 6, 28, 36, 10, 22, 33, 29, 9, 6, 18, 9, 28
23, 31, 30, 31, 16, 4, 10, 34, 21, 38, 28, 12, 33, 5, 23, 25, 21, 34
17, 34, 10, 27, 2, 25, 22, 39, 35, 4, 39, 23, 13, 21, 5, 13, 24, 1, 14, 10
26, 0, 6, 5, 7, 37, 31, 20, 28, 5, 31, 30, 23, 5, 19, 10, 29, 6, 18, 39
38, 32, 10, 13, 30, 34, 2, 32, 9, 0, 25, 15, 11, 33, 17, 26, 39, 21, 29, 19, 1
23, 31, 30, 16, 38, 21, 4, 21, 31, 34, 33, 12, 34, 10, 5, 25, 23, 28
25, 39, 16, 14, 28, 10, 13, 23, 35, 8, 24, 25, 16, 11, 1, 36, 2, 19, 21
27, 24, 9, 21, 17, 11, 2, 11, 21, 15, 23, 27, 26, 31, 7, 3, 6
1, 18, 25, 27, 32, 0, 26, 2, 24, 7, 38, 24, 38, 36, 18, 17, 15, 22
38, 32, 10, 15, 30, 1, 26, 29, 25, 21, 39, 32, 19, 13, 0, 9, 34, 17, 11, 2, 33
27, 27, 34, 11, 5, 34, 22, 26, 39, 36, 3, 39, 25, 10, 10, 27, 25, 7, 0
38, 32, 0, 10, 25, 17, 2, 15, 19, 33, 21, 39, 11, 9, 32, 30, 26, 1, 29, 13, 34
38, 16, 25, 8, 27, 23, 18, 18, 13, 23, 5, 32, 39, 9, 33, 12, 4, 19, 35, 15, 9, 19
10, 35, 14, 24, 13, 8, 25, 28, 23, 19, 16, 39, 16, 1, 36, 2, 25, 21, 11
17, 34, 10, 39, 35, 21, 23, 25, 24, 13, 1, 27, 39, 2, 10, 22, 5, 14, 13, 4
39, 31, 4, 20, 8, 16, 6, 6, 9, 28, 36, 33, 18, 28, 9, 29, 10, 35, 22, 32, 18, 25
30, 3, 39, 26, 38, 23, 25, 7, 3, 31, 26, 0, 27, 24, 3, 23, 38, 4
29, 26, 31, 6, 6, 1, 38, 24, 10, 20, 10, 8, 31, 23, 34, 39, 9, 39, 9
31, 28, 33, 32, 15, 1, 39, 38, 26, 16, 25, 32, 6, 25, 38, 15, 16
18, 15, 19, 19, 22, 27, 31, 31, 29, 15, 31, 14, 14, 30, 17, 18, 31, 11, 21, 38, 24, 2, 2
30, 3, 26, 26, 39, 38, 31, 7, 24, 27, 3, 3, 25, 23, 23, 4, 0, 38
12, 3, 39, 24, 18, 36, 28, 9, 13, 19, 32, 36, 29, 33, 14
1, 18, 25, 32, 17, 0, 18, 36, 7, 15, 24, 24, 26, 38, 2, 22, 27, 38
31, 28, 33, 1, 16, 32, 15, 26, 6, 16, 15, 39, 38, 25, 32, 25, 38
31, 32, 28, 1, 39, 33, 6, 32, 15, 15, 26, 16, 16, 25, 38, 38, 25
39, 20, 4, 8, 10, 32, 31, 9, 6, 6, 16, 36, 33, 29, 25, 28, 18, 35, 18, 22, 28, 9
27, 24, 9, 11, 17, 21, 27, 2, 11, 21, 15, 26, 23, 31, 7, 6, 3
9, 33, 3, 22, 9, 33, 0, 16, 38, 35, 2, 5, 33, 37, 32, 27, 3, 28
26, 0, 20, 31, 23, 6, 37, 5, 10, 7, 5, 18, 28, 31, 39, 19, 29, 5, 30, 6
29, 26, 31, 9, 34, 31, 6, 8, 23, 1, 10, 20, 24, 38, 39, 39, 9, 10, 6
10, 4, 15, 2, 3, 10, 21, 34, 5, 26, 11, 1, 12, 12, 8, 27, 25, 2, 35, 23, 7
10, 35, 24, 14, 13, 28, 2, 25, 23, 39, 16, 16, 8, 1, 11, 19, 21, 25, 36
24, 23, 27, 31, 4, 35, 38, 25, 7, 30, 1, 24, 33, 2, 4, 5, 38, 39
1, 18, 25, 17, 32, 15, 36, 7, 18, 0, 38, 22, 26, 27, 24, 2, 24, 38
26, 0, 6, 5, 20, 31, 5, 7, 10, 19, 5, 6, 18, 39, 29, 28, 31, 30, 23, 37
30, 26, 38, 26, 7, 23, 25, 39, 24, 31, 4, 38, 3, 0, 3, 23, 3, 27
9, 33, 9, 3, 38, 22, 2, 0, 35, 16, 5, 33, 33, 37, 32, 3, 27, 28
1, 18, 32, 25, 7, 38, 24, 24, 38, 36, 18, 17, 15, 22, 27, 26, 2, 0
24, 25, 23, 27, 30, 33, 39, 24, 4, 35, 38, 38, 4, 31, 1, 2, 5, 7
23, 31, 34, 34, 30, 5, 38, 10, 33, 12, 31, 23, 16, 4, 21, 25, 28, 21
31, 32, 39, 1, 28, 16, 33, 32, 16, 25, 25, 15, 6, 38, 15, 38, 26
1, 18, 25, 32, 24, 27, 38, 15, 7, 22, 2, 24, 0, 17, 26, 18, 38, 36
17, 34, 10, 5, 4, 14, 13, 24, 10, 39, 35, 1, 25, 13, 21, 27, 23, 2, 22, 39
18, 22, 31, 14, 30, 27, 29, 2, 24, 19, 14, 15, 11, 21, 17, 15, 19, 38, 2, 18, 31, 31, 31
27, 27, 34, 5, 10, 26, 11, 39, 27, 22, 25, 3, 36, 7, 34, 39, 0, 25, 10
35, 20, 31, 20, 39, 37, 29, 4, 1, 25, 34, 18, 7, 23, 27, 18, 39, 5
16, 10, 39, 23, 35, 8, 14, 13, 36, 25, 28, 25, 19, 21, 24, 11, 1, 16, 2
39, 20, 4, 8, 31, 6, 16, 18, 36, 10, 6, 28, 28, 33, 29, 22, 9, 35, 9, 25, 18, 32
22, 9, 38, 3, 33, 37, 32, 33, 9, 0, 35, 5, 2, 28, 16, 33, 27, 3
30, 23, 26, 3, 39, 38, 24, 7, 31, 3, 25, 27, 38, 23, 26, 4, 3, 0
10, 35, 25, 24, 28, 21, 39, 16, 19, 2, 1, 8, 25, 16, 11, 14, 13, 23, 36
17, 34, 10, 2, 23, 39, 5, 13, 4, 39, 25, 1, 22, 24, 35, 10, 27, 13, 21, 14
35, 20, 31, 20, 23, 39, 29, 27, 39, 1, 25, 18, 18, 34, 7, 4, 5, 37
31, 32, 28, 1, 33, 39, 25, 32, 38, 6, 16, 15, 16, 15, 25, 38, 26
39, 20, 8, 29, 28, 18, 18, 4, 32, 35, 6, 9, 10, 33, 9, 31, 22, 25, 28, 16, 36, 6
24, 23, 27, 24, 30, 35, 4, 2, 33, 4, 38, 1, 25, 38, 5, 39, 7, 31
24, 23, 27, 30, 39, 31, 4, 1, 4, 38, 25, 24, 35, 38, 33, 5, 7, 2
10, 35, 24, 8, 28, 13, 25, 23, 36, 25, 11, 21, 39, 19, 16, 1, 16, 2, 14
9, 33, 38, 9, 22, 5, 33, 28, 32, 3, 37, 27, 2, 3, 0, 16, 33, 35
18, 22, 31, 31, 27, 31, 19, 15, 31, 15, 19, 18, 11, 2, 30, 17, 14, 38, 21, 24, 2, 14, 29
38, 32, 0, 10, 1, 2, 30, 21, 25, 29, 19, 9, 15, 32, 34, 13, 17, 11, 26, 33, 39
23, 31, 4, 30, 12, 16, 28, 23, 38, 21, 34, 34, 21, 10, 33, 31, 5, 25
26, 38, 1, 11, 13, 31, 25, 8, 38, 15, 15, 25, 4, 29, 38, 8, 13, 1, 26, 27, 27
23, 31, 5, 30, 28, 33, 23, 25, 4, 31, 21, 16, 21, 12, 34, 38, 34, 10
10, 4, 2, 10, 3, 25, 34, 12, 5, 15, 35, 26, 11, 12, 8, 23, 27, 7, 2, 1, 21
26, 0, 5, 10, 37, 6, 31, 5, 30, 5, 20, 7, 6, 19, 23, 18, 29, 28, 39, 31
26, 38, 1, 11, 29, 31, 27, 8, 8, 26, 25, 15, 38, 15, 13, 25, 4, 38, 1, 13, 27
18, 22, 31, 2, 30, 38, 29, 19, 27, 15, 14, 2, 15, 11, 19, 14, 24, 21, 17, 18, 31, 31, 31
10, 4, 15, 34, 5, 8, 26, 2, 21, 10, 7, 12, 1, 3, 2, 27, 11, 12, 23, 25, 35
24, 23, 27, 1, 24, 35, 31, 30, 38, 5, 33, 4, 25, 39, 4, 2, 38, 7
