17, 34, 10, 2, 23, 1, 25, 24, 14, 10, 22, 35, 39, 5, 13, 4, 21, 39, 27, 13
27, 27, 34, 11, 5, 26, 22, 3, 39, 36, 34, 25, 10, 10, 27, 25, 7, 0, 39
39, 20, 8, 4, 31, 16, 6, 36, 10, 6, 33, 29, 18, 28, 9, 32, 25, 28, 22, 9, 35, 18
30, 26, 38, 39, 31, 23, 3, 7, 25, 24, 3, 26, 27, 3, 23, 4, 0, 38
26, 0, 20, 6, 5, 10, 31, 19, 6, 18, 28, 31, 30, 23, 37, 7, 5, 5, 29, 39
18, 22, 31, 27, 19, 15, 19, 18, 31, 31, 31, 30, 14, 21, 24, 2, 15, 11, 17, 38, 2, 14, 29
17, 34, 10, 2, 23, 1, 25, 24, 14, 10, 22, 35, 39, 5, 13, 4, 21, 39, 27, 13
10, 35, 24, 8, 28, 25, 39, 16, 14, 13, 23, 36, 11, 25, 19, 1, 21, 16, 2
17, 34, 10, 2, 23, 1, 25, 24, 14, 10, 22, 35, 39, 5, 13, 4, 21, 39, 27, 13
26, 0, 20, 6, 5, 10, 31, 19, 6, 18, 28, 31, 30, 23, 37, 7, 5, 5, 29, 39
10, 4, 3, 2, 10, 34, 26, 15, 5, 12, 1, 21, 12, 25, 35, 8, 27, 23, 7, 2, 11
10, 35, 24, 8, 28, 25, 39, 16, 14, 13, 23, 36, 11, 25, 19, 1, 21, 16, 2
1, 18, 25, 32, 7, 38, 24, 24, 38, 36, 18, 17, 15, 22, 27, 26, 0, 2
38, 16, 27, 8, 25, 13, 4, 5, 18, 33, 35, 19, 9, 32, 15, 9, 19, 18, 39, 23, 23, 12
17, 34, 10, 2, 23, 1, 25, 24, 14, 10, 22, 35, 39, 5, 13, 4, 21, 39, 27, 13
24, 23, 27, 1, 24, 38, 25, 30, 4, 38, 39, 31, 4, 35, 33, 5, 7, 2
17, 34, 10, 2, 23, 1, 25, 24, 14, 10, 22, 35, 39, 5, 13, 4, 21, 39, 27, 13
12, 3, 39, 18, 33, 9, 14, 36, 29, 13, 24, 28, 32, 19, 36
31, 28, 33, 1, 32, 39, 16, 32, 38, 6, 15, 16, 15, 38, 26, 25, 25
26, 38, 1, 31, 11, 25, 38, 8, 29, 8, 15, 25, 15, 13, 4, 38, 1, 13, 27, 26, 27
26, 0, 20, 6, 5, 10, 31, 19, 6, 18, 28, 31, 30, 23, 37, 7, 5, 5, 29, 39
23, 31, 30, 31, 16, 4, 38, 21, 12, 34, 10, 5, 25, 28, 23, 34, 33, 21
39, 20, 8, 4, 31, 16, 6, 36, 10, 6, 33, 29, 18, 28, 9, 32, 25, 28, 22, 9, 35, 18
26, 0, 20, 6, 5, 10, 31, 19, 6, 18, 28, 31, 30, 23, 37, 7, 5, 5, 29, 39
29, 26, 31, 20, 39, 39, 9, 6, 8, 23, 38, 31, 34, 9, 6, 10, 1, 24, 10
26, 38, 1, 31, 11, 25, 38, 8, 29, 8, 15, 25, 15, 13, 4, 38, 1, 13, 27, 26, 27
17, 34, 10, 2, 23, 1, 25, 24, 14, 10, 22, 35, 39, 5, 13, 4, 21, 39, 27, 13
26, 0, 20, 6, 5, 10, 31, 19, 6, 18, 28, 31, 30, 23, 37, 7, 5, 5, 29, 39
10, 35, 24, 8, 28, 25, 39, 16, 14, 13, 23, 36, 11, 25, 19, 1, 21, 16, 2
18, 22, 31, 27, 19, 15, 19, 18, 31, 31, 31, 30, 14, 21, 24, 2, 15, 11, 17, 38, 2, 14, 29
27, 27, 34, 11, 5, 26, 22, 3, 39, 36, 34, 25, 10, 10, 27, 25, 7, 0, 39
38, 16, 27, 8, 25, 13, 4, 5, 18, 33, 35, 19, 9, 32, 15, 9, 19, 18, 39, 23, 23, 12
31, 28, 33, 1, 32, 39, 16, 32, 38, 6, 15, 16, 15, 38, 26, 25, 25
24, 23, 27, 1, 24, 38, 25, 30, 4, 38, 39, 31, 4, 35, 33, 5, 7, 2
18, 22, 31, 27, 19, 15, 19, 18, 31, 31, 31, 30, 14, 21, 24, 2, 15, 11, 17, 38, 2, 14, 29
24, 23, 27, 1, 24, 38, 25, 30, 4, 38, 39, 31, 4, 35, 33, 5, 7, 2
30, 26, 38, 39, 31, 23, 3, 7, 25, 24, 3, 26, 27, 3, 23, 4, 0, 38
29, 26, 31, 20, 39, 39, 9, 6, 8, 23, 38, 31, 34, 9, 6, 10, 1, 24, 10
12, 3, 39, 18, 33, 9, 14, 36, 29, 13, 24, 28, 32, 19, 36
27, 24, 9, 11, 2, 27, 21, 21, 26, 23, 31, 7, 6, 3, 11, 15, 17
10, 35, 24, 8, 28, 25, 39, 16, 14, 13, 23, 36, 11, 25, 19, 1, 21, 16, 2
12, 3, 39, 18, 33, 9, 14, 36, 29, 13, 24, 28, 32, 19, 36
35, 20, 31, 20, 39, 29, 25, 34, 18, 7, 23, 27, 39, 18, 5, 1, 4, 37
27, 24, 9, 11, 2, 27, 21, 21, 26, 23, 31, 7, 6, 3, 11, 15, 17
38, 32, 10, 0, 2, 30, 15, 32, 17, 11, 33, 26, 39, 21, 29, 19, 1, 25, 9, 34, 13
23, 31, 30, 31, 16, 4, 38, 21, 12, 34, 10, 5, 25, 28, 23, 34, 33, 21
24, 23, 27, 1, 24, 38, 25, 30, 4, 38, 39, 31, 4, 35, 33, 5, 7, 2
26, 38, 1, 31, 11, 25, 38, 8, 29, 8, 15, 25, 15, 13, 4, 38, 1, 13, 27, 26, 27
39, 20, 8, 4, 31, 16, 6, 36, 10, 6, 33, 29, 18, 28, 9, 32, 25, 28, 22, 9, 35, 18
24, 23, 27, 1, 24, 38, 25, 30, 4, 38, 39, 31, 4, 35, 33, 5, 7, 2
10, 35, 24, 8, 28, 25, 39, 16, 14, 13, 23, 36, 11, 25, 19, 1, 21, 16, 2
27, 24, 9, 11, 2, 27, 21, 21, 26, 23, 31, 7, 6, 3, 11, 15, 17
10, 4, 3, 2, 10, 34, 26, 15, 5, 12, 1, 21, 12, 25, 35, 8, 27, 23, 7, 2, 11
29, 26, 31, 20, 39, 39, 9, 6, 8, 23, 38, 31, 34, 9, 6, 10, 1, 24, 10
31, 28, 33, 1, 32, 39, 16, 32, 38, 6, 15, 16, 15, 38, 26, 25, 25
24, 23, 27, 1, 24, 38, 25, 30, 4, 38, 39, 31, 4, 35, 33, 5, 7, 2
30, 26, 38, 39, 31, 23, 3, 7, 25, 24, 3, 26, 27, 3, 23, 4, 0, 38
31, 28, 33, 1, 32, 39, 16, 32, 38, 6, 15, 16, 15, 38, 26, 25, 25
1, 18, 25, 32, 7, 38, 24, 24, 38, 36, 18, 17, 15, 22, 27, 26, 0, 2
27, 24, 9, 11, 2, 27, 21, 21, 26, 23, 31, 7, 6, 3, 11, 15, 17
38, 32, 10, 0, 2, 30, 15, 32, 17, 11, 33, 26, 39, 21, 29, 19, 1, 25, 9, 34, 13
10, 4, 3, 2, 10, 34, 26, 15, 5, 12, 1, 21, 12, 25, 35, 8, 27, 23, 7, 2, 11
31, 28, 33, 1, 32, 39, 16, 32, 38, 6, 15, 16, 15, 38, 26, 25, 25
38, 16, 27, 8, 25, 13, 4, 5, 18, 33, 35, 19, 9, 32, 15, 9, 19, 18, 39, 23, 23, 12
17, 34, 10, 2, 23, 1, 25, 24, 14, 10, 22, 35, 39, 5, 13, 4, 21, 39, 27, 13
29, 26, 31, 20, 39, 39, 9, 6, 8, 23, 38, 31, 34, 9, 6, 10, 1, 24, 10
1, 18, 25, 32, 7, 38, 24, 24, 38, 36, 18, 17, 15, 22, 27, 26, 0, 2
35, 20, 31, 20, 39, 29, 25, 34, 18, 7, 23, 27, 39, 18, 5, 1, 4, 37
38, 16, 27, 8, 25, 13, 4, 5, 18, 33, 35, 19, 9, 32, 15, 9, 19, 18, 39, 23, 23, 12
30, 26, 38, 39, 31, 23, 3, 7, 25, 24, 3, 26, 27, 3, 23, 4, 0, 38
9, 33, 9, 3, 22, 38, 5, 33, 37, 32, 28, 27, 3, 33, 0, 16, 2, 35
35, 20, 31, 20, 39, 29, 25, 34, 18, 7, 23, 27, 39, 18, 5, 1, 4, 37
1, 18, 25, 32, 7, 38, 24, 24, 38, 36, 18, 17, 15, 22, 27, 26, 0, 2
27, 27, 34, 11, 5, 26, 22, 3, 39, 36, 34, 25, 10, 10, 27, 25, 7, 0, 39
10, 4, 3, 2, 10, 34, 26, 15, 5, 12, 1, 21, 12, 25, 35, 8, 27, 23, 7, 2, 11
1, 18, 25, 32, 7, 38, 24, 24, 38, 36, 18, 17, 15, 22, 27, 26, 0, 2
12, 3, 39, 18, 33, 9, 14, 36, 29, 13, 24, 28, 32, 19, 36
35, 20, 31, 20, 39, 29, 25, 34, 18, 7, 23, 27, 39, 18, 5, 1, 4, 37
26, 38, 1, 31, 11, 25, 38, 8, 29, 8, 15, 25, 15, 13, 4, 38, 1, 13, 27, 26, 27
9, 33, 9, 3, 22, 38, 5, 33, 37, 32, 28, 27, 3, 33, 0, 16, 2, 35
38, 32, 10, 0, 2, 30, 15, 32, 17, 11, 33, 26, 39, 21, 29, 19, 1, 25, 9, 34, 13
29, 26, 31, 20, 39, 39, 9, 6, 8, 23, 38, 31, 34, 9, 6, 10, 1, 24, 10
31, 28, 33, 1, 32, 39, 16, 32, 38, 6, 15, 16, 15, 38, 26, 25, 25
9, 33, 9, 3, 22, 38, 5, 33, 37, 32, 28, 27, 3, 33, 0, 16, 2, 35
29, 26, 31, 20, 39, 39, 9, 6, 8, 23, 38, 31, 34, 9, 6, 10, 1, 24, 10
26, 38, 1, 31, 11, 25, 38, 8, 29, 8, 15, 25, 15, 13, 4, 38, 1, 13, 27, 26, 27
9, 33, 9, 3, 22, 38, 5, 33, 37, 32, 28, 27, 3, 33, 0, 16, 2, 35
27, 24, 9, 11, 2, 27, 21, 21, 26, 23, 31, 7, 6, 3, 11, 15, 17
12, 3, 39, 18, 33, 9, 14, 36, 29, 13, 24, 28, 32, 19, 36
10, 4, 3, 2, 10, 34, 26, 15, 5, 12, 1, 21, 12, 25, 35, 8, 27, 23, 7, 2, 11
31, 28, 33, 1, 32, 39, 16, 32, 38, 6, 15, 16, 15, 38, 26, 25, 25
1, 18, 25, 32, 7, 38, 24, 24, 38, 36, 18, 17, 15, 22, 27, 26, 0, 2
24, 23, 27, 1, 24, 38, 25, 30, 4, 38, 39, 31, 4, 35, 33, 5, 7, 2
27, 27, 34, 11, 5, 26, 22, 3, 39, 36, 34, 25, 10, 10, 27, 25, 7, 0, 39
39, 20, 8, 4, 31, 16, 6, 36, 10, 6, 33, 29, 18, 28, 9, 32, 25, 28, 22, 9, 35, 18
29, 26, 31, 20, 39, 39, 9, 6, 8, 23, 38, 31, 34, 9, 6, 10, 1, 24, 10
26, 38, 1, 31, 11, 25, 38, 8, 29, 8, 15, 25, 15, 13, 4, 38, 1, 13, 27, 26, 27
39, 20, 8, 4, 31, 16, 6, 36, 10, 6, 33, 29, 18, 28, 9, 32, 25, 28, 22, 9, 35, 18
9, 33, 9, 3, 22, 38, 5, 33, 37, 32, 28, 27, 3, 33, 0, 16, 2, 35
23, 31, 30, 31, 16, 4, 38, 21, 12, 34, 10, 5, 25, 28, 23, 34, 33, 21
17, 34, 10, 2, 23, 1, 25, 24, 14, 10, 22, 35, 39, 5, 13, 4, 21, 39, 27, 13
26, 0, 20, 6, 5, 10, 31, 19, 6, 18, 28, 31, 30, 23, 37, 7, 5, 5, 29, 39
17, 34, 10, 2, 23, 1, 25, 24, 14, 10, 22, 35, 39, 5, 13, 4, 21, 39, 27, 13
26, 38, 1, 31, 11, 25, 38, 8, 29, 8, 15, 25, 15, 13, 4, 38, 1, 13, 27, 26, 27
38, 16, 27, 8, 25, 13, 4, 5, 18, 33, 35, 19, 9, 32, 15, 9, 19, 18, 39, 23, 23, 12
29, 26, 31, 20, 39, 39, 9, 6, 8, 23, 38, 31, 34, 9, 6, 10, 1, 24, 10
26, 0, 20, 6, 5, 10, 31, 19, 6, 18, 28, 31, 30, 23, 37, 7, 5, 5, 29, 39
1, 18, 25, 32, 7, 38, 24, 24, 38, 36, 18, 17, 15, 22, 27, 26, 0, 2
26, 38, 1, 31, 11, 25, 38, 8, 29, 8, 15, 25, 15, 13, 4, 38, 1, 13, 27, 26, 27
35, 20, 31, 20, 39, 29, 25, 34, 18, 7, 23, 27, 39, 18, 5, 1, 4, 37
26, 38, 1, 31, 11, 25, 38, 8, 29, 8, 15, 25, 15, 13, 4, 38, 1, 13, 27, 26, 27
27, 27, 34, 11, 5, 26, 22, 3, 39, 36, 34, 25, 10, 10, 27, 25, 7, 0, 39
24, 23, 27, 1, 24, 38, 25, 30, 4, 38, 39, 31, 4, 35, 33, 5, 7, 2
35, 20, 31, 20, 39, 29, 25, 34, 18, 7, 23, 27, 39, 18, 5, 1, 4, 37
29, 26, 31, 20, 39, 39, 9, 6, 8, 23, 38, 31, 34, 9, 6, 10, 1, 24, 10
38, 32, 10, 0, 2, 30, 15, 32, 17, 11, 33, 26, 39, 21, 29, 19, 1, 25, 9, 34, 13
26, 38, 1, 31, 11, 25, 38, 8, 29, 8, 15, 25, 15, 13, 4, 38, 1, 13, 27, 26, 27
30, 26, 38, 39, 31, 23, 3, 7, 25, 24, 3, 26, 27, 3, 23, 4, 0, 38
26, 0, 20, 6, 5, 10, 31, 19, 6, 18, 28, 31, 30, 23, 37, 7, 5, 5, 29, 39
10, 4, 3, 2, 10, 34, 26, 15, 5, 12, 1, 21, 12, 25, 35, 8, 27, 23, 7, 2, 11
9, 33, 9, 3, 22, 38, 5, 33, 37, 32, 28, 27, 3, 33, 0, 16, 2, 35
12, 3, 39, 18, 33, 9, 14, 36, 29, 13, 24, 28, 32, 19, 36
23, 31, 30, 31, 16, 4, 38, 21, 12, 34, 10, 5, 25, 28, 23, 34, 33, 21
26, 38, 1, 31, 11, 25, 38, 8, 29, 8, 15, 25, 15, 13, 4, 38, 1, 13, 27, 26, 27
26, 38, 1, 31, 11, 25, 38, 8, 29, 8, 15, 25, 15, 13, 4, 38, 1, 13, 27, 26, 27
38, 16, 27, 8, 25, 13, 4, 5, 18, 33, 35, 19, 9, 32, 15, 9, 19, 18, 39, 23, 23, 12
23, 31, 30, 31, 16, 4, 38, 21, 12, 34, 10, 5, 25, 28, 23, 34, 33, 21
1, 18, 25, 32, 7, 38, 24, 24, 38, 36, 18, 17, 15, 22, 27, 26, 0, 2
38, 32, 10, 0, 2, 30, 15, 32, 17, 11, 33, 26, 39, 21, 29, 19, 1, 25, 9, 34, 13
23, 31, 30, 31, 16, 4, 38, 21, 12, 34, 10, 5, 25, 28, 23, 34, 33, 21
27, 27, 34, 11, 5, 26, 22, 3, 39, 36, 34, 25, 10, 10, 27, 25, 7, 0, 39
27, 24, 9, 11, 2, 27, 21, 21, 26, 23, 31, 7, 6, 3, 11, 15, 17
39, 20, 8, 4, 31, 16, 6, 36, 10, 6, 33, 29, 18, 28, 9, 32, 25, 28, 22, 9, 35, 18
26, 38, 1, 31, 11, 25, 38, 8, 29, 8, 15, 25, 15, 13, 4, 38, 1, 13, 27, 26, 27
27, 24, 9, 11, 2, 27, 21, 21, 26, 23, 31, 7, 6, 3, 11, 15, 17
27, 27, 34, 11, 5, 26, 22, 3, 39, 36, 34, 25, 10, 10, 27, 25, 7, 0, 39
24, 23, 27, 1, 24, 38, 25, 30, 4, 38, 39, 31, 4, 35, 33, 5, 7, 2
27, 24, 9, 11, 2, 27, 21, 21, 26, 23, 31, 7, 6, 3, 11, 15, 17
38, 32, 10, 0, 2, 30, 15, 32, 17, 11, 33, 26, 39, 21, 29, 19, 1, 25, 9, 34, 13
30, 26, 38, 39, 31, 23, 3, 7, 25, 24, 3, 26, 27, 3, 23, 4, 0, 38
30, 26, 38, 39, 31, 23, 3, 7, 25, 24, 3, 26, 27, 3, 23, 4, 0, 38
39, 20, 8, 4, 31, 16, 6, 36, 10, 6, 33, 29, 18, 28, 9, 32, 25, 28, 22, 9, 35, 18
9, 33, 9, 3, 22, 38, 5, 33, 37, 32, 28, 27, 3, 33, 0, 16, 2, 35
30, 26, 38, 39, 31, 23, 3, 7, 25, 24, 3, 26, 27, 3, 23, 4, 0, 38
1, 18, 25, 32, 7, 38, 24, 24, 38, 36, 18, 17, 15, 22, 27, 26, 0, 2
24, 23, 27, 1, 24, 38, 25, 30, 4, 38, 39, 31, 4, 35, 33, 5, 7, 2
12, 3, 39, 18, 33, 9, 14, 36, 29, 13, 24, 28, 32, 19, 36
38, 16, 27, 8, 25, 13, 4, 5, 18, 33, 35, 19, 9, 32, 15, 9, 19, 18, 39, 23, 23, 12
17, 34, 10, 2, 23, 1, 25, 24, 14, 10, 22, 35, 39, 5, 13, 4, 21, 39, 27, 13
18, 22, 31, 27, 19, 15, 19, 18, 31, 31, 31, 30, 14, 21, 24, 2, 15, 11, 17, 38, 2, 14, 29
29, 26, 31, 20, 39, 39, 9, 6, 8, 23, 38, 31, 34, 9, 6, 10, 1, 24, 10
1, 18, 25, 32, 7, 38, 24, 24, 38, 36, 18, 17, 15, 22, 27, 26, 0, 2
23, 31, 30, 31, 16, 4, 38, 21, 12, 34, 10, 5, 25, 28, 23, 34, 33, 21
27, 24, 9, 11, 2, 27, 21, 21, 26, 23, 31, 7, 6, 3, 11, 15, 17
10, 35, 24, 8, 28, 25, 39, 16, 14, 13, 23, 36, 11, 25, 19, 1, 21, 16, 2
18, 22, 31, 27, 19, 15, 19, 18, 31, 31, 31, 30, 14, 21, 24, 2, 15, 11, 17, 38, 2, 14, 29
30, 26, 38, 39, 31, 23, 3, 7, 25, 24, 3, 26, 27, 3, 23, 4, 0, 38
9, 33, 9, 3, 22, 38, 5, 33, 37, 32, 28, 27, 3, 33, 0, 16, 2, 35
10, 35, 24, 8, 28, 25, 39, 16, 14, 13, 23, 36, 11, 25, 19, 1, 21, 16, 2
18, 22, 31, 27, 19, 15, 19, 18, 31, 31, 31, 30, 14, 21, 24, 2, 15, 11, 17, 38, 2, 14, 29
38, 32, 10, 0, 2, 30, 15, 32, 17, 11, 33, 26, 39, 21, 29, 19, 1, 25, 9, 34, 13
23, 31, 30, 31, 16, 4, 38, 21, 12, 34, 10, 5, 25, 28, 23, 34, 33, 21
39, 20, 8, 4, 31, 16, 6, 36, 10, 6, 33, 29, 18, 28, 9, 32, 25, 28, 22, 9, 35, 18
26, 0, 20, 6, 5, 10, 31, 19, 6, 18, 28, 31, 30, 23, 37, 7, 5, 5, 29, 39
18, 22, 31, 27, 19, 15, 19, 18, 31, 31, 31, 30, 14, 21, 24, 2, 15, 11, 17, 38, 2, 14, 29
10, 35, 24, 8, 28, 25, 39, 16, 14, 13, 23, 36, 11, 25, 19, 1, 21, 16, 2
18, 22, 31, 27, 19, 15, 19, 18, 31, 31, 31, 30, 14, 21, 24, 2, 15, 11, 17, 38, 2, 14, 29
23, 31, 30, 31, 16, 4, 38, 21, 12, 34, 10, 5, 25, 28, 23, 34, 33, 21
27, 24, 9, 11, 2, 27, 21, 21, 26, 23, 31, 7, 6, 3, 11, 15, 17
24, 23, 27, 1, 24, 38, 25, 30, 4, 38, 39, 31, 4, 35, 33, 5, 7, 2
26, 0, 20, 6, 5, 10, 31, 19, 6, 18, 28, 31, 30, 23, 37, 7, 5, 5, 29, 39
26, 0, 20, 6, 5, 10, 31, 19, 6, 18, 28, 31, 30, 23, 37, 7, 5, 5, 29, 39
23, 31, 30, 31, 16, 4, 38, 21, 12, 34, 10, 5, 25, 28, 23, 34, 33, 21
27, 24, 9, 11, 2, 27, 21, 21, 26, 23, 31, 7, 6, 3, 11, 15, 17
10, 4, 3, 2, 10, 34, 26, 15, 5, 12, 1, 21, 12, 25, 35, 8, 27, 23, 7, 2, 11
17, 34, 10, 2, 23, 1, 25, 24, 14, 10, 22, 35, 39, 5, 13, 4, 21, 39, 27, 13
18, 22, 31, 27, 19, 15, 19, 18, 31, 31, 31, 30, 14, 21, 24, 2, 15, 11, 17, 38, 2, 14, 29
26, 0, 20, 6, 5, 10, 31, 19, 6, 18, 28, 31, 30, 23, 37, 7, 5, 5, 29, 39
10, 4, 3, 2, 10, 34, 26, 15, 5, 12, 1, 21, 12, 25, 35, 8, 27, 23, 7, 2, 11
12, 3, 39, 18, 33, 9, 14, 36, 29, 13, 24, 28, 32, 19, 36
35, 20, 31, 20, 39, 29, 25, 34, 18, 7, 23, 27, 39, 18, 5, 1, 4, 37
26, 0, 20, 6, 5, 10, 31, 19, 6, 18, 28, 31, 30, 23, 37, 7, 5, 5, 29, 39
26, 0, 20, 6, 5, 10, 31, 19, 6, 18, 28, 31, 30, 23, 37, 7, 5, 5, 29, 39
1, 18, 25, 32, 7, 38, 24, 24, 38, 36, 18, 17, 15, 22, 27, 26, 0, 2
27, 24, 9, 11, 2, 27, 21, 21, 26, 23, 31, 7, 6, 3, 11, 15, 17
1, 18, 25, 32, 7, 38, 24, 24, 38, 36, 18, 17, 15, 22, 27, 26, 0, 2
12, 3, 39, 18, 33, 9, 14, 36, 29, 13, 24, 28, 32, 19, 36
18, 22, 31, 27, 19, 15, 19, 18, 31, 31, 31, 30, 14, 21, 24, 2, 15, 11, 17, 38, 2, 14, 29
9, 33, 9, 3, 22, 38, 5, 33, 37, 32, 28, 27, 3, 33, 0, 16, 2, 35
31, 28, 33, 1, 32, 39, 16, 32, 38, 6, 15, 16, 15, 38, 26, 25, 25
30, 26, 38, 39, 31, 23, 3, 7, 25, 24, 3, 26, 27, 3, 23, 4, 0, 38
35, 20, 31, 20, 39, 29, 25, 34, 18, 7, 23, 27, 39, 18, 5, 1, 4, 37
31, 28, 33, 1, 32, 39, 16, 32, 38, 6, 15, 16, 15, 38, 26, 25, 25
9, 33, 9, 3, 22, 38, 5, 33, 37, 32, 28, 27, 3, 33, 0, 16, 2, 35
10, 4, 3, 2, 10, 34, 26, 15, 5, 12, 1, 21, 12, 25, 35, 8, 27, 23, 7, 2, 11
38, 16, 27, 8, 25, 13, 4, 5, 18, 33, 35, 19, 9, 32, 15, 9, 19, 18, 39, 23, 23, 12
35, 20, 31, 20, 39, 29, 25, 34, 18, 7, 23, 27, 39, 18, 5, 1, 4, 37
10, 35, 24, 8, 28, 25, 39, 16, 14, 13, 23, 36, 11, 25, 19, 1, 21, 16, 2
30, 26, 38, 39, 31, 23, 3, 7, 25, 24, 3, 26, 27, 3, 23, 4, 0, 38
27, 27, 34, 11, 5, 26, 22, 3, 39, 36, 34, 25, 10, 10, 27, 25, 7, 0, 39
26, 38, 1, 31, 11, 25, 38, 8, 29, 8, 15, 25, 15, 13, 4, 38, 1, 13, 27, 26, 27
30, 26, 38, 39, 31, 23, 3, 7, 25, 24, 3, 26, 27, 3, 23, 4, 0, 38
38, 32, 10, 0, 2, 30, 15, 32, 17, 11, 33, 26, 39, 21, 29, 19, 1, 25, 9, 34, 13
9, 33, 9, 3, 22, 38, 5, 33, 37, 32, 28, 27, 3, 33, 0, 16, 2, 35
35, 20, 31, 20, 39, 29, 25, 34, 18, 7, 23, 27, 39, 18, 5, 1, 4, 37
18, 22, 31, 27, 19, 15, 19, 18, 31, 31, 31, 30, 14, 21, 24, 2, 15, 11, 17, 38, 2, 14, 29
35, 20, 31, 20, 39, 29, 25, 34, 18, 7, 23, 27, 39, 18, 5, 1, 4, 37
27, 27, 34, 11, 5, 26, 22, 3, 39, 36, 34, 25, 10, 10, 27, 25, 7, 0, 39
27, 24, 9, 11, 2, 27, 21, 21, 26, 23, 31, 7, 6, 3, 11, 15, 17
10, 35, 24, 8, 28, 25, 39, 16, 14, 13, 23, 36, 11, 25, 19, 1, 21, 16, 2
9, 33, 9, 3, 22, 38, 5, 33, 37, 32, 28, 27, 3, 33, 0, 16, 2, 35
10, 4, 3, 2, 10, 34, 26, 15, 5, 12, 1, 21, 12, 25, 35, 8, 27, 23, 7, 2, 11
29, 26, 31, 20, 39, 39, 9, 6, 8, 23, 38, 31, 34, 9, 6, 10, 1, 24, 10
31, 28, 33, 1, 32, 39, 16, 32, 38, 6, 15, 16, 15, 38, 26, 25, 25
10, 4, 3, 2, 10, 34, 26, 15, 5, 12, 1, 21, 12, 25, 35, 8, 27, 23, 7, 2, 11
1, 18, 25, 32, 7, 38, 24, 24, 38, 36, 18, 17, 15, 22, 27, 26, 0, 2
12, 3, 39, 18, 33, 9, 14, 36, 29, 13, 24, 28, 32, 19, 36
27, 24, 9, 11, 2, 27, 21, 21, 26, 23, 31, 7, 6, 3, 11, 15, 17
17, 34, 10, 2, 23, 1, 25, 24, 14, 10, 22, 35, 39, 5, 13, 4, 21, 39, 27, 13
10, 4, 3, 2, 10, 34, 26, 15, 5, 12, 1, 21, 12, 25, 35, 8, 27, 23, 7, 2, 11
24, 23, 27, 1, 24, 38, 25, 30, 4, 38, 39, 31, 4, 35, 33, 5, 7, 2
35, 20, 31, 20, 39, 29, 25, 34, 18, 7, 23, 27, 39, 18, 5, 1, 4, 37
26, 38, 1, 31, 11, 25, 38, 8, 29, 8, 15, 25, 15, 13, 4, 38, 1, 13, 27, 26, 27
39, 20, 8, 4, 31, 16, 6, 36, 10, 6, 33, 29, 18, 28, 9, 32, 25, 28, 22, 9, 35, 18
17, 34, 10, 2, 23, 1, 25, 24, 14, 10, 22, 35, 39, 5, 13, 4, 21, 39, 27, 13
27, 27, 34, 11, 5, 26, 22, 3, 39, 36, 34, 25, 10, 10, 27, 25, 7, 0, 39
27, 24, 9, 11, 2, 27, 21, 21, 26, 23, 31, 7, 6, 3, 11, 15, 17
31, 28, 33, 1, 32, 39, 16, 32, 38, 6, 15, 16, 15, 38, 26, 25, 25
30, 26, 38, 39, 31, 23, 3, 7, 25, 24, 3, 26, 27, 3, 23, 4, 0, 38
17, 34, 10, 2, 23, 1, 25, 24, 14, 10, 22, 35, 39, 5, 13, 4, 21, 39, 27, 13
31, 28, 33, 1, 32, 39, 16, 32, 38, 6, 15, 16, 15, 38, 26, 25, 25
1, 18, 25, 32, 7, 38, 24, 24, 38, 36, 18, 17, 15, 22, 27, 26, 0, 2
38, 32, 10, 0, 2, 30, 15, 32, 17, 11, 33, 26, 39, 21, 29, 19, 1, 25, 9, 34, 13
17, 34, 10, 2, 23, 1, 25, 24, 14, 10, 22, 35, 39, 5, 13, 4, 21, 39, 27, 13
38, 32, 10, 0, 2, 30, 15, 32, 17, 11, 33, 26, 39, 21, 29, 19, 1, 25, 9, 34, 13
29, 26, 31, 20, 39, 39, 9, 6, 8, 23, 38, 31, 34, 9, 6, 10, 1, 24, 10
18, 22, 31, 27, 19, 15, 19, 18, 31, 31, 31, 30, 14, 21, 24, 2, 15, 11, 17, 38, 2, 14, 29
23, 31, 30, 31, 16, 4, 38, 21, 12, 34, 10, 5, 25, 28, 23, 34, 33, 21
1, 18, 25, 32, 7, 38, 24, 24, 38, 36, 18, 17, 15, 22, 27, 26, 0, 2
26, 38, 1, 31, 11, 25, 38, 8, 29, 8, 15, 25, 15, 13, 4, 38, 1, 13, 27, 26, 27
10, 4, 3, 2, 10, 34, 26, 15, 5, 12, 1, 21, 12, 25, 35, 8, 27, 23, 7, 2, 11
12, 3, 39, 18, 33, 9, 14, 36, 29, 13, 24, 28, 32, 19, 36
35, 20, 31, 20, 39, 29, 25, 34, 18, 7, 23, 27, 39, 18, 5, 1, 4, 37
1, 18, 25, 32, 7, 38, 24, 24, 38, 36, 18, 17, 15, 22, 27, 26, 0, 2
27, 27, 34, 11, 5, 26, 22, 3, 39, 36, 34, 25, 10, 10, 27, 25, 7, 0, 39
38, 16, 27, 8, 25, 13, 4, 5, 18, 33, 35, 19, 9, 32, 15, 9, 19, 18, 39, 23, 23, 12
31, 28, 33, 1, 32, 39, 16, 32, 38, 6, 15, 16, 15, 38, 26, 25, 25
27, 27, 34, 11, 5, 26, 22, 3, 39, 36, 34, 25, 10, 10, 27, 25, 7, 0, 39
30, 26, 38, 39, 31, 23, 3, 7, 25, 24, 3, 26, 27, 3, 23, 4, 0, 38
1, 18, 25, 32, 7, 38, 24, 24, 38, 36, 18, 17, 15, 22, 27, 26, 0, 2
26, 0, 20, 6, 5, 10, 31, 19, 6, 18, 28, 31, 30, 23, 37, 7, 5, 5, 29, 39
10, 4, 3, 2, 10, 34, 26, 15, 5, 12, 1, 21, 12, 25, 35, 8, 27, 23, 7, 2, 11
39, 20, 8, 4, 31, 16, 6, 36, 10, 6, 33, 29, 18, 28, 9, 32, 25, 28, 22, 9, 35, 18
17, 34, 10, 2, 23, 1, 25, 24, 14, 10, 22, 35, 39, 5, 13, 4, 21, 39, 27, 13
31, 28, 33, 1, 32, 39, 16, 32, 38, 6, 15, 16, 15, 38, 26, 25, 25
18, 22, 31, 27, 19, 15, 19, 18, 31, 31, 31, 30, 14, 21, 24, 2, 15, 11, 17, 38, 2, 14, 29
38, 16, 27, 8, 25, 13, 4, 5, 18, 33, 35, 19, 9, 32, 15, 9, 19, 18, 39, 23, 23, 12
24, 23, 27, 1, 24, 38, 25, 30, 4, 38, 39, 31, 4, 35, 33, 5, 7, 2
9, 33, 9, 3, 22, 38, 5, 33, 37, 32, 28, 27, 3, 33, 0, 16, 2, 35
39, 20, 8, 4, 31, 16, 6, 36, 10, 6, 33, 29, 18, 28, 9, 32, 25, 28, 22, 9, 35, 18
29, 26, 31, 20, 39, 39, 9, 6, 8, 23, 38, 31, 34, 9, 6, 10, 1, 24, 10
29, 26, 31, 20, 39, 39, 9, 6, 8, 23, 38, 31, 34, 9, 6, 10, 1, 24, 10
23, 31, 30, 31, 16, 4, 38, 21, 12, 34, 10, 5, 25, 28, 23, 34, 33, 21
23, 31, 30, 31, 16, 4, 38, 21, 12, 34, 10, 5, 25, 28, 23, 34, 33, 21
39, 20, 8, 4, 31, 16, 6, 36, 10, 6, 33, 29, 18, 28, 9, 32, 25, 28, 22, 9, 35, 18
38, 32, 10, 0, 2, 30, 15, 32, 17, 11, 33, 26, 39, 21, 29, 19, 1, 25, 9, 34, 13
30, 26, 38, 39, 31, 23, 3, 7, 25, 24, 3, 26, 27, 3, 23, 4, 0, 38
18, 22, 31, 27, 19, 15, 19, 18, 31, 31, 31, 30, 14, 21, 24, 2, 15, 11, 17, 38, 2, 14, 29
18, 22, 31, 27, 19, 15, 19, 18, 31, 31, 31, 30, 14, 21, 24, 2, 15, 11, 17, 38, 2, 14, 29
17, 34, 10, 2, 23, 1, 25, 24, 14, 10, 22, 35, 39, 5, 13, 4, 21, 39, 27, 13
10, 35, 24, 8, 28, 25, 39, 16, 14, 13, 23, 36, 11, 25, 19, 1, 21, 16, 2
17, 34, 10, 2, 23, 1, 25, 24, 14, 10, 22, 35, 39, 5, 13, 4, 21, 39, 27, 13
24, 23, 27, 1, 24, 38, 25, 30, 4, 38, 39, 31, 4, 35, 33, 5, 7, 2
10, 4, 3, 2, 10, 34, 26, 15, 5, 12, 1, 21, 12, 25, 35, 8, 27, 23, 7, 2, 11
29, 26, 31, 20, 39, 39, 9, 6, 8, 23, 38, 31, 34, 9, 6, 10, 1, 24, 10
38, 32, 10, 0, 2, 30, 15, 32, 17, 11, 33, 26, 39, 21, 29, 19, 1, 25, 9, 34, 13
10, 35, 24, 8, 28, 25, 39, 16, 14, 13, 23, 36, 11, 25, 19, 1, 21, 16, 2
1, 18, 25, 32, 7, 38, 24, 24, 38, 36, 18, 17, 15, 22, 27, 26, 0, 2
29, 26, 31, 20, 39, 39, 9, 6, 8, 23, 38, 31, 34, 9, 6, 10, 1, 24, 10
12, 3, 39, 18, 33, 9, 14, 36, 29, 13, 24, 28, 32, 19, 36
31, 28, 33, 1, 32, 39, 16, 32, 38, 6, 15, 16, 15, 38, 26, 25, 25
26, 38, 1, 31, 11, 25, 38, 8, 29, 8, 15, 25, 15, 13, 4, 38, 1, 13, 27, 26, 27
24, 23, 27, 1, 24, 38, 25, 30, 4, 38, 39, 31, 4, 35, 33, 5, 7, 2
27, 27, 34, 11, 5, 26, 22, 3, 39, 36, 34, 25, 10, 10, 27, 25, 7, 0, 39
18, 22, 31, 27, 19, 15, 19, 18, 31, 31, 31, 30, 14, 21, 24, 2, 15, 11, 17, 38, 2, 14, 29
17, 34, 10, 2, 23, 1, 25, 24, 14, 10, 22, 35, 39, 5, 13, 4, 21, 39, 27, 13
27, 24, 9, 11, 2, 27, 21, 21, 26, 23, 31, 7, 6, 3, 11, 15, 17
27, 24, 9, 11, 2, 27, 21, 21, 26, 23, 31, 7, 6, 3, 11, 15, 17
9, 33, 9, 3, 22, 38, 5, 33, 37, 32, 28, 27, 3, 33, 0, 16, 2, 35
24, 23, 27, 1, 24, 38, 25, 30, 4, 38, 39, 31, 4, 35, 33, 5, 7, 2
18, 22, 31, 27, 19, 15, 19, 18, 31, 31, 31, 30, 14, 21, 24, 2, 15, 11, 17, 38, 2, 14, 29
27, 27, 34, 11, 5, 26, 22, 3, 39, 36, 34, 25, 10, 10, 27, 25, 7, 0, 39
10, 35, 24, 8, 28, 25, 39, 16, 14, 13, 23, 36, 11, 25, 19, 1, 21, 16, 2
26, 38, 1, 31, 11, 25, 38, 8, 29, 8, 15, 25, 15, 13, 4, 38, 1, 13, 27, 26, 27
12, 3, 39, 18, 33, 9, 14, 36, 29, 13, 24, 28, 32, 19, 36
24, 23, 27, 1, 24, 38, 25, 30, 4, 38, 39, 31, 4, 35, 33, 5, 7, 2
38, 32, 10, 0, 2, 30, 15, 32, 17, 11, 33, 26, 39, 21, 29, 19, 1, 25, 9, 34, 13
12, 3, 39, 18, 33, 9, 14, 36, 29, 13, 24, 28, 32, 19, 36
35, 20, 31, 20, 39, 29, 25, 34, 18, 7, 23, 27, 39, 18, 5, 1, 4, 37
17, 34, 10, 2, 23, 1, 25, 24, 14, 10, 22, 35, 39, 5, 13, 4, 21, 39, 27, 13
26, 0, 20, 6, 5, 10, 31, 19, 6, 18, 28, 31, 30, 23, 37, 7, 5, 5, 29, 39
31, 28, 33, 1, 32, 39, 16, 32, 38, 6, 15, 16, 15, 38, 26, 25, 25
10, 4, 3, 2, 10, 34, 26, 15, 5, 12, 1, 21, 12, 25, 35, 8, 27, 23, 7, 2, 11
12, 3, 39, 18, 33, 9, 14, 36, 29, 13, 24, 28, 32, 19, 36
29, 26, 31, 20, 39, 39, 9, 6, 8, 23, 38, 31, 34, 9, 6, 10, 1, 24, 10
17, 34, 10, 2, 23, 1, 25, 24, 14, 10, 22, 35, 39, 5, 13, 4, 21, 39, 27, 13
35, 20, 31, 20, 39, 29, 25, 34, 18, 7, 23, 27, 39, 18, 5, 1, 4, 37
10, 4, 3, 2, 10, 34, 26, 15, 5, 12, 1, 21, 12, 25, 35, 8, 27, 23, 7, 2, 11
27, 24, 9, 11, 2, 27, 21, 21, 26, 23, 31, 7, 6, 3, 11, 15, 17
12, 3, 39, 18, 33, 9, 14, 36, 29, 13, 24, 28, 32, 19, 36
17, 34, 10, 2, 23, 1, 25, 24, 14, 10, 22, 35, 39, 5, 13, 4, 21, 39, 27, 13
30, 26, 38, 39, 31, 23, 3, 7, 25, 24, 3, 26, 27, 3, 23, 4, 0, 38
10, 35, 24, 8, 28, 25, 39, 16, 14, 13, 23, 36, 11, 25, 19, 1, 21, 16, 2
26, 38, 1, 31, 11, 25, 38, 8, 29, 8, 15, 25, 15, 13, 4, 38, 1, 13, 27, 26, 27
30, 26, 38, 39, 31, 23, 3, 7, 25, 24, 3, 26, 27, 3, 23, 4, 0, 38
30, 26, 38, 39, 31, 23, 3, 7, 25, 24, 3, 26, 27, 3, 23, 4, 0, 38
26, 0, 20, 6, 5, 10, 31, 19, 6, 18, 28, 31, 30, 23, 37, 7, 5, 5, 29, 39
38, 16, 27, 8, 25, 13, 4, 5, 18, 33, 35, 19, 9, 32, 15, 9, 19, 18, 39, 23, 23, 12
10, 35, 24, 8, 28, 25, 39, 16, 14, 13, 23, 36, 11, 25, 19, 1, 21, 16, 2
10, 4, 3, 2, 10, 34, 26, 15, 5, 12, 1, 21, 12, 25, 35, 8, 27, 23, 7, 2, 11
10, 4, 3, 2, 10, 34, 26, 15, 5, 12, 1, 21, 12, 25, 35, 8, 27, 23, 7, 2, 11
23, 31, 30, 31, 16, 4, 38, 21, 12, 34, 10, 5, 25, 28, 23, 34, 33, 21
9, 33, 9, 3, 22, 38, 5, 33, 37, 32, 28, 27, 3, 33, 0, 16, 2, 35
30, 26, 38, 39, 31, 23, 3, 7, 25, 24, 3, 26, 27, 3, 23, 4, 0, 38
26, 38, 1, 31, 11, 25, 38, 8, 29, 8, 15, 25, 15, 13, 4, 38, 1, 13, 27, 26, 27
27, 27, 34, 11, 5, 26, 22, 3, 39, 36, 34, 25, 10, 10, 27, 25, 7, 0, 39
38, 16, 27, 8, 25, 13, 4, 5, 18, 33, 35, 19, 9, 32, 15, 9, 19, 18, 39, 23, 23, 12
29, 26, 31, 20, 39, 39, 9, 6, 8, 23, 38, 31, 34, 9, 6, 10, 1, 24, 10
26, 38, 1, 31, 11, 25, 38, 8, 29, 8, 15, 25, 15, 13, 4, 38, 1, 13, 27, 26, 27
26, 0, 20, 6, 5, 10, 31, 19, 6, 18, 28, 31, 30, 23, 37, 7, 5, 5, 29, 39
29, 26, 31, 20, 39, 39, 9, 6, 8, 23, 38, 31, 34, 9, 6, 10, 1, 24, 10
31, 28, 33, 1, 32, 39, 16, 32, 38, 6, 15, 16, 15, 38, 26, 25, 25
10, 35, 24, 8, 28, 25, 39, 16, 14, 13, 23, 36, 11, 25, 19, 1, 21, 16, 2
9, 33, 9, 3, 22, 38, 5, 33, 37, 32, 28, 27, 3, 33, 0, 16, 2, 35
27, 24, 9, 11, 2, 27, 21, 21, 26, 23, 31, 7, 6, 3, 11, 15, 17
12, 3, 39, 18, 33, 9, 14, 36, 29, 13, 24, 28, 32, 19, 36
38, 16, 27, 8, 25, 13, 4, 5, 18, 33, 35, 19, 9, 32, 15, 9, 19, 18, 39, 23, 23, 12
10, 4, 3, 2, 10, 34, 26, 15, 5, 12, 1, 21, 12, 25, 35, 8, 27, 23, 7, 2, 11
35, 20, 31, 20, 39, 29, 25, 34, 18, 7, 23, 27, 39, 18, 5, 1, 4, 37
26, 38, 1, 31, 11, 25, 38, 8, 29, 8, 15, 25, 15, 13, 4, 38, 1, 13, 27, 26, 27
35, 20, 31, 20, 39, 29, 25, 34, 18, 7, 23, 27, 39, 18, 5, 1, 4, 37
18, 22, 31, 27, 19, 15, 19, 18, 31, 31, 31, 30, 14, 21, 24, 2, 15, 11, 17, 38, 2, 14, 29
38, 32, 10, 0, 2, 30, 15, 32, 17, 11, 33, 26, 39, 21, 29, 19, 1, 25, 9, 34, 13
23, 31, 30, 31, 16, 4, 38, 21, 12, 34, 10, 5, 25, 28, 23, 34, 33, 21
24, 23, 27, 1, 24, 38, 25, 30, 4, 38, 39, 31, 4, 35, 33, 5, 7, 2
30, 26, 38, 39, 31, 23, 3, 7, 25, 24, 3, 26, 27, 3, 23, 4, 0, 38
1, 18, 25, 32, 7, 38, 24, 24, 38, 36, 18, 17, 15, 22, 27, 26, 0, 2
23, 31, 30, 31, 16, 4, 38, 21, 12, 34, 10, 5, 25, 28, 23, 34, 33, 21
23, 31, 30, 31, 16, 4, 38, 21, 12, 34, 10, 5, 25, 28, 23, 34, 33, 21
29, 26, 31, 20, 39, 39, 9, 6, 8, 23, 38, 31, 34, 9, 6, 10, 1, 24, 10
1, 18, 25, 32, 7, 38, 24, 24, 38, 36, 18, 17, 15, 22, 27, 26, 0, 2
10, 4, 3, 2, 10, 34, 26, 15, 5, 12, 1, 21, 12, 25, 35, 8, 27, 23, 7, 2, 11
1, 18, 25, 32, 7, 38, 24, 24, 38, 36, 18, 17, 15, 22, 27, 26, 0, 2
38, 16, 27, 8, 25, 13, 4, 5, 18, 33, 35, 19, 9, 32, 15, 9, 19, 18, 39, 23, 23, 12
17, 34, 10, 2, 23, 1, 25, 24, 14, 10, 22, 35, 39, 5, 13, 4, 21, 39, 27, 13
26, 0, 20, 6, 5, 10, 31, 19, 6, 18, 28, 31, 30, 23, 37, 7, 5, 5, 29, 39
1, 18, 25, 32, 7, 38, 24, 24, 38, 36, 18, 17, 15, 22, 27, 26, 0, 2
39, 20, 8, 4, 31, 16, 6, 36, 10, 6, 33, 29, 18, 28, 9, 32, 25, 28, 22, 9, 35, 18
18, 22, 31, 27, 19, 15, 19, 18, 31, 31, 31, 30, 14, 21, 24, 2, 15, 11, 17, 38, 2, 14, 29
10, 35, 24, 8, 28, 25, 39, 16, 14, 13, 23, 36, 11, 25, 19, 1, 21, 16, 2
38, 32, 10, 0, 2, 30, 15, 32, 17, 11, 33, 26, 39, 21, 29, 19, 1, 25, 9, 34, 13
10, 4, 3, 2, 10, 34, 26, 15, 5, 12, 1, 21, 12, 25, 35, 8, 27, 23, 7, 2, 11
39, 20, 8, 4, 31, 16, 6, 36, 10, 6, 33, 29, 18, 28, 9, 32, 25, 28, 22, 9, 35, 18
26, 0, 20, 6, 5, 10, 31, 19, 6, 18, 28, 31, 30, 23, 37, 7, 5, 5, 29, 39
10, 4, 3, 2, 10, 34, 26, 15, 5, 12, 1, 21, 12, 25, 35, 8, 27, 23, 7, 2, 11
9, 33, 9, 3, 22, 38, 5, 33, 37, 32, 28, 27, 3, 33, 0, 16, 2, 35
24, 23, 27, 1, 24, 38, 25, 30, 4, 38, 39, 31, 4, 35, 33, 5, 7, 2
31, 28, 33, 1, 32, 39, 16, 32, 38, 6, 15, 16, 15, 38, 26, 25, 25
18, 22, 31, 27, 19, 15, 19, 18, 31, 31, 31, 30, 14, 21, 24, 2, 15, 11, 17, 38, 2, 14, 29
26, 38, 1, 31, 11, 25, 38, 8, 29, 8, 15, 25, 15, 13, 4, 38, 1, 13, 27, 26, 27
30, 26, 38, 39, 31, 23, 3, 7, 25, 24, 3, 26, 27, 3, 23, 4, 0, 38
38, 16, 27, 8, 25, 13, 4, 5, 18, 33, 35, 19, 9, 32, 15, 9, 19, 18, 39, 23, 23, 12
9, 33, 9, 3, 22, 38, 5, 33, 37, 32, 28, 27, 3, 33, 0, 16, 2, 35
10, 4, 3, 2, 10, 34, 26, 15, 5, 12, 1, 21, 12, 25, 35, 8, 27, 23, 7, 2, 11
29, 26, 31, 20, 39, 39, 9, 6, 8, 23, 38, 31, 34, 9, 6, 10, 1, 24, 10
39, 20, 8, 4, 31, 16, 6, 36, 10, 6, 33, 29, 18, 28, 9, 32, 25, 28, 22, 9, 35, 18
10, 35, 24, 8, 28, 25, 39, 16, 14, 13, 23, 36, 11, 25, 19, 1, 21, 16, 2
17, 34, 10, 2, 23, 1, 25, 24, 14, 10, 22, 35, 39, 5, 13, 4, 21, 39, 27, 13
29, 26, 31, 20, 39, 39, 9, 6, 8, 23, 38, 31, 34, 9, 6, 10, 1, 24, 10
27, 24, 9, 11, 2, 27, 21, 21, 26, 23, 31, 7, 6, 3, 11, 15, 17
31, 28, 33, 1, 32, 39, 16, 32, 38, 6, 15, 16, 15, 38, 26, 25, 25
9, 33, 9, 3, 22, 38, 5, 33, 37, 32, 28, 27, 3, 33, 0, 16, 2, 35
38, 32, 10, 0, 2, 30, 15, 32, 17, 11, 33, 26, 39, 21, 29, 19, 1, 25, 9, 34, 13
39, 20, 8, 4, 31, 16, 6, 36, 10, 6, 33, 29, 18, 28, 9, 32, 25, 28, 22, 9, 35, 18
17, 34, 10, 2, 23, 1, 25, 24, 14, 10, 22, 35, 39, 5, 13, 4, 21, 39, 27, 13
23, 31, 30, 31, 16, 4, 38, 21, 12, 34, 10, 5, 25, 28, 23, 34, 33, 21
17, 34, 10, 2, 23, 1, 25, 24, 14, 10, 22, 35, 39, 5, 13, 4, 21, 39, 27, 13
26, 38, 1, 31, 11, 25, 38, 8, 29, 8, 15, 25, 15, 13, 4, 38, 1, 13, 27, 26, 27
39, 20, 8, 4, 31, 16, 6, 36, 10, 6, 33, 29, 18, 28, 9, 32, 25, 28, 22, 9, 35, 18
10, 4, 3, 2, 10, 34, 26, 15, 5, 12, 1, 21, 12, 25, 35, 8, 27, 23, 7, 2, 11
27, 24, 9, 11, 2, 27, 21, 21, 26, 23, 31, 7, 6, 3, 11, 15, 17
39, 20, 8, 4, 31, 16, 6, 36, 10, 6, 33, 29, 18, 28, 9, 32, 25, 28, 22, 9, 35, 18
26, 0, 20, 6, 5, 10, 31, 19, 6, 18, 28, 31, 30, 23, 37, 7, 5, 5, 29, 39
12, 3, 39, 18, 33, 9, 14, 36, 29, 13, 24, 28, 32, 19, 36
17, 34, 10, 2, 23, 1, 25, 24, 14, 10, 22, 35, 39, 5, 13, 4, 21, 39, 27, 13
1, 18, 25, 32, 7, 38, 24, 24, 38, 36, 18, 17, 15, 22, 27, 26, 0, 2
27, 27, 34, 11, 5, 26, 22, 3, 39, 36, 34, 25, 10, 10, 27, 25, 7, 0, 39
26, 38, 1, 31, 11, 25, 38, 8, 29, 8, 15, 25, 15, 13, 4, 38, 1, 13, 27, 26, 27
39, 20, 8, 4, 31, 16, 6, 36, 10, 6, 33, 29, 18, 28, 9, 32, 25, 28, 22, 9, 35, 18
38, 16, 27, 8, 25, 13, 4, 5, 18, 33, 35, 19, 9, 32, 15, 9, 19, 18, 39, 23, 23, 12
24, 23, 27, 1, 24, 38, 25, 30, 4, 38, 39, 31, 4, 35, 33, 5, 7, 2
23, 31, 30, 31, 16, 4, 38, 21, 12, 34, 10, 5, 25, 28, 23, 34, 33, 21
38, 16, 27, 8, 25, 13, 4, 5, 18, 33, 35, 19, 9, 32, 15, 9, 19, 18, 39, 23, 23, 12
9, 33, 9, 3, 22, 38, 5, 33, 37, 32, 28, 27, 3, 33, 0, 16, 2, 35
35, 20, 31, 20, 39, 29, 25, 34, 18, 7, 23, 27, 39, 18, 5, 1, 4, 37
30, 26, 38, 39, 31, 23, 3, 7, 25, 24, 3, 26, 27, 3, 23, 4, 0, 38
24, 23, 27, 1, 24, 38, 25, 30, 4, 38, 39, 31, 4, 35, 33, 5, 7, 2
18, 22, 31, 27, 19, 15, 19, 18, 31, 31, 31, 30, 14, 21, 24, 2, 15, 11, 17, 38, 2, 14, 29
38, 16, 27, 8, 25, 13, 4, 5, 18, 33, 35, 19, 9, 32, 15, 9, 19, 18, 39, 23, 23, 12
38, 32, 10, 0, 2, 30, 15, 32, 17, 11, 33, 26, 39, 21, 29, 19, 1, 25, 9, 34, 13
38, 16, 27, 8, 25, 13, 4, 5, 18, 33, 35, 19, 9, 32, 15, 9, 19, 18, 39, 23, 23, 12
38, 32, 10, 0, 2, 30, 15, 32, 17, 11, 33, 26, 39, 21, 29, 19, 1, 25, 9, 34, 13
29, 26, 31, 20, 39, 39, 9, 6, 8, 23, 38, 31, 34, 9, 6, 10, 1, 24, 10
23, 31, 30, 31, 16, 4, 38, 21, 12, 34, 10, 5, 25, 28, 23, 34, 33, 21
12, 3, 39, 18, 33, 9, 14, 36, 29, 13, 24, 28, 32, 19, 36
10, 35, 24, 8, 28, 25, 39, 16, 14, 13, 23, 36, 11, 25, 19, 1, 21, 16, 2
9, 33, 9, 3, 22, 38, 5, 33, 37, 32, 28, 27, 3, 33, 0, 16, 2, 35
27, 27, 34, 11, 5, 26, 22, 3, 39, 36, 34, 25, 10, 10, 27, 25, 7, 0, 39
26, 38, 1, 31, 11, 25, 38, 8, 29, 8, 15, 25, 15, 13, 4, 38, 1, 13, 27, 26, 27
26, 0, 20, 6, 5, 10, 31, 19, 6, 18, 28, 31, 30, 23, 37, 7, 5, 5, 29, 39
39, 20, 8, 4, 31, 16, 6, 36, 10, 6, 33, 29, 18, 28, 9, 32, 25, 28, 22, 9, 35, 18
26, 38, 1, 31, 11, 25, 38, 8, 29, 8, 15, 25, 15, 13, 4, 38, 1, 13, 27, 26, 27
1, 18, 25, 32, 7, 38, 24, 24, 38, 36, 18, 17, 15, 22, 27, 26, 0, 2
10, 35, 24, 8, 28, 25, 39, 16, 14, 13, 23, 36, 11, 25, 19, 1, 21, 16, 2
10, 4, 3, 2, 10, 34, 26, 15, 5, 12, 1, 21, 12, 25, 35, 8, 27, 23, 7, 2, 11
24, 23, 27, 1, 24, 38, 25, 30, 4, 38, 39, 31, 4, 35, 33, 5, 7, 2
1, 18, 25, 32, 7, 38, 24, 24, 38, 36, 18, 17, 15, 22, 27, 26, 0, 2
9, 33, 9, 3, 22, 38, 5, 33, 37, 32, 28, 27, 3, 33, 0, 16, 2, 35
39, 20, 8, 4, 31, 16, 6, 36, 10, 6, 33, 29, 18, 28, 9, 32, 25, 28, 22, 9, 35, 18
10, 4, 3, 2, 10, 34, 26, 15, 5, 12, 1, 21, 12, 25, 35, 8, 27, 23, 7, 2, 11
9, 33, 9, 3, 22, 38, 5, 33, 37, 32, 28, 27, 3, 33, 0, 16, 2, 35
30, 26, 38, 39, 31, 23, 3, 7, 25, 24, 3, 26, 27, 3, 23, 4, 0, 38
27, 27, 34, 11, 5, 26, 22, 3, 39, 36, 34, 25, 10, 10, 27, 25, 7, 0, 39
12, 3, 39, 18, 33, 9, 14, 36, 29, 13, 24, 28, 32, 19, 36
23, 31, 30, 31, 16, 4, 38, 21, 12, 34, 10, 5, 25, 28, 23, 34, 33, 21
18, 22, 31, 27, 19, 15, 19, 18, 31, 31, 31, 30, 14, 21, 24, 2, 15, 11, 17, 38, 2, 14, 29
12, 3, 39, 18, 33, 9, 14, 36, 29, 13, 24, 28, 32, 19, 36
38, 16, 27, 8, 25, 13, 4, 5, 18, 33, 35, 19, 9, 32, 15, 9, 19, 18, 39, 23, 23, 12
23, 31, 30, 31, 16, 4, 38, 21, 12, 34, 10, 5, 25, 28, 23, 34, 33, 21
38, 16, 27, 8, 25, 13, 4, 5, 18, 33, 35, 19, 9, 32, 15, 9, 19, 18, 39, 23, 23, 12
27, 24, 9, 11, 2, 27, 21, 21, 26, 23, 31, 7, 6, 3, 11, 15, 17
39, 20, 8, 4, 31, 16, 6, 36, 10, 6, 33, 29, 18, 28, 9, 32, 25, 28, 22, 9, 35, 18
26, 38, 1, 31, 11, 25, 38, 8, 29, 8, 15, 25, 15, 13, 4, 38, 1, 13, 27, 26, 27
10, 35, 24, 8, 28, 25, 39, 16, 14, 13, 23, 36, 11, 25, 19, 1, 21, 16, 2
23, 31, 30, 31, 16, 4, 38, 21, 12, 34, 10, 5, 25, 28, 23, 34, 33, 21
10, 4, 3, 2, 10, 34, 26, 15, 5, 12, 1, 21, 12, 25, 35, 8, 27, 23, 7, 2, 11
9, 33, 9, 3, 22, 38, 5, 33, 37, 32, 28, 27, 3, 33, 0, 16, 2, 35
9, 33, 9, 3, 22, 38, 5, 33, 37, 32, 28, 27, 3, 33, 0, 16, 2, 35
10, 4, 3, 2, 10, 34, 26, 15, 5, 12, 1, 21, 12, 25, 35, 8, 27, 23, 7, 2, 11
1, 18, 25, 32, 7, 38, 24, 24, 38, 36, 18, 17, 15, 22, 27, 26, 0, 2
12, 3, 39, 18, 33, 9, 14, 36, 29, 13, 24, 28, 32, 19, 36
35, 20, 31, 20, 39, 29, 25, 34, 18, 7, 23, 27, 39, 18, 5, 1, 4, 37
31, 28, 33, 1, 32, 39, 16, 32, 38, 6, 15, 16, 15, 38, 26, 25, 25
29, 26, 31, 20, 39, 39, 9, 6, 8, 23, 38, 31, 34, 9, 6, 10, 1, 24, 10
10, 35, 24, 8, 28, 25, 39, 16, 14, 13, 23, 36, 11, 25, 19, 1, 21, 16, 2
38, 16, 27, 8, 25, 13, 4, 5, 18, 33, 35, 19, 9, 32, 15, 9, 19, 18, 39, 23, 23, 12
1, 18, 25, 32, 7, 38, 24, 24, 38, 36, 18, 17, 15, 22, 27, 26, 0, 2
27, 24, 9, 11, 2, 27, 21, 21, 26, 23, 31, 7, 6, 3, 11, 15, 17
27, 27, 34, 11, 5, 26, 22, 3, 39, 36, 34, 25, 10, 10, 27, 25, 7, 0, 39
12, 3, 39, 18, 33, 9, 14, 36, 29, 13, 24, 28, 32, 19, 36
27, 24, 9, 11, 2, 27, 21, 21, 26, 23, 31, 7, 6, 3, 11, 15, 17
30, 26, 38, 39, 31, 23, 3, 7, 25, 24, 3, 26, 27, 3, 23, 4, 0, 38
23, 31, 30, 31, 16, 4, 38, 21, 12, 34, 10, 5, 25, 28, 23, 34, 33, 21
30, 26, 38, 39, 31, 23, 3, 7, 25, 24, 3, 26, 27, 3, 23, 4, 0, 38
1, 18, 25, 32, 7, 38, 24, 24, 38, 36, 18, 17, 15, 22, 27, 26, 0, 2
26, 38, 1, 31, 11, 25, 38, 8, 29, 8, 15, 25, 15, 13, 4, 38, 1, 13, 27, 26, 27
10, 4, 3, 2, 10, 34, 26, 15, 5, 12, 1, 21, 12, 25, 35, 8, 27, 23, 7, 2, 11
18, 22, 31, 27, 19, 15, 19, 18, 31, 31, 31, 30, 14, 21, 24, 2, 15, 11, 17, 38, 2, 14, 29
10, 4, 3, 2, 10, 34, 26, 15, 5, 12, 1, 21, 12, 25, 35, 8, 27, 23, 7, 2, 11
18, 22, 31, 27, 19, 15, 19, 18, 31, 31, 31, 30, 14, 21, 24, 2, 15, 11, 17, 38, 2, 14, 29
1, 18, 25, 32, 7, 38, 24, 24, 38, 36, 18, 17, 15, 22, 27, 26, 0, 2
10, 35, 24, 8, 28, 25, 39, 16, 14, 13, 23, 36, 11, 25, 19, 1, 21, 16, 2
27, 27, 34, 11, 5, 26, 22, 3, 39, 36, 34, 25, 10, 10, 27, 25, 7, 0, 39
26, 0, 20, 6, 5, 10, 31, 19, 6, 18, 28, 31, 30, 23, 37, 7, 5, 5, 29, 39
39, 20, 8, 4, 31, 16, 6, 36, 10, 6, 33, 29, 18, 28, 9, 32, 25, 28, 22, 9, 35, 18
35, 20, 31, 20, 39, 29, 25, 34, 18, 7, 23, 27, 39, 18, 5, 1, 4, 37
1, 18, 25, 32, 7, 38, 24, 24, 38, 36, 18, 17, 15, 22, 27, 26, 0, 2
35, 20, 31, 20, 39, 29, 25, 34, 18, 7, 23, 27, 39, 18, 5, 1, 4, 37
38, 16, 27, 8, 25, 13, 4, 5, 18, 33, 35, 19, 9, 32, 15, 9, 19, 18, 39, 23, 23, 12
18, 22, 31, 27, 19, 15, 19, 18, 31, 31, 31, 30, 14, 21, 24, 2, 15, 11, 17, 38, 2, 14, 29
38, 16, 27, 8, 25, 13, 4, 5, 18, 33, 35, 19, 9, 32, 15, 9, 19, 18, 39, 23, 23, 12
29, 26, 31, 20, 39, 39, 9, 6, 8, 23, 38, 31, 34, 9, 6, 10, 1, 24, 10
23, 31, 30, 31, 16, 4, 38, 21, 12, 34, 10, 5, 25, 28, 23, 34, 33, 21
26, 38, 1, 31, 11, 25, 38, 8, 29, 8, 15, 25, 15, 13, 4, 38, 1, 13, 27, 26, 27
29, 26, 31, 20, 39, 39, 9, 6, 8, 23, 38, 31, 34, 9, 6, 10, 1, 24, 10
31, 28, 33, 1, 32, 39, 16, 32, 38, 6, 15, 16, 15, 38, 26, 25, 25
10, 35, 24, 8, 28, 25, 39, 16, 14, 13, 23, 36, 11, 25, 19, 1, 21, 16, 2
31, 28, 33, 1, 32, 39, 16, 32, 38, 6, 15, 16, 15, 38, 26, 25, 25
39, 20, 8, 4, 31, 16, 6, 36, 10, 6, 33, 29, 18, 28, 9, 32, 25, 28, 22, 9, 35, 18
18, 22, 31, 27, 19, 15, 19, 18, 31, 31, 31, 30, 14, 21, 24, 2, 15, 11, 17, 38, 2, 14, 29
35, 20, 31, 20, 39, 29, 25, 34, 18, 7, 23, 27, 39, 18, 5, 1, 4, 37
38, 16, 27, 8, 25, 13, 4, 5, 18, 33, 35, 19, 9, 32, 15, 9, 19, 18, 39, 23, 23, 12
29, 26, 31, 20, 39, 39, 9, 6, 8, 23, 38, 31, 34, 9, 6, 10, 1, 24, 10
9, 33, 9, 3, 22, 38, 5, 33, 37, 32, 28, 27, 3, 33, 0, 16, 2, 35
10, 4, 3, 2, 10, 34, 26, 15, 5, 12, 1, 21, 12, 25, 35, 8, 27, 23, 7, 2, 11
23, 31, 30, 31, 16, 4, 38, 21, 12, 34, 10, 5, 25, 28, 23, 34, 33, 21
17, 34, 10, 2, 23, 1, 25, 24, 14, 10, 22, 35, 39, 5, 13, 4, 21, 39, 27, 13
27, 24, 9, 11, 2, 27, 21, 21, 26, 23, 31, 7, 6, 3, 11, 15, 17
35, 20, 31, 20, 39, 29, 25, 34, 18, 7, 23, 27, 39, 18, 5, 1, 4, 37
26, 0, 20, 6, 5, 10, 31, 19, 6, 18, 28, 31, 30, 23, 37, 7, 5, 5, 29, 39
10, 4, 3, 2, 10, 34, 26, 15, 5, 12, 1, 21, 12, 25, 35, 8, 27, 23, 7, 2, 11
23, 31, 30, 31, 16, 4, 38, 21, 12, 34, 10, 5, 25, 28, 23, 34, 33, 21
24, 23, 27, 1, 24, 38, 25, 30, 4, 38, 39, 31, 4, 35, 33, 5, 7, 2
31, 28, 33, 1, 32, 39, 16, 32, 38, 6, 15, 16, 15, 38, 26, 25, 25
10, 35, 24, 8, 28, 25, 39, 16, 14, 13, 23, 36, 11, 25, 19, 1, 21, 16, 2
30, 26, 38, 39, 31, 23, 3, 7, 25, 24, 3, 26, 27, 3, 23, 4, 0, 38
38, 16, 27, 8, 25, 13, 4, 5, 18, 33, 35, 19, 9, 32, 15, 9, 19, 18, 39, 23, 23, 12
12, 3, 39, 18, 33, 9, 14, 36, 29, 13, 24, 28, 32, 19, 36
38, 16, 27, 8, 25, 13, 4, 5, 18, 33, 35, 19, 9, 32, 15, 9, 19, 18, 39, 23, 23, 12
23, 31, 30, 31, 16, 4, 38, 21, 12, 34, 10, 5, 25, 28, 23, 34, 33, 21
27, 27, 34, 11, 5, 26, 22, 3, 39, 36, 34, 25, 10, 10, 27, 25, 7, 0, 39
39, 20, 8, 4, 31, 16, 6, 36, 10, 6, 33, 29, 18, 28, 9, 32, 25, 28, 22, 9, 35, 18
17, 34, 10, 2, 23, 1, 25, 24, 14, 10, 22, 35, 39, 5, 13, 4, 21, 39, 27, 13
27, 27, 34, 11, 5, 26, 22, 3, 39, 36, 34, 25, 10, 10, 27, 25, 7, 0, 39
29, 26, 31, 20, 39, 39, 9, 6, 8, 23, 38, 31, 34, 9, 6, 10, 1, 24, 10
18, 22, 31, 27, 19, 15, 19, 18, 31, 31, 31, 30, 14, 21, 24, 2, 15, 11, 17, 38, 2, 14, 29
27, 24, 9, 11, 2, 27, 21, 21, 26, 23, 31, 7, 6, 3, 11, 15, 17
10, 4, 3, 2, 10, 34, 26, 15, 5, 12, 1, 21, 12, 25, 35, 8, 27, 23, 7, 2, 11
30, 26, 38, 39, 31, 23, 3, 7, 25, 24, 3, 26, 27, 3, 23, 4, 0, 38
38, 16, 27, 8, 25, 13, 4, 5, 18, 33, 35, 19, 9, 32, 15, 9, 19, 18, 39, 23, 23, 12
38, 16, 27, 8, 25, 13, 4, 5, 18, 33, 35, 19, 9, 32, 15, 9, 19, 18, 39, 23, 23, 12
31, 28, 33, 1, 32, 39, 16, 32, 38, 6, 15, 16, 15, 38, 26, 25, 25
18, 22, 31, 27, 19, 15, 19, 18, 31, 31, 31, 30, 14, 21, 24, 2, 15, 11, 17, 38, 2, 14, 29
35, 20, 31, 20, 39, 29, 25, 34, 18, 7, 23, 27, 39, 18, 5, 1, 4, 37
18, 22, 31, 27, 19, 15, 19, 18, 31, 31, 31, 30, 14, 21, 24, 2, 15, 11, 17, 38, 2, 14, 29
39, 20, 8, 4, 31, 16, 6, 36, 10, 6, 33, 29, 18, 28, 9, 32, 25, 28, 22, 9, 35, 18
27, 24, 9, 11, 2, 27, 21, 21, 26, 23, 31, 7, 6, 3, 11, 15, 17
38, 32, 10, 0, 2, 30, 15, 32, 17, 11, 33, 26, 39, 21, 29, 19, 1, 25, 9, 34, 13
30, 26, 38, 39, 31, 23, 3, 7, 25, 24, 3, 26, 27, 3, 23, 4, 0, 38
17, 34, 10, 2, 23, 1, 25, 24, 14, 10, 22, 35, 39, 5, 13, 4, 21, 39, 27, 13
38, 16, 27, 8, 25, 13, 4, 5, 18, 33, 35, 19, 9, 32, 15, 9, 19, 18, 39, 23, 23, 12
26, 0, 20, 6, 5, 10, 31, 19, 6, 18, 28, 31, 30, 23, 37, 7, 5, 5, 29, 39
1, 18, 25, 32, 7, 38, 24, 24, 38, 36, 18, 17, 15, 22, 27, 26, 0, 2
1, 18, 25, 32, 7, 38, 24, 24, 38, 36, 18, 17, 15, 22, 27, 26, 0, 2
24, 23, 27, 1, 24, 38, 25, 30, 4, 38, 39, 31, 4, 35, 33, 5, 7, 2
39, 20, 8, 4, 31, 16, 6, 36, 10, 6, 33, 29, 18, 28, 9, 32, 25, 28, 22, 9, 35, 18
17, 34, 10, 2, 23, 1, 25, 24, 14, 10, 22, 35, 39, 5, 13, 4, 21, 39, 27, 13
31, 28, 33, 1, 32, 39, 16, 32, 38, 6, 15, 16, 15, 38, 26, 25, 25
27, 24, 9, 11, 2, 27, 21, 21, 26, 23, 31, 7, 6, 3, 11, 15, 17
10, 4, 3, 2, 10, 34, 26, 15, 5, 12, 1, 21, 12, 25, 35, 8, 27, 23, 7, 2, 11
27, 27, 34, 11, 5, 26, 22, 3, 39, 36, 34, 25, 10, 10, 27, 25, 7, 0, 39
27, 27, 34, 11, 5, 26, 22, 3, 39, 36, 34, 25, 10, 10, 27, 25, 7, 0, 39
1, 18, 25, 32, 7, 38, 24, 24, 38, 36, 18, 17, 15, 22, 27, 26, 0, 2
9, 33, 9, 3, 22, 38, 5, 33, 37, 32, 28, 27, 3, 33, 0, 16, 2, 35
26, 38, 1, 31, 11, 25, 38, 8, 29, 8, 15, 25, 15, 13, 4, 38, 1, 13, 27, 26, 27
17, 34, 10, 2, 23, 1, 25, 24, 14, 10, 22, 35, 39, 5, 13, 4, 21, 39, 27, 13
35, 20, 31, 20, 39, 29, 25, 34, 18, 7, 23, 27, 39, 18, 5, 1, 4, 37
17, 34, 10, 2, 23, 1, 25, 24, 14, 10, 22, 35, 39, 5, 13, 4, 21, 39, 27, 13
26, 0, 20, 6, 5, 10, 31, 19, 6, 18, 28, 31, 30, 23, 37, 7, 5, 5, 29, 39
10, 35, 24, 8, 28, 25, 39, 16, 14, 13, 23, 36, 11, 25, 19, 1, 21, 16, 2
10, 4, 3, 2, 10, 34, 26, 15, 5, 12, 1, 21, 12, 25, 35, 8, 27, 23, 7, 2, 11
17, 34, 10, 2, 23, 1, 25, 24, 14, 10, 22, 35, 39, 5, 13, 4, 21, 39, 27, 13
29, 26, 31, 20, 39, 39, 9, 6, 8, 23, 38, 31, 34, 9, 6, 10, 1, 24, 10
26, 0, 20, 6, 5, 10, 31, 19, 6, 18, 28, 31, 30, 23, 37, 7, 5, 5, 29, 39
1, 18, 25, 32, 7, 38, 24, 24, 38, 36, 18, 17, 15, 22, 27, 26, 0, 2
1, 18, 25, 32, 7, 38, 24, 24, 38, 36, 18, 17, 15, 22, 27, 26, 0, 2
35, 20, 31, 20, 39, 29, 25, 34, 18, 7, 23, 27, 39, 18, 5, 1, 4, 37
10, 4, 3, 2, 10, 34, 26, 15, 5, 12, 1, 21, 12, 25, 35, 8, 27, 23, 7, 2, 11
38, 16, 27, 8, 25, 13, 4, 5, 18, 33, 35, 19, 9, 32, 15, 9, 19, 18, 39, 23, 23, 12
38, 32, 10, 0, 2, 30, 15, 32, 17, 11, 33, 26, 39, 21, 29, 19, 1, 25, 9, 34, 13
31, 28, 33, 1, 32, 39, 16, 32, 38, 6, 15, 16, 15, 38, 26, 25, 25
38, 32, 10, 0, 2, 30, 15, 32, 17, 11, 33, 26, 39, 21, 29, 19, 1, 25, 9, 34, 13
31, 28, 33, 1, 32, 39, 16, 32, 38, 6, 15, 16, 15, 38, 26, 25, 25
30, 26, 38, 39, 31, 23, 3, 7, 25, 24, 3, 26, 27, 3, 23, 4, 0, 38
10, 4, 3, 2, 10, 34, 26, 15, 5, 12, 1, 21, 12, 25, 35, 8, 27, 23, 7, 2, 11
12, 3, 39, 18, 33, 9, 14, 36, 29, 13, 24, 28, 32, 19, 36
38, 16, 27, 8, 25, 13, 4, 5, 18, 33, 35, 19, 9, 32, 15, 9, 19, 18, 39, 23, 23, 12
39, 20, 8, 4, 31, 16, 6, 36, 10, 6, 33, 29, 18, 28, 9, 32, 25, 28, 22, 9, 35, 18
30, 26, 38, 39, 31, 23, 3, 7, 25, 24, 3, 26, 27, 3, 23, 4, 0, 38
9, 33, 9, 3, 22, 38, 5, 33, 37, 32, 28, 27, 3, 33, 0, 16, 2, 35
1, 18, 25, 32, 7, 38, 24, 24, 38, 36, 18, 17, 15, 22, 27, 26, 0, 2
26, 0, 20, 6, 5, 10, 31, 19, 6, 18, 28, 31, 30, 23, 37, 7, 5, 5, 29, 39
30, 26, 38, 39, 31, 23, 3, 7, 25, 24, 3, 26, 27, 3, 23, 4, 0, 38
12, 3, 39, 18, 33, 9, 14, 36, 29, 13, 24, 28, 32, 19, 36
17, 34, 10, 2, 23, 1, 25, 24, 14, 10, 22, 35, 39, 5, 13, 4, 21, 39, 27, 13
24, 23, 27, 1, 24, 38, 25, 30, 4, 38, 39, 31, 4, 35, 33, 5, 7, 2
10, 35, 24, 8, 28, 25, 39, 16, 14, 13, 23, 36, 11, 25, 19, 1, 21, 16, 2
39, 20, 8, 4, 31, 16, 6, 36, 10, 6, 33, 29, 18, 28, 9, 32, 25, 28, 22, 9, 35, 18
26, 0, 20, 6, 5, 10, 31, 19, 6, 18, 28, 31, 30, 23, 37, 7, 5, 5, 29, 39
18, 22, 31, 27, 19, 15, 19, 18, 31, 31, 31, 30, 14, 21, 24, 2, 15, 11, 17, 38, 2, 14, 29
35, 20, 31, 20, 39, 29, 25, 34, 18, 7, 23, 27, 39, 18, 5, 1, 4, 37
18, 22, 31, 27, 19, 15, 19, 18, 31, 31, 31, 30, 14, 21, 24, 2, 15, 11, 17, 38, 2, 14, 29
9, 33, 9, 3, 22, 38, 5, 33, 37, 32, 28, 27, 3, 33, 0, 16, 2, 35
24, 23, 27, 1, 24, 38, 25, 30, 4, 38, 39, 31, 4, 35, 33, 5, 7, 2
23, 31, 30, 31, 16, 4, 38, 21, 12, 34, 10, 5, 25, 28, 23, 34, 33, 21
27, 27, 34, 11, 5, 26, 22, 3, 39, 36, 34, 25, 10, 10, 27, 25, 7, 0, 39
17, 34, 10, 2, 23, 1, 25, 24, 14, 10, 22, 35, 39, 5, 13, 4, 21, 39, 27, 13
18, 22, 31, 27, 19, 15, 19, 18, 31, 31, 31, 30, 14, 21, 24, 2, 15, 11, 17, 38, 2, 14, 29
24, 23, 27, 1, 24, 38, 25, 30, 4, 38, 39, 31, 4, 35, 33, 5, 7, 2
38, 16, 27, 8, 25, 13, 4, 5, 18, 33, 35, 19, 9, 32, 15, 9, 19, 18, 39, 23, 23, 12
10, 35, 24, 8, 28, 25, 39, 16, 14, 13, 23, 36, 11, 25, 19, 1, 21, 16, 2
26, 38, 1, 31, 11, 25, 38, 8, 29, 8, 15, 25, 15, 13, 4, 38, 1, 13, 27, 26, 27
24, 23, 27, 1, 24, 38, 25, 30, 4, 38, 39, 31, 4, 35, 33, 5, 7, 2
9, 33, 9, 3, 22, 38, 5, 33, 37, 32, 28, 27, 3, 33, 0, 16, 2, 35
10, 4, 3, 2, 10, 34, 26, 15, 5, 12, 1, 21, 12, 25, 35, 8, 27, 23, 7, 2, 11
18, 22, 31, 27, 19, 15, 19, 18, 31, 31, 31, 30, 14, 21, 24, 2, 15, 11, 17, 38, 2, 14, 29
38, 32, 10, 0, 2, 30, 15, 32, 17, 11, 33, 26, 39, 21, 29, 19, 1, 25, 9, 34, 13
30, 26, 38, 39, 31, 23, 3, 7, 25, 24, 3, 26, 27, 3, 23, 4, 0, 38
17, 34, 10, 2, 23, 1, 25, 24, 14, 10, 22, 35, 39, 5, 13, 4, 21, 39, 27, 13
26, 0, 20, 6, 5, 10, 31, 19, 6, 18, 28, 31, 30, 23, 37, 7, 5, 5, 29, 39
38, 32, 10, 0, 2, 30, 15, 32, 17, 11, 33, 26, 39, 21, 29, 19, 1, 25, 9, 34, 13
31, 28, 33, 1, 32, 39, 16, 32, 38, 6, 15, 16, 15, 38, 26, 25, 25
26, 38, 1, 31, 11, 25, 38, 8, 29, 8, 15, 25, 15, 13, 4, 38, 1, 13, 27, 26, 27
24, 23, 27, 1, 24, 38, 25, 30, 4, 38, 39, 31, 4, 35, 33, 5, 7, 2
9, 33, 9, 3, 22, 38, 5, 33, 37, 32, 28, 27, 3, 33, 0, 16, 2, 35
23, 31, 30, 31, 16, 4, 38, 21, 12, 34, 10, 5, 25, 28, 23, 34, 33, 21
38, 32, 10, 0, 2, 30, 15, 32, 17, 11, 33, 26, 39, 21, 29, 19, 1, 25, 9, 34, 13
10, 4, 3, 2, 10, 34, 26, 15, 5, 12, 1, 21, 12, 25, 35, 8, 27, 23, 7, 2, 11
26, 0, 20, 6, 5, 10, 31, 19, 6, 18, 28, 31, 30, 23, 37, 7, 5, 5, 29, 39
1, 18, 25, 32, 7, 38, 24, 24, 38, 36, 18, 17, 15, 22, 27, 26, 0, 2
12, 3, 39, 18, 33, 9, 14, 36, 29, 13, 24, 28, 32, 19, 36
17, 34, 10, 2, 23, 1, 25, 24, 14, 10, 22, 35, 39, 5, 13, 4, 21, 39, 27, 13
27, 27, 34, 11, 5, 26, 22, 3, 39, 36, 34, 25, 10, 10, 27, 25, 7, 0, 39
38, 16, 27, 8, 25, 13, 4, 5, 18, 33, 35, 19, 9, 32, 15, 9, 19, 18, 39, 23, 23, 12
29, 26, 31, 20, 39, 39, 9, 6, 8, 23, 38, 31, 34, 9, 6, 10, 1, 24, 10
10, 35, 24, 8, 28, 25, 39, 16, 14, 13, 23, 36, 11, 25, 19, 1, 21, 16, 2
1, 18, 25, 32, 7, 38, 24, 24, 38, 36, 18, 17, 15, 22, 27, 26, 0, 2
38, 32, 10, 0, 2, 30, 15, 32, 17, 11, 33, 26, 39, 21, 29, 19, 1, 25, 9, 34, 13
23, 31, 30, 31, 16, 4, 38, 21, 12, 34, 10, 5, 25, 28, 23, 34, 33, 21
10, 35, 24, 8, 28, 25, 39, 16, 14, 13, 23, 36, 11, 25, 19, 1, 21, 16, 2
29, 26, 31, 20, 39, 39, 9, 6, 8, 23, 38, 31, 34, 9, 6, 10, 1, 24, 10
26, 38, 1, 31, 11, 25, 38, 8, 29, 8, 15, 25, 15, 13, 4, 38, 1, 13, 27, 26, 27
30, 26, 38, 39, 31, 23, 3, 7, 25, 24, 3, 26, 27, 3, 23, 4, 0, 38
26, 38, 1, 31, 11, 25, 38, 8, 29, 8, 15, 25, 15, 13, 4, 38, 1, 13, 27, 26, 27
1, 18, 25, 32, 7, 38, 24, 24, 38, 36, 18, 17, 15, 22, 27, 26, 0, 2
35, 20, 31, 20, 39, 29, 25, 34, 18, 7, 23, 27, 39, 18, 5, 1, 4, 37
26, 38, 1, 31, 11, 25, 38, 8, 29, 8, 15, 25, 15, 13, 4, 38, 1, 13, 27, 26, 27
38, 32, 10, 0, 2, 30, 15, 32, 17, 11, 33, 26, 39, 21, 29, 19, 1, 25, 9, 34, 13
38, 32, 10, 0, 2, 30, 15, 32, 17, 11, 33, 26, 39, 21, 29, 19, 1, 25, 9, 34, 13
35, 20, 31, 20, 39, 29, 25, 34, 18, 7, 23, 27, 39, 18, 5, 1, 4, 37
38, 32, 10, 0, 2, 30, 15, 32, 17, 11, 33, 26, 39, 21, 29, 19, 1, 25, 9, 34, 13
39, 20, 8, 4, 31, 16, 6, 36, 10, 6, 33, 29, 18, 28, 9, 32, 25, 28, 22, 9, 35, 18
23, 31, 30, 31, 16, 4, 38, 21, 12, 34, 10, 5, 25, 28, 23, 34, 33, 21
24, 23, 27, 1, 24, 38, 25, 30, 4, 38, 39, 31, 4, 35, 33, 5, 7, 2
30, 26, 38, 39, 31, 23, 3, 7, 25, 24, 3, 26, 27, 3, 23, 4, 0, 38
17, 34, 10, 2, 23, 1, 25, 24, 14, 10, 22, 35, 39, 5, 13, 4, 21, 39, 27, 13
10, 4, 3, 2, 10, 34, 26, 15, 5, 12, 1, 21, 12, 25, 35, 8, 27, 23, 7, 2, 11
29, 26, 31, 20, 39, 39, 9, 6, 8, 23, 38, 31, 34, 9, 6, 10, 1, 24, 10
31, 28, 33, 1, 32, 39, 16, 32, 38, 6, 15, 16, 15, 38, 26, 25, 25
26, 38, 1, 31, 11, 25, 38, 8, 29, 8, 15, 25, 15, 13, 4, 38, 1, 13, 27, 26, 27
35, 20, 31, 20, 39, 29, 25, 34, 18, 7, 23, 27, 39, 18, 5, 1, 4, 37
9, 33, 9, 3, 22, 38, 5, 33, 37, 32, 28, 27, 3, 33, 0, 16, 2, 35
17, 34, 10, 2, 23, 1, 25, 24, 14, 10, 22, 35, 39, 5, 13, 4, 21, 39, 27, 13
23, 31, 30, 31, 16, 4, 38, 21, 12, 34, 10, 5, 25, 28, 23, 34, 33, 21
39, 20, 8, 4, 31, 16, 6, 36, 10, 6, 33, 29, 18, 28, 9, 32, 25, 28, 22, 9, 35, 18
35, 20, 31, 20, 39, 29, 25, 34, 18, 7, 23, 27, 39, 18, 5, 1, 4, 37
24, 23, 27, 1, 24, 38, 25, 30, 4, 38, 39, 31, 4, 35, 33, 5, 7, 2
26, 38, 1, 31, 11, 25, 38, 8, 29, 8, 15, 25, 15, 13, 4, 38, 1, 13, 27, 26, 27
38, 16, 27, 8, 25, 13, 4, 5, 18, 33, 35, 19, 9, 32, 15, 9, 19, 18, 39, 23, 23, 12
10, 4, 3, 2, 10, 34, 26, 15, 5, 12, 1, 21, 12, 25, 35, 8, 27, 23, 7, 2, 11
10, 4, 3, 2, 10, 34, 26, 15, 5, 12, 1, 21, 12, 25, 35, 8, 27, 23, 7, 2, 11
29, 26, 31, 20, 39, 39, 9, 6, 8, 23, 38, 31, 34, 9, 6, 10, 1, 24, 10
27, 27, 34, 11, 5, 26, 22, 3, 39, 36, 34, 25, 10, 10, 27, 25, 7, 0, 39
27, 24, 9, 11, 2, 27, 21, 21, 26, 23, 31, 7, 6, 3, 11, 15, 17
12, 3, 39, 18, 33, 9, 14, 36, 29, 13, 24, 28, 32, 19, 36
27, 24, 9, 11, 2, 27, 21, 21, 26, 23, 31, 7, 6, 3, 11, 15, 17
39, 20, 8, 4, 31, 16, 6, 36, 10, 6, 33, 29, 18, 28, 9, 32, 25, 28, 22, 9, 35, 18
31, 28, 33, 1, 32, 39, 16, 32, 38, 6, 15, 16, 15, 38, 26, 25, 25
12, 3, 39, 18, 33, 9, 14, 36, 29, 13, 24, 28, 32, 19, 36
1, 18, 25, 32, 7, 38, 24, 24, 38, 36, 18, 17, 15, 22, 27, 26, 0, 2
39, 20, 8, 4, 31, 16, 6, 36, 10, 6, 33, 29, 18, 28, 9, 32, 25, 28, 22, 9, 35, 18
35, 20, 31, 20, 39, 29, 25, 34, 18, 7, 23, 27, 39, 18, 5, 1, 4, 37
24, 23, 27, 1, 24, 38, 25, 30, 4, 38, 39, 31, 4, 35, 33, 5, 7, 2
26, 0, 20, 6, 5, 10, 31, 19, 6, 18, 28, 31, 30, 23, 37, 7, 5, 5, 29, 39
31, 28, 33, 1, 32, 39, 16, 32, 38, 6, 15, 16, 15, 38, 26, 25, 25
26, 38, 1, 31, 11, 25, 38, 8, 29, 8, 15, 25, 15, 13, 4, 38, 1, 13, 27, 26, 27
35, 20, 31, 20, 39, 29, 25, 34, 18, 7, 23, 27, 39, 18, 5, 1, 4, 37
38, 16, 27, 8, 25, 13, 4, 5, 18, 33, 35, 19, 9, 32, 15, 9, 19, 18, 39, 23, 23, 12
27, 27, 34, 11, 5, 26, 22, 3, 39, 36, 34, 25, 10, 10, 27, 25, 7, 0, 39
35, 20, 31, 20, 39, 29, 25, 34, 18, 7, 23, 27, 39, 18, 5, 1, 4, 37
31, 28, 33, 1, 32, 39, 16, 32, 38, 6, 15, 16, 15, 38, 26, 25, 25
39, 20, 8, 4, 31, 16, 6, 36, 10, 6, 33, 29, 18, 28, 9, 32, 25, 28, 22, 9, 35, 18
26, 38, 1, 31, 11, 25, 38, 8, 29, 8, 15, 25, 15, 13, 4, 38, 1, 13, 27, 26, 27
26, 0, 20, 6, 5, 10, 31, 19, 6, 18, 28, 31, 30, 23, 37, 7, 5, 5, 29, 39
31, 28, 33, 1, 32, 39, 16, 32, 38, 6, 15, 16, 15, 38, 26, 25, 25
27, 27, 34, 11, 5, 26, 22, 3, 39, 36, 34, 25, 10, 10, 27, 25, 7, 0, 39
12, 3, 39, 18, 33, 9, 14, 36, 29, 13, 24, 28, 32, 19, 36
9, 33, 9, 3, 22, 38, 5, 33, 37, 32, 28, 27, 3, 33, 0, 16, 2, 35
29, 26, 31, 20, 39, 39, 9, 6, 8, 23, 38, 31, 34, 9, 6, 10, 1, 24, 10
12, 3, 39, 18, 33, 9, 14, 36, 29, 13, 24, 28, 32, 19, 36
26, 38, 1, 31, 11, 25, 38, 8, 29, 8, 15, 25, 15, 13, 4, 38, 1, 13, 27, 26, 27
17, 34, 10, 2, 23, 1, 25, 24, 14, 10, 22, 35, 39, 5, 13, 4, 21, 39, 27, 13
38, 32, 10, 0, 2, 30, 15, 32, 17, 11, 33, 26, 39, 21, 29, 19, 1, 25, 9, 34, 13
30, 26, 38, 39, 31, 23, 3, 7, 25, 24, 3, 26, 27, 3, 23, 4, 0, 38
1, 18, 25, 32, 7, 38, 24, 24, 38, 36, 18, 17, 15, 22, 27, 26, 0, 2
26, 0, 20, 6, 5, 10, 31, 19, 6, 18, 28, 31, 30, 23, 37, 7, 5, 5, 29, 39
29, 26, 31, 20, 39, 39, 9, 6, 8, 23, 38, 31, 34, 9, 6, 10, 1, 24, 10
29, 26, 31, 20, 39, 39, 9, 6, 8, 23, 38, 31, 34, 9, 6, 10, 1, 24, 10
30, 26, 38, 39, 31, 23, 3, 7, 25, 24, 3, 26, 27, 3, 23, 4, 0, 38
38, 32, 10, 0, 2, 30, 15, 32, 17, 11, 33, 26, 39, 21, 29, 19, 1, 25, 9, 34, 13
27, 24, 9, 11, 2, 27, 21, 21, 26, 23, 31, 7, 6, 3, 11, 15, 17
38, 16, 27, 8, 25, 13, 4, 5, 18, 33, 35, 19, 9, 32, 15, 9, 19, 18, 39, 23, 23, 12
35, 20, 31, 20, 39, 29, 25, 34, 18, 7, 23, 27, 39, 18, 5, 1, 4, 37
17, 34, 10, 2, 23, 1, 25, 24, 14, 10, 22, 35, 39, 5, 13, 4, 21, 39, 27, 13
39, 20, 8, 4, 31, 16, 6, 36, 10, 6, 33, 29, 18, 28, 9, 32, 25, 28, 22, 9, 35, 18
9, 33, 9, 3, 22, 38, 5, 33, 37, 32, 28, 27, 3, 33, 0, 16, 2, 35
17, 34, 10, 2, 23, 1, 25, 24, 14, 10, 22, 35, 39, 5, 13, 4, 21, 39, 27, 13
24, 23, 27, 1, 24, 38, 25, 30, 4, 38, 39, 31, 4, 35, 33, 5, 7, 2
31, 28, 33, 1, 32, 39, 16, 32, 38, 6, 15, 16, 15, 38, 26, 25, 25
27, 27, 34, 11, 5, 26, 22, 3, 39, 36, 34, 25, 10, 10, 27, 25, 7, 0, 39
39, 20, 8, 4, 31, 16, 6, 36, 10, 6, 33, 29, 18, 28, 9, 32, 25, 28, 22, 9, 35, 18
27, 27, 34, 11, 5, 26, 22, 3, 39, 36, 34, 25, 10, 10, 27, 25, 7, 0, 39
17, 34, 10, 2, 23, 1, 25, 24, 14, 10, 22, 35, 39, 5, 13, 4, 21, 39, 27, 13
27, 27, 34, 11, 5, 26, 22, 3, 39, 36, 34, 25, 10, 10, 27, 25, 7, 0, 39
35, 20, 31, 20, 39, 29, 25, 34, 18, 7, 23, 27, 39, 18, 5, 1, 4, 37
26, 0, 20, 6, 5, 10, 31, 19, 6, 18, 28, 31, 30, 23, 37, 7, 5, 5, 29, 39
12, 3, 39, 18, 33, 9, 14, 36, 29, 13, 24, 28, 32, 19, 36
10, 4, 3, 2, 10, 34, 26, 15, 5, 12, 1, 21, 12, 25, 35, 8, 27, 23, 7, 2, 11
27, 27, 34, 11, 5, 26, 22, 3, 39, 36, 34, 25, 10, 10, 27, 25, 7, 0, 39
26, 38, 1, 31, 11, 25, 38, 8, 29, 8, 15, 25, 15, 13, 4, 38, 1, 13, 27, 26, 27
26, 38, 1, 31, 11, 25, 38, 8, 29, 8, 15, 25, 15, 13, 4, 38, 1, 13, 27, 26, 27
10, 4, 3, 2, 10, 34, 26, 15, 5, 12, 1, 21, 12, 25, 35, 8, 27, 23, 7, 2, 11
29, 26, 31, 20, 39, 39, 9, 6, 8, 23, 38, 31, 34, 9, 6, 10, 1, 24, 10
18, 22, 31, 27, 19, 15, 19, 18, 31, 31, 31, 30, 14, 21, 24, 2, 15, 11, 17, 38, 2, 14, 29
9, 33, 9, 3, 22, 38, 5, 33, 37, 32, 28, 27, 3, 33, 0, 16, 2, 35
18, 22, 31, 27, 19, 15, 19, 18, 31, 31, 31, 30, 14, 21, 24, 2, 15, 11, 17, 38, 2, 14, 29
31, 28, 33, 1, 32, 39, 16, 32, 38, 6, 15, 16, 15, 38, 26, 25, 25
17, 34, 10, 2, 23, 1, 25, 24, 14, 10, 22, 35, 39, 5, 13, 4, 21, 39, 27, 13
27, 24, 9, 11, 2, 27, 21, 21, 26, 23, 31, 7, 6, 3, 11, 15, 17
26, 0, 20, 6, 5, 10, 31, 19, 6, 18, 28, 31, 30, 23, 37, 7, 5, 5, 29, 39
29, 26, 31, 20, 39, 39, 9, 6, 8, 23, 38, 31, 34, 9, 6, 10, 1, 24, 10
30, 26, 38, 39, 31, 23, 3, 7, 25, 24, 3, 26, 27, 3, 23, 4, 0, 38
38, 32, 10, 0, 2, 30, 15, 32, 17, 11, 33, 26, 39, 21, 29, 19, 1, 25, 9, 34, 13
27, 27, 34, 11, 5, 26, 22, 3, 39, 36, 34, 25, 10, 10, 27, 25, 7, 0, 39
9, 33, 9, 3, 22, 38, 5, 33, 37, 32, 28, 27, 3, 33, 0, 16, 2, 35
31, 28, 33, 1, 32, 39, 16, 32, 38, 6, 15, 16, 15, 38, 26, 25, 25
29, 26, 31, 20, 39, 39, 9, 6, 8, 23, 38, 31, 34, 9, 6, 10, 1, 24, 10
18, 22, 31, 27, 19, 15, 19, 18, 31, 31, 31, 30, 14, 21, 24, 2, 15, 11, 17, 38, 2, 14, 29
31, 28, 33, 1, 32, 39, 16, 32, 38, 6, 15, 16, 15, 38, 26, 25, 25
38, 16, 27, 8, 25, 13, 4, 5, 18, 33, 35, 19, 9, 32, 15, 9, 19, 18, 39, 23, 23, 12
9, 33, 9, 3, 22, 38, 5, 33, 37, 32, 28, 27, 3, 33, 0, 16, 2, 35
9, 33, 9, 3, 22, 38, 5, 33, 37, 32, 28, 27, 3, 33, 0, 16, 2, 35
30, 26, 38, 39, 31, 23, 3, 7, 25, 24, 3, 26, 27, 3, 23, 4, 0, 38
35, 20, 31, 20, 39, 29, 25, 34, 18, 7, 23, 27, 39, 18, 5, 1, 4, 37
39, 20, 8, 4, 31, 16, 6, 36, 10, 6, 33, 29, 18, 28, 9, 32, 25, 28, 22, 9, 35, 18
10, 4, 3, 2, 10, 34, 26, 15, 5, 12, 1, 21, 12, 25, 35, 8, 27, 23, 7, 2, 11
12, 3, 39, 18, 33, 9, 14, 36, 29, 13, 24, 28, 32, 19, 36
39, 20, 8, 4, 31, 16, 6, 36, 10, 6, 33, 29, 18, 28, 9, 32, 25, 28, 22, 9, 35, 18
9, 33, 9, 3, 22, 38, 5, 33, 37, 32, 28, 27, 3, 33, 0, 16, 2, 35
38, 32, 10, 0, 2, 30, 15, 32, 17, 11, 33, 26, 39, 21, 29, 19, 1, 25, 9, 34, 13
1, 18, 25, 32, 7, 38, 24, 24, 38, 36, 18, 17, 15, 22, 27, 26, 0, 2
23, 31, 30, 31, 16, 4, 38, 21, 12, 34, 10, 5, 25, 28, 23, 34, 33, 21
30, 26, 38, 39, 31, 23, 3, 7, 25, 24, 3, 26, 27, 3, 23, 4, 0, 38
24, 23, 27, 1, 24, 38, 25, 30, 4, 38, 39, 31, 4, 35, 33, 5, 7, 2
35, 20, 31, 20, 39, 29, 25, 34, 18, 7, 23, 27, 39, 18, 5, 1, 4, 37
18, 22, 31, 27, 19, 15, 19, 18, 31, 31, 31, 30, 14, 21, 24, 2, 15, 11, 17, 38, 2, 14, 29
38, 16, 27, 8, 25, 13, 4, 5, 18, 33, 35, 19, 9, 32, 15, 9, 19, 18, 39, 23, 23, 12
27, 27, 34, 11, 5, 26, 22, 3, 39, 36, 34, 25, 10, 10, 27, 25, 7, 0, 39
26, 38, 1, 31, 11, 25, 38, 8, 29, 8, 15, 25, 15, 13, 4, 38, 1, 13, 27, 26, 27
38, 32, 10, 0, 2, 30, 15, 32, 17, 11, 33, 26, 39, 21, 29, 19, 1, 25, 9, 34, 13
1, 18, 25, 32, 7, 38, 24, 24, 38, 36, 18, 17, 15, 22, 27, 26, 0, 2
12, 3, 39, 18, 33, 9, 14, 36, 29, 13, 24, 28, 32, 19, 36
12, 3, 39, 18, 33, 9, 14, 36, 29, 13, 24, 28, 32, 19, 36
38, 32, 10, 0, 2, 30, 15, 32, 17, 11, 33, 26, 39, 21, 29, 19, 1, 25, 9, 34, 13
23, 31, 30, 31, 16, 4, 38, 21, 12, 34, 10, 5, 25, 28, 23, 34, 33, 21
27, 24, 9, 11, 2, 27, 21, 21, 26, 23, 31, 7, 6, 3, 11, 15, 17
18, 22, 31, 27, 19, 15, 19, 18, 31, 31, 31, 30, 14, 21, 24, 2, 15, 11, 17, 38, 2, 14, 29
30, 26, 38, 39, 31, 23, 3, 7, 25, 24, 3, 26, 27, 3, 23, 4, 0, 38
1, 18, 25, 32, 7, 38, 24, 24, 38, 36, 18, 17, 15, 22, 27, 26, 0, 2
29, 26, 31, 20, 39, 39, 9, 6, 8, 23, 38, 31, 34, 9, 6, 10, 1, 24, 10
29, 26, 31, 20, 39, 39, 9, 6, 8, 23, 38, 31, 34, 9, 6, 10, 1, 24, 10
29, 26, 31, 20, 39, 39, 9, 6, 8, 23, 38, 31, 34, 9, 6, 10, 1, 24, 10
10, 35, 24, 8, 28, 25, 39, 16, 14, 13, 23, 36, 11, 25, 19, 1, 21, 16, 2
27, 24, 9, 11, 2, 27, 21, 21, 26, 23, 31, 7, 6, 3, 11, 15, 17
31, 28, 33, 1, 32, 39, 16, 32, 38, 6, 15, 16, 15, 38, 26, 25, 25
9, 33, 9, 3, 22, 38, 5, 33, 37, 32, 28, 27, 3, 33, 0, 16, 2, 35
12, 3, 39, 18, 33, 9, 14, 36, 29, 13, 24, 28, 32, 19, 36
27, 27, 34, 11, 5, 26, 22, 3, 39, 36, 34, 25, 10, 10, 27, 25, 7, 0, 39
18, 22, 31, 27, 19, 15, 19, 18, 31, 31, 31, 30, 14, 21, 24, 2, 15, 11, 17, 38, 2, 14, 29
39, 20, 8, 4, 31, 16, 6, 36, 10, 6, 33, 29, 18, 28, 9, 32, 25, 28, 22, 9, 35, 18
27, 27, 34, 11, 5, 26, 22, 3, 39, 36, 34, 25, 10, 10, 27, 25, 7, 0, 39
10, 4, 3, 2, 10, 34, 26, 15, 5, 12, 1, 21, 12, 25, 35, 8, 27, 23, 7, 2, 11
27, 27, 34, 11, 5, 26, 22, 3, 39, 36, 34, 25, 10, 10, 27, 25, 7, 0, 39
1, 18, 25, 32, 7, 38, 24, 24, 38, 36, 18, 17, 15, 22, 27, 26, 0, 2
1, 18, 25, 32, 7, 38, 24, 24, 38, 36, 18, 17, 15, 22, 27, 26, 0, 2
31, 28, 33, 1, 32, 39, 16, 32, 38, 6, 15, 16, 15, 38, 26, 25, 25
17, 34, 10, 2, 23, 1, 25, 24, 14, 10, 22, 35, 39, 5, 13, 4, 21, 39, 27, 13
27, 27, 34, 11, 5, 26, 22, 3, 39, 36, 34, 25, 10, 10, 27, 25, 7, 0, 39
27, 27, 34, 11, 5, 26, 22, 3, 39, 36, 34, 25, 10, 10, 27, 25, 7, 0, 39
39, 20, 8, 4, 31, 16, 6, 36, 10, 6, 33, 29, 18, 28, 9, 32, 25, 28, 22, 9, 35, 18
38, 32, 10, 0, 2, 30, 15, 32, 17, 11, 33, 26, 39, 21, 29, 19, 1, 25, 9, 34, 13
38, 16, 27, 8, 25, 13, 4, 5, 18, 33, 35, 19, 9, 32, 15, 9, 19, 18, 39, 23, 23, 12
9, 33, 9, 3, 22, 38, 5, 33, 37, 32, 28, 27, 3, 33, 0, 16, 2, 35
39, 20, 8, 4, 31, 16, 6, 36, 10, 6, 33, 29, 18, 28, 9, 32, 25, 28, 22, 9, 35, 18
38, 32, 10, 0, 2, 30, 15, 32, 17, 11, 33, 26, 39, 21, 29, 19, 1, 25, 9, 34, 13
17, 34, 10, 2, 23, 1, 25, 24, 14, 10, 22, 35, 39, 5, 13, 4, 21, 39, 27, 13
10, 4, 3, 2, 10, 34, 26, 15, 5, 12, 1, 21, 12, 25, 35, 8, 27, 23, 7, 2, 11
27, 27, 34, 11, 5, 26, 22, 3, 39, 36, 34, 25, 10, 10, 27, 25, 7, 0, 39
39, 20, 8, 4, 31, 16, 6, 36, 10, 6, 33, 29, 18, 28, 9, 32, 25, 28, 22, 9, 35, 18
26, 0, 20, 6, 5, 10, 31, 19, 6, 18, 28, 31, 30, 23, 37, 7, 5, 5, 29, 39
31, 28, 33, 1, 32, 39, 16, 32, 38, 6, 15, 16, 15, 38, 26, 25, 25
39, 20, 8, 4, 31, 16, 6, 36, 10, 6, 33, 29, 18, 28, 9, 32, 25, 28, 22, 9, 35, 18
26, 38, 1, 31, 11, 25, 38, 8, 29, 8, 15, 25, 15, 13, 4, 38, 1, 13, 27, 26, 27
10, 35, 24, 8, 28, 25, 39, 16, 14, 13, 23, 36, 11, 25, 19, 1, 21, 16, 2
27, 24, 9, 11, 2, 27, 21, 21, 26, 23, 31, 7, 6, 3, 11, 15, 17
39, 20, 8, 4, 31, 16, 6, 36, 10, 6, 33, 29, 18, 28, 9, 32, 25, 28, 22, 9, 35, 18
9, 33, 9, 3, 22, 38, 5, 33, 37, 32, 28, 27, 3, 33, 0, 16, 2, 35
30, 26, 38, 39, 31, 23, 3, 7, 25, 24, 3, 26, 27, 3, 23, 4, 0, 38
23, 31, 30, 31, 16, 4, 38, 21, 12, 34, 10, 5, 25, 28, 23, 34, 33, 21
23, 31, 30, 31, 16, 4, 38, 21, 12, 34, 10, 5, 25, 28, 23, 34, 33, 21
23, 31, 30, 31, 16, 4, 38, 21, 12, 34, 10, 5, 25, 28, 23, 34, 33, 21
31, 28, 33, 1, 32, 39, 16, 32, 38, 6, 15, 16, 15, 38, 26, 25, 25
12, 3, 39, 18, 33, 9, 14, 36, 29, 13, 24, 28, 32, 19, 36
1, 18, 25, 32, 7, 38, 24, 24, 38, 36, 18, 17, 15, 22, 27, 26, 0, 2
26, 0, 20, 6, 5, 10, 31, 19, 6, 18, 28, 31, 30, 23, 37, 7, 5, 5, 29, 39
29, 26, 31, 20, 39, 39, 9, 6, 8, 23, 38, 31, 34, 9, 6, 10, 1, 24, 10
38, 16, 27, 8, 25, 13, 4, 5, 18, 33, 35, 19, 9, 32, 15, 9, 19, 18, 39, 23, 23, 12
26, 0, 20, 6, 5, 10, 31, 19, 6, 18, 28, 31, 30, 23, 37, 7, 5, 5, 29, 39
31, 28, 33, 1, 32, 39, 16, 32, 38, 6, 15, 16, 15, 38, 26, 25, 25
27, 24, 9, 11, 2, 27, 21, 21, 26, 23, 31, 7, 6, 3, 11, 15, 17
26, 38, 1, 31, 11, 25, 38, 8, 29, 8, 15, 25, 15, 13, 4, 38, 1, 13, 27, 26, 27
31, 28, 33, 1, 32, 39, 16, 32, 38, 6, 15, 16, 15, 38, 26, 25, 25
38, 32, 10, 0, 2, 30, 15, 32, 17, 11, 33, 26, 39, 21, 29, 19, 1, 25, 9, 34, 13
26, 0, 20, 6, 5, 10, 31, 19, 6, 18, 28, 31, 30, 23, 37, 7, 5, 5, 29, 39
29, 26, 31, 20, 39, 39, 9, 6, 8, 23, 38, 31, 34, 9, 6, 10, 1, 24, 10
39, 20, 8, 4, 31, 16, 6, 36, 10, 6, 33, 29, 18, 28, 9, 32, 25, 28, 22, 9, 35, 18
12, 3, 39, 18, 33, 9, 14, 36, 29, 13, 24, 28, 32, 19, 36
18, 22, 31, 27, 19, 15, 19, 18, 31, 31, 31, 30, 14, 21, 24, 2, 15, 11, 17, 38, 2, 14, 29
27, 24, 9, 11, 2, 27, 21, 21, 26, 23, 31, 7, 6, 3, 11, 15, 17
23, 31, 30, 31, 16, 4, 38, 21, 12, 34, 10, 5, 25, 28, 23, 34, 33, 21
17, 34, 10, 2, 23, 1, 25, 24, 14, 10, 22, 35, 39, 5, 13, 4, 21, 39, 27, 13
27, 27, 34, 11, 5, 26, 22, 3, 39, 36, 34, 25, 10, 10, 27, 25, 7, 0, 39
38, 32, 10, 0, 2, 30, 15, 32, 17, 11, 33, 26, 39, 21, 29, 19, 1, 25, 9, 34, 13
1, 18, 25, 32, 7, 38, 24, 24, 38, 36, 18, 17, 15, 22, 27, 26, 0, 2
12, 3, 39, 18, 33, 9, 14, 36, 29, 13, 24, 28, 32, 19, 36
27, 24, 9, 11, 2, 27, 21, 21, 26, 23, 31, 7, 6, 3, 11, 15, 17
38, 16, 27, 8, 25, 13, 4, 5, 18, 33, 35, 19, 9, 32, 15, 9, 19, 18, 39, 23, 23, 12
30, 26, 38, 39, 31, 23, 3, 7, 25, 24, 3, 26, 27, 3, 23, 4, 0, 38
9, 33, 9, 3, 22, 38, 5, 33, 37, 32, 28, 27, 3, 33, 0, 16, 2, 35
29, 26, 31, 20, 39, 39, 9, 6, 8, 23, 38, 31, 34, 9, 6, 10, 1, 24, 10
23, 31, 30, 31, 16, 4, 38, 21, 12, 34, 10, 5, 25, 28, 23, 34, 33, 21
12, 3, 39, 18, 33, 9, 14, 36, 29, 13, 24, 28, 32, 19, 36
9, 33, 9, 3, 22, 38, 5, 33, 37, 32, 28, 27, 3, 33, 0, 16, 2, 35
38, 32, 10, 0, 2, 30, 15, 32, 17, 11, 33, 26, 39, 21, 29, 19, 1, 25, 9, 34, 13
24, 23, 27, 1, 24, 38, 25, 30, 4, 38, 39, 31, 4, 35, 33, 5, 7, 2
12, 3, 39, 18, 33, 9, 14, 36, 29, 13, 24, 28, 32, 19, 36
10, 4, 3, 2, 10, 34, 26, 15, 5, 12, 1, 21, 12, 25, 35, 8, 27, 23, 7, 2, 11
23, 31, 30, 31, 16, 4, 38, 21, 12, 34, 10, 5, 25, 28, 23, 34, 33, 21
38, 16, 27, 8, 25, 13, 4, 5, 18, 33, 35, 19, 9, 32, 15, 9, 19, 18, 39, 23, 23, 12
24, 23, 27, 1, 24, 38, 25, 30, 4, 38, 39, 31, 4, 35, 33, 5, 7, 2
18, 22, 31, 27, 19, 15, 19, 18, 31, 31, 31, 30, 14, 21, 24, 2, 15, 11, 17, 38, 2, 14, 29
1, 18, 25, 32, 7, 38, 24, 24, 38, 36, 18, 17, 15, 22, 27, 26, 0, 2
18, 22, 31, 27, 19, 15, 19, 18, 31, 31, 31, 30, 14, 21, 24, 2, 15, 11, 17, 38, 2, 14, 29
18, 22, 31, 27, 19, 15, 19, 18, 31, 31, 31, 30, 14, 21, 24, 2, 15, 11, 17, 38, 2, 14, 29
30, 26, 38, 39, 31, 23, 3, 7, 25, 24, 3, 26, 27, 3, 23, 4, 0, 38
12, 3, 39, 18, 33, 9, 14, 36, 29, 13, 24, 28, 32, 19, 36
27, 24, 9, 11, 2, 27, 21, 21, 26, 23, 31, 7, 6, 3, 11, 15, 17
23, 31, 30, 31, 16, 4, 38, 21, 12, 34, 10, 5, 25, 28, 23, 34, 33, 21
10, 4, 3, 2, 10, 34, 26, 15, 5, 12, 1, 21, 12, 25, 35, 8, 27, 23, 7, 2, 11
27, 24, 9, 11, 2, 27, 21, 21, 26, 23, 31, 7, 6, 3, 11, 15, 17
24, 23, 27, 1, 24, 38, 25, 30, 4, 38, 39, 31, 4, 35, 33, 5, 7, 2
17, 34, 10, 2, 23, 1, 25, 24, 14, 10, 22, 35, 39, 5, 13, 4, 21, 39, 27, 13
17, 34, 10, 2, 23, 1, 25, 24, 14, 10, 22, 35, 39, 5, 13, 4, 21, 39, 27, 13
26, 38, 1, 31, 11, 25, 38, 8, 29, 8, 15, 25, 15, 13, 4, 38, 1, 13, 27, 26, 27
18, 22, 31, 27, 19, 15, 19, 18, 31, 31, 31, 30, 14, 21, 24, 2, 15, 11, 17, 38, 2, 14, 29
27, 24, 9, 11, 2, 27, 21, 21, 26, 23, 31, 7, 6, 3, 11, 15, 17
29, 26, 31, 20, 39, 39, 9, 6, 8, 23, 38, 31, 34, 9, 6, 10, 1, 24, 10
38, 32, 10, 0, 2, 30, 15, 32, 17, 11, 33, 26, 39, 21, 29, 19, 1, 25, 9, 34, 13
30, 26, 38, 39, 31, 23, 3, 7, 25, 24, 3, 26, 27, 3, 23, 4, 0, 38
27, 27, 34, 11, 5, 26, 22, 3, 39, 36, 34, 25, 10, 10, 27, 25, 7, 0, 39
10, 4, 3, 2, 10, 34, 26, 15, 5, 12, 1, 21, 12, 25, 35, 8, 27, 23, 7, 2, 11
1, 18, 25, 32, 7, 38, 24, 24, 38, 36, 18, 17, 15, 22, 27, 26, 0, 2
18, 22, 31, 27, 19, 15, 19, 18, 31, 31, 31, 30, 14, 21, 24, 2, 15, 11, 17, 38, 2, 14, 29
17, 34, 10, 2, 23, 1, 25, 24, 14, 10, 22, 35, 39, 5, 13, 4, 21, 39, 27, 13
24, 23, 27, 1, 24, 38, 25, 30, 4, 38, 39, 31, 4, 35, 33, 5, 7, 2
10, 35, 24, 8, 28, 25, 39, 16, 14, 13, 23, 36, 11, 25, 19, 1, 21, 16, 2
30, 26, 38, 39, 31, 23, 3, 7, 25, 24, 3, 26, 27, 3, 23, 4, 0, 38
12, 3, 39, 18, 33, 9, 14, 36, 29, 13, 24, 28, 32, 19, 36
23, 31, 30, 31, 16, 4, 38, 21, 12, 34, 10, 5, 25, 28, 23, 34, 33, 21
1, 18, 25, 32, 7, 38, 24, 24, 38, 36, 18, 17, 15, 22, 27, 26, 0, 2
31, 28, 33, 1, 32, 39, 16, 32, 38, 6, 15, 16, 15, 38, 26, 25, 25
27, 24, 9, 11, 2, 27, 21, 21, 26, 23, 31, 7, 6, 3, 11, 15, 17
29, 26, 31, 20, 39, 39, 9, 6, 8, 23, 38, 31, 34, 9, 6, 10, 1, 24, 10
12, 3, 39, 18, 33, 9, 14, 36, 29, 13, 24, 28, 32, 19, 36
12, 3, 39, 18, 33, 9, 14, 36, 29, 13, 24, 28, 32, 19, 36
23, 31, 30, 31, 16, 4, 38, 21, 12, 34, 10, 5, 25, 28, 23, 34, 33, 21
10, 4, 3, 2, 10, 34, 26, 15, 5, 12, 1, 21, 12, 25, 35, 8, 27, 23, 7, 2, 11
27, 24, 9, 11, 2, 27, 21, 21, 26, 23, 31, 7, 6, 3, 11, 15, 17
10, 35, 24, 8, 28, 25, 39, 16, 14, 13, 23, 36, 11, 25, 19, 1, 21, 16, 2
27, 27, 34, 11, 5, 26, 22, 3, 39, 36, 34, 25, 10, 10, 27, 25, 7, 0, 39
23, 31, 30, 31, 16, 4, 38, 21, 12, 34, 10, 5, 25, 28, 23, 34, 33, 21
39, 20, 8, 4, 31, 16, 6, 36, 10, 6, 33, 29, 18, 28, 9, 32, 25, 28, 22, 9, 35, 18
35, 20, 31, 20, 39, 29, 25, 34, 18, 7, 23, 27, 39, 18, 5, 1, 4, 37
31, 28, 33, 1, 32, 39, 16, 32, 38, 6, 15, 16, 15, 38, 26, 25, 25
38, 32, 10, 0, 2, 30, 15, 32, 17, 11, 33, 26, 39, 21, 29, 19, 1, 25, 9, 34, 13
26, 38, 1, 31, 11, 25, 38, 8, 29, 8, 15, 25, 15, 13, 4, 38, 1, 13, 27, 26, 27
10, 4, 3, 2, 10, 34, 26, 15, 5, 12, 1, 21, 12, 25, 35, 8, 27, 23, 7, 2, 11
38, 32, 10, 0, 2, 30, 15, 32, 17, 11, 33, 26, 39, 21, 29, 19, 1, 25, 9, 34, 13
39, 20, 8, 4, 31, 16, 6, 36, 10, 6, 33, 29, 18, 28, 9, 32, 25, 28, 22, 9, 35, 18
31, 28, 33, 1, 32, 39, 16, 32, 38, 6, 15, 16, 15, 38, 26, 25, 25
23, 31, 30, 31, 16, 4, 38, 21, 12, 34, 10, 5, 25, 28, 23, 34, 33, 21
24, 23, 27, 1, 24, 38, 25, 30, 4, 38, 39, 31, 4, 35, 33, 5, 7, 2
26, 0, 20, 6, 5, 10, 31, 19, 6, 18, 28, 31, 30, 23, 37, 7, 5, 5, 29, 39
27, 27, 34, 11, 5, 26, 22, 3, 39, 36, 34, 25, 10, 10, 27, 25, 7, 0, 39
12, 3, 39, 18, 33, 9, 14, 36, 29, 13, 24, 28, 32, 19, 36
27, 24, 9, 11, 2, 27, 21, 21, 26, 23, 31, 7, 6, 3, 11, 15, 17
29, 26, 31, 20, 39, 39, 9, 6, 8, 23, 38, 31, 34, 9, 6, 10, 1, 24, 10
10, 35, 24, 8, 28, 25, 39, 16, 14, 13, 23, 36, 11, 25, 19, 1, 21, 16, 2
30, 26, 38, 39, 31, 23, 3, 7, 25, 24, 3, 26, 27, 3, 23, 4, 0, 38
1, 18, 25, 32, 7, 38, 24, 24, 38, 36, 18, 17, 15, 22, 27, 26, 0, 2
27, 24, 9, 11, 2, 27, 21, 21, 26, 23, 31, 7, 6, 3, 11, 15, 17
27, 27, 34, 11, 5, 26, 22, 3, 39, 36, 34, 25, 10, 10, 27, 25, 7, 0, 39
9, 33, 9, 3, 22, 38, 5, 33, 37, 32, 28, 27, 3, 33, 0, 16, 2, 35
27, 24, 9, 11, 2, 27, 21, 21, 26, 23, 31, 7, 6, 3, 11, 15, 17
30, 26, 38, 39, 31, 23, 3, 7, 25, 24, 3, 26, 27, 3, 23, 4, 0, 38
17, 34, 10, 2, 23, 1, 25, 24, 14, 10, 22, 35, 39, 5, 13, 4, 21, 39, 27, 13
29, 26, 31, 20, 39, 39, 9, 6, 8, 23, 38, 31, 34, 9, 6, 10, 1, 24, 10
10, 35, 24, 8, 28, 25, 39, 16, 14, 13, 23, 36, 11, 25, 19, 1, 21, 16, 2
1, 18, 25, 32, 7, 38, 24, 24, 38, 36, 18, 17, 15, 22, 27, 26, 0, 2
18, 22, 31, 27, 19, 15, 19, 18, 31, 31, 31, 30, 14, 21, 24, 2, 15, 11, 17, 38, 2, 14, 29
1, 18, 25, 32, 7, 38, 24, 24, 38, 36, 18, 17, 15, 22, 27, 26, 0, 2
39, 20, 8, 4, 31, 16, 6, 36, 10, 6, 33, 29, 18, 28, 9, 32, 25, 28, 22, 9, 35, 18
1, 18, 25, 32, 7, 38, 24, 24, 38, 36, 18, 17, 15, 22, 27, 26, 0, 2
9, 33, 9, 3, 22, 38, 5, 33, 37, 32, 28, 27, 3, 33, 0, 16, 2, 35
1, 18, 25, 32, 7, 38, 24, 24, 38, 36, 18, 17, 15, 22, 27, 26, 0, 2
10, 35, 24, 8, 28, 25, 39, 16, 14, 13, 23, 36, 11, 25, 19, 1, 21, 16, 2
38, 32, 10, 0, 2, 30, 15, 32, 17, 11, 33, 26, 39, 21, 29, 19, 1, 25, 9, 34, 13
10, 35, 24, 8, 28, 25, 39, 16, 14, 13, 23, 36, 11, 25, 19, 1, 21, 16, 2
10, 35, 24, 8, 28, 25, 39, 16, 14, 13, 23, 36, 11, 25, 19, 1, 21, 16, 2
24, 23, 27, 1, 24, 38, 25, 30, 4, 38, 39, 31, 4, 35, 33, 5, 7, 2
27, 24, 9, 11, 2, 27, 21, 21, 26, 23, 31, 7, 6, 3, 11, 15, 17
18, 22, 31, 27, 19, 15, 19, 18, 31, 31, 31, 30, 14, 21, 24, 2, 15, 11, 17, 38, 2, 14, 29
38, 16, 27, 8, 25, 13, 4, 5, 18, 33, 35, 19, 9, 32, 15, 9, 19, 18, 39, 23, 23, 12
31, 28, 33, 1, 32, 39, 16, 32, 38, 6, 15, 16, 15, 38, 26, 25, 25
38, 32, 10, 0, 2, 30, 15, 32, 17, 11, 33, 26, 39, 21, 29, 19, 1, 25, 9, 34, 13
10, 4, 3, 2, 10, 34, 26, 15, 5, 12, 1, 21, 12, 25, 35, 8, 27, 23, 7, 2, 11
9, 33, 9, 3, 22, 38, 5, 33, 37, 32, 28, 27, 3, 33, 0, 16, 2, 35
38, 16, 27, 8, 25, 13, 4, 5, 18, 33, 35, 19, 9, 32, 15, 9, 19, 18, 39, 23, 23, 12
17, 34, 10, 2, 23, 1, 25, 24, 14, 10, 22, 35, 39, 5, 13, 4, 21, 39, 27, 13
10, 4, 3, 2, 10, 34, 26, 15, 5, 12, 1, 21, 12, 25, 35, 8, 27, 23, 7, 2, 11
12, 3, 39, 18, 33, 9, 14, 36, 29, 13, 24, 28, 32, 19, 36
26, 38, 1, 31, 11, 25, 38, 8, 29, 8, 15, 25, 15, 13, 4, 38, 1, 13, 27, 26, 27
38, 16, 27, 8, 25, 13, 4, 5, 18, 33, 35, 19, 9, 32, 15, 9, 19, 18, 39, 23, 23, 12
10, 35, 24, 8, 28, 25, 39, 16, 14, 13, 23, 36, 11, 25, 19, 1, 21, 16, 2
27, 24, 9, 11, 2, 27, 21, 21, 26, 23, 31, 7, 6, 3, 11, 15, 17
23, 31, 30, 31, 16, 4, 38, 21, 12, 34, 10, 5, 25, 28, 23, 34, 33, 21
17, 34, 10, 2, 23, 1, 25, 24, 14, 10, 22, 35, 39, 5, 13, 4, 21, 39, 27, 13
29, 26, 31, 20, 39, 39, 9, 6, 8, 23, 38, 31, 34, 9, 6, 10, 1, 24, 10
31, 28, 33, 1, 32, 39, 16, 32, 38, 6, 15, 16, 15, 38, 26, 25, 25
9, 33, 9, 3, 22, 38, 5, 33, 37, 32, 28, 27, 3, 33, 0, 16, 2, 35
27, 24, 9, 11, 2, 27, 21, 21, 26, 23, 31, 7, 6, 3, 11, 15, 17
12, 3, 39, 18, 33, 9, 14, 36, 29, 13, 24, 28, 32, 19, 36
18, 22, 31, 27, 19, 15, 19, 18, 31, 31, 31, 30, 14, 21, 24, 2, 15, 11, 17, 38, 2, 14, 29
24, 23, 27, 1, 24, 38, 25, 30, 4, 38, 39, 31, 4, 35, 33, 5, 7, 2
24, 23, 27, 1, 24, 38, 25, 30, 4, 38, 39, 31, 4, 35, 33, 5, 7, 2
26, 38, 1, 31, 11, 25, 38, 8, 29, 8, 15, 25, 15, 13, 4, 38, 1, 13, 27, 26, 27
10, 4, 3, 2, 10, 34, 26, 15, 5, 12, 1, 21, 12, 25, 35, 8, 27, 23, 7, 2, 11
12, 3, 39, 18, 33, 9, 14, 36, 29, 13, 24, 28, 32, 19, 36
27, 24, 9, 11, 2, 27, 21, 21, 26, 23, 31, 7, 6, 3, 11, 15, 17
38, 16, 27, 8, 25, 13, 4, 5, 18, 33, 35, 19, 9, 32, 15, 9, 19, 18, 39, 23, 23, 12
39, 20, 8, 4, 31, 16, 6, 36, 10, 6, 33, 29, 18, 28, 9, 32, 25, 28, 22, 9, 35, 18
38, 16, 27, 8, 25, 13, 4, 5, 18, 33, 35, 19, 9, 32, 15, 9, 19, 18, 39, 23, 23, 12
9, 33, 9, 3, 22, 38, 5, 33, 37, 32, 28, 27, 3, 33, 0, 16, 2, 35
26, 38, 1, 31, 11, 25, 38, 8, 29, 8, 15, 25, 15, 13, 4, 38, 1, 13, 27, 26, 27
27, 24, 9, 11, 2, 27, 21, 21, 26, 23, 31, 7, 6, 3, 11, 15, 17
38, 16, 27, 8, 25, 13, 4, 5, 18, 33, 35, 19, 9, 32, 15, 9, 19, 18, 39, 23, 23, 12
12, 3, 39, 18, 33, 9, 14, 36, 29, 13, 24, 28, 32, 19, 36
26, 0, 20, 6, 5, 10, 31, 19, 6, 18, 28, 31, 30, 23, 37, 7, 5, 5, 29, 39
38, 16, 27, 8, 25, 13, 4, 5, 18, 33, 35, 19, 9, 32, 15, 9, 19, 18, 39, 23, 23, 12
18, 22, 31, 27, 19, 15, 19, 18, 31, 31, 31, 30, 14, 21, 24, 2, 15, 11, 17, 38, 2, 14, 29
27, 27, 34, 11, 5, 26, 22, 3, 39, 36, 34, 25, 10, 10, 27, 25, 7, 0, 39
38, 32, 10, 0, 2, 30, 15, 32, 17, 11, 33, 26, 39, 21, 29, 19, 1, 25, 9, 34, 13
30, 26, 38, 39, 31, 23, 3, 7, 25, 24, 3, 26, 27, 3, 23, 4, 0, 38
35, 20, 31, 20, 39, 29, 25, 34, 18, 7, 23, 27, 39, 18, 5, 1, 4, 37
38, 16, 27, 8, 25, 13, 4, 5, 18, 33, 35, 19, 9, 32, 15, 9, 19, 18, 39, 23, 23, 12
38, 32, 10, 0, 2, 30, 15, 32, 17, 11, 33, 26, 39, 21, 29, 19, 1, 25, 9, 34, 13
1, 18, 25, 32, 7, 38, 24, 24, 38, 36, 18, 17, 15, 22, 27, 26, 0, 2
10, 35, 24, 8, 28, 25, 39, 16, 14, 13, 23, 36, 11, 25, 19, 1, 21, 16, 2
18, 22, 31, 27, 19, 15, 19, 18, 31, 31, 31, 30, 14, 21, 24, 2, 15, 11, 17, 38, 2, 14, 29
30, 26, 38, 39, 31, 23, 3, 7, 25, 24, 3, 26, 27, 3, 23, 4, 0, 38
1, 18, 25, 32, 7, 38, 24, 24, 38, 36, 18, 17, 15, 22, 27, 26, 0, 2
29, 26, 31, 20, 39, 39, 9, 6, 8, 23, 38, 31, 34, 9, 6, 10, 1, 24, 10
29, 26, 31, 20, 39, 39, 9, 6, 8, 23, 38, 31, 34, 9, 6, 10, 1, 24, 10
23, 31, 30, 31, 16, 4, 38, 21, 12, 34, 10, 5, 25, 28, 23, 34, 33, 21
17, 34, 10, 2, 23, 1, 25, 24, 14, 10, 22, 35, 39, 5, 13, 4, 21, 39, 27, 13
26, 38, 1, 31, 11, 25, 38, 8, 29, 8, 15, 25, 15, 13, 4, 38, 1, 13, 27, 26, 27
23, 31, 30, 31, 16, 4, 38, 21, 12, 34, 10, 5, 25, 28, 23, 34, 33, 21
10, 35, 24, 8, 28, 25, 39, 16, 14, 13, 23, 36, 11, 25, 19, 1, 21, 16, 2
10, 4, 3, 2, 10, 34, 26, 15, 5, 12, 1, 21, 12, 25, 35, 8, 27, 23, 7, 2, 11
23, 31, 30, 31, 16, 4, 38, 21, 12, 34, 10, 5, 25, 28, 23, 34, 33, 21
27, 24, 9, 11, 2, 27, 21, 21, 26, 23, 31, 7, 6, 3, 11, 15, 17
10, 35, 24, 8, 28, 25, 39, 16, 14, 13, 23, 36, 11, 25, 19, 1, 21, 16, 2
38, 32, 10, 0, 2, 30, 15, 32, 17, 11, 33, 26, 39, 21, 29, 19, 1, 25, 9, 34, 13
9, 33, 9, 3, 22, 38, 5, 33, 37, 32, 28, 27, 3, 33, 0, 16, 2, 35
26, 0, 20, 6, 5, 10, 31, 19, 6, 18, 28, 31, 30, 23, 37, 7, 5, 5, 29, 39
9, 33, 9, 3, 22, 38, 5, 33, 37, 32, 28, 27, 3, 33, 0, 16, 2, 35
17, 34, 10, 2, 23, 1, 25, 24, 14, 10, 22, 35, 39, 5, 13, 4, 21, 39, 27, 13
27, 24, 9, 11, 2, 27, 21, 21, 26, 23, 31, 7, 6, 3, 11, 15, 17
1, 18, 25, 32, 7, 38, 24, 24, 38, 36, 18, 17, 15, 22, 27, 26, 0, 2
35, 20, 31, 20, 39, 29, 25, 34, 18, 7, 23, 27, 39, 18, 5, 1, 4, 37
31, 28, 33, 1, 32, 39, 16, 32, 38, 6, 15, 16, 15, 38, 26, 25, 25
10, 35, 24, 8, 28, 25, 39, 16, 14, 13, 23, 36, 11, 25, 19, 1, 21, 16, 2
18, 22, 31, 27, 19, 15, 19, 18, 31, 31, 31, 30, 14, 21, 24, 2, 15, 11, 17, 38, 2, 14, 29
24, 23, 27, 1, 24, 38, 25, 30, 4, 38, 39, 31, 4, 35, 33, 5, 7, 2
31, 28, 33, 1, 32, 39, 16, 32, 38, 6, 15, 16, 15, 38, 26, 25, 25
30, 26, 38, 39, 31, 23, 3, 7, 25, 24, 3, 26, 27, 3, 23, 4, 0, 38
31, 28, 33, 1, 32, 39, 16, 32, 38, 6, 15, 16, 15, 38, 26, 25, 25
35, 20, 31, 20, 39, 29, 25, 34, 18, 7, 23, 27, 39, 18, 5, 1, 4, 37
10, 35, 24, 8, 28, 25, 39, 16, 14, 13, 23, 36, 11, 25, 19, 1, 21, 16, 2
39, 20, 8, 4, 31, 16, 6, 36, 10, 6, 33, 29, 18, 28, 9, 32, 25, 28, 22, 9, 35, 18
