(76, 14), (102, 6), (199, 12), (203, 3), (328, 7), (344, 7), (380, 13), (453, 12)
(140, 6), (233, 4), (271, 11), (326, 4), (330, 4), (332, 9), (353, 8), (363, 2), (368, 6), (406, 13), (458, 1)
(73, 11), (190, 14), (212, 6), (280, 2), (295, 1), (319, 10), (322, 3), (341, 14), (345, 6), (383, 6)
(124, 8), (188, 1), (223, 11), (234, 5), (354, 9), (376, 11), (376, 14), (394, 6), (476, 2), (552, 2)
(84, 6), (182, 9), (248, 2), (298, 6), (311, 12), (321, 11), (387, 9), (413, 6), (480, 10)
(17, 6), (103, 9), (213, 6), (343, 9), (441, 10), (503, 6), (550, 11), (557, 2), (630, 12)
(11, 14), (74, 6), (205, 12), (359, 12), (360, 7), (379, 3), (419, 13), (442, 7)
(2, 6), (69, 4), (73, 9), (81, 11), (129, 4), (189, 1), (327, 6), (383, 2), (385, 8), (394, 4), (417, 13)
(133, 8), (211, 1), (239, 5), (265, 11), (310, 2), (384, 11), (398, 2), (432, 9), (490, 6), (624, 14)
(19, 6), (91, 4), (167, 4), (201, 11), (347, 4), (357, 9), (382, 13), (391, 8), (456, 1), (532, 6), (559, 2)
(25, 14), (58, 6), (127, 3), (189, 12), (378, 7), (384, 7), (390, 13), (487, 12)
(73, 8), (156, 1), (233, 5), (240, 11), (342, 9), (368, 6), (387, 11), (455, 14), (567, 2), (643, 2)
(109, 6), (213, 4), (262, 4), (303, 4), (398, 11), (546, 9), (708, 2), (709, 1), (751, 13), (782, 6), (841, 8)
(38, 8), (90, 1), (141, 6), (152, 5), (154, 11), (180, 11), (223, 9), (318, 14), (409, 2), (503, 2)
(87, 11), (135, 14), (148, 14), (171, 6), (187, 3), (235, 10), (310, 1), (321, 2), (347, 6), (422, 6)
(97, 11), (227, 14), (249, 6), (312, 3), (322, 14), (357, 2), (420, 6), (426, 10), (450, 6), (473, 1)
(114, 6), (217, 4), (271, 11), (316, 4), (443, 9), (515, 13), (532, 1), (532, 6), (550, 2), (577, 8), (663, 4)
(95, 14), (155, 6), (298, 12), (341, 3), (370, 13), (376, 7), (388, 12), (395, 7)
(63, 8), (94, 1), (123, 5), (326, 11), (369, 11), (478, 9), (489, 6), (508, 14), (600, 2), (694, 2)
(104, 6), (192, 4), (256, 4), (319, 11), (320, 6), (357, 1), (374, 2), (434, 13), (468, 9), (551, 8), (622, 4)
(0, 6), (63, 4), (142, 11), (161, 4), (327, 4), (335, 1), (354, 9), (396, 2), (413, 6), (456, 13), (502, 8)
(79, 8), (159, 1), (231, 5), (303, 6), (306, 14), (334, 11), (380, 2), (474, 2), (475, 9), (575, 11)
(16, 14), (76, 6), (188, 12), (324, 3), (378, 13), (381, 12), (439, 7), (449, 7)
(48, 6), (166, 9), (278, 6), (300, 6), (307, 11), (311, 10), (318, 2), (355, 12), (370, 9)
(78, 6), (197, 9), (278, 6), (328, 9), (384, 12), (462, 10), (522, 6), (590, 2), (612, 11)
(83, 14), (120, 6), (154, 3), (215, 12), (316, 7), (346, 13), (374, 12), (404, 7)
(143, 14), (215, 6), (318, 12), (379, 3), (396, 7), (464, 7), (464, 13), (554, 12)
(147, 6), (223, 4), (309, 2), (322, 4), (325, 13), (330, 11), (343, 8), (360, 1), (383, 9), (430, 4), (499, 6)
(16, 6), (90, 4), (190, 4), (307, 4), (333, 6), (348, 2), (349, 8), (353, 13), (359, 9), (360, 11), (378, 1)
(89, 11), (206, 14), (227, 6), (254, 1), (320, 3), (322, 6), (349, 14), (350, 2), (386, 6), (443, 10)
(145, 8), (187, 1), (218, 11), (241, 5), (281, 9), (331, 6), (358, 11), (402, 14), (495, 2), (532, 2)
(90, 6), (191, 4), (277, 4), (326, 2), (341, 13), (370, 1), (374, 6), (386, 11), (406, 8), (501, 4), (540, 9)
(98, 8), (177, 1), (238, 5), (305, 11), (310, 11), (319, 9), (446, 6), (562, 14), (677, 2), (755, 2)
(48, 6), (140, 4), (214, 11), (229, 4), (315, 4), (323, 8), (364, 9), (521, 1), (602, 13), (627, 6), (677, 2)
(59, 8), (148, 1), (198, 5), (281, 6), (313, 11), (337, 9), (371, 11), (373, 2), (413, 14), (468, 2)
(135, 6), (215, 9), (227, 9), (323, 11), (333, 6), (335, 6), (357, 12), (361, 10), (377, 2)
(86, 11), (189, 14), (213, 6), (332, 3), (353, 14), (403, 10), (523, 6), (529, 6), (562, 1), (677, 2)
(135, 8), (193, 11), (216, 1), (226, 9), (247, 5), (296, 6), (319, 11), (337, 14), (454, 2), (550, 2)
(115, 8), (185, 1), (235, 5), (309, 14), (329, 11), (366, 2), (372, 9), (389, 11), (416, 2), (493, 6)
(136, 14), (176, 6), (267, 12), (367, 3), (462, 7), (560, 7), (602, 12), (609, 13)
(76, 8), (193, 1), (210, 11), (222, 9), (253, 5), (321, 11), (339, 6), (365, 2), (385, 14), (443, 2)
(0, 11), (120, 14), (141, 6), (142, 3), (160, 14), (169, 10), (214, 2), (216, 1), (218, 6), (298, 6)
(71, 14), (144, 6), (269, 12), (274, 3), (309, 12), (418, 7), (440, 7), (512, 13)
(102, 6), (201, 4), (268, 4), (358, 11), (371, 9), (377, 4), (403, 1), (492, 6), (539, 2), (574, 13), (702, 8)
(132, 6), (221, 4), (308, 4), (320, 4), (360, 8), (377, 13), (386, 11), (387, 2), (565, 1), (576, 9), (640, 6)
(24, 11), (99, 14), (121, 6), (151, 3), (172, 14), (225, 10), (335, 6), (360, 6), (396, 1), (506, 2)
(64, 6), (145, 4), (164, 11), (201, 4), (238, 2), (318, 6), (325, 13), (332, 1), (342, 8), (349, 9), (414, 4)
(146, 8), (188, 1), (233, 5), (348, 11), (370, 14), (396, 11), (397, 9), (493, 2), (513, 6), (575, 2)
(27, 11), (123, 14), (147, 6), (165, 3), (197, 14), (288, 6), (300, 10), (306, 1), (335, 6), (392, 2)
(120, 6), (224, 9), (314, 10), (337, 9), (364, 6), (373, 6), (475, 11), (491, 2), (541, 12)
(11, 6), (84, 4), (135, 4), (253, 11), (292, 9), (351, 4), (366, 13), (408, 1), (481, 8), (485, 6), (513, 2)
(35, 8), (100, 1), (178, 5), (328, 6), (358, 11), (363, 11), (392, 9), (450, 2), (452, 14), (525, 2)
(146, 14), (173, 6), (302, 12), (317, 7), (355, 13), (362, 3), (445, 7), (468, 12)
(63, 6), (121, 4), (203, 4), (339, 11), (379, 4), (399, 8), (404, 9), (561, 1), (646, 2), (687, 6), (698, 13)
(89, 6), (211, 9), (334, 9), (342, 6), (356, 6), (384, 2), (435, 11), (452, 12), (464, 10)
(8, 14), (40, 6), (59, 3), (138, 12), (208, 12), (234, 13), (314, 7), (325, 7)
(19, 11), (118, 14), (139, 6), (345, 14), (346, 3), (443, 10), (443, 6), (483, 6), (538, 1), (669, 2)
(15, 6), (106, 9), (132, 9), (189, 6), (232, 10), (293, 6), (349, 11), (364, 2), (434, 12)
(56, 6), (176, 9), (218, 9), (254, 6), (321, 6), (328, 10), (356, 11), (368, 2), (421, 12)
(100, 8), (156, 1), (212, 5), (227, 11), (305, 6), (371, 11), (375, 9), (403, 14), (526, 2), (616, 2)
(100, 11), (222, 14), (245, 6), (258, 3), (276, 14), (337, 6), (342, 1), (370, 10), (386, 6), (395, 2)
(91, 8), (180, 11), (186, 1), (234, 5), (236, 9), (346, 11), (364, 2), (369, 2), (461, 6), (563, 14)
(87, 6), (147, 4), (247, 4), (348, 1), (359, 11), (375, 6), (385, 13), (417, 2), (500, 8), (505, 9), (551, 4)
(0, 8), (32, 1), (63, 9), (81, 5), (88, 11), (219, 11), (352, 2), (354, 6), (485, 14), (547, 2)
(21, 6), (104, 9), (170, 9), (224, 6), (315, 10), (382, 6), (499, 11), (514, 2), (565, 12)
(39, 8), (134, 1), (163, 5), (176, 11), (365, 6), (379, 9), (440, 14), (470, 11), (563, 2), (641, 2)
(114, 6), (213, 4), (252, 11), (310, 4), (312, 9), (326, 1), (377, 6), (399, 13), (418, 2), (455, 8), (549, 4)
(111, 6), (215, 4), (254, 4), (324, 11), (390, 9), (535, 1), (638, 6), (696, 2), (756, 13), (816, 8), (861, 4)
(86, 8), (145, 11), (159, 1), (190, 5), (331, 11), (378, 14), (386, 2), (390, 9), (466, 6), (478, 2)
(79, 14), (151, 6), (248, 3), (267, 7), (275, 12), (310, 7), (315, 13), (373, 12)
(99, 11), (226, 14), (251, 6), (347, 3), (396, 14), (489, 6), (495, 10), (552, 6), (592, 2), (612, 1)
(39, 8), (77, 1), (116, 11), (131, 5), (369, 11), (395, 9), (395, 6), (488, 14), (536, 2), (556, 2)
(113, 8), (205, 1), (238, 5), (348, 11), (363, 6), (410, 14), (477, 9), (511, 2), (557, 2), (572, 11)
(70, 14), (106, 6), (252, 12), (372, 3), (383, 13), (481, 7), (494, 12), (495, 7)
(55, 6), (148, 9), (257, 6), (311, 9), (363, 12), (394, 10), (450, 2), (451, 6), (562, 11)
(77, 8), (125, 1), (162, 5), (264, 6), (282, 11), (295, 11), (308, 2), (331, 9), (390, 14), (472, 2)
(121, 11), (232, 14), (253, 6), (279, 3), (307, 14), (364, 10), (368, 6), (441, 2), (444, 1), (448, 6)
(118, 11), (203, 3), (239, 14), (260, 6), (283, 1), (283, 2), (307, 6), (345, 14), (346, 6), (443, 10)
(131, 8), (214, 1), (238, 11), (246, 5), (373, 6), (395, 9), (419, 14), (420, 2), (457, 11), (460, 2)
(138, 11), (228, 14), (249, 6), (297, 6), (331, 3), (335, 2), (338, 1), (375, 6), (381, 14), (481, 10)
(71, 14), (91, 6), (114, 7), (154, 3), (158, 7), (212, 12), (373, 13), (389, 12)
(139, 6), (230, 4), (314, 4), (336, 11), (361, 4), (364, 13), (392, 8), (436, 9), (555, 1), (635, 6), (685, 2)
(34, 11), (71, 10), (75, 3), (97, 14), (115, 14), (138, 6), (199, 6), (244, 6), (321, 1), (472, 2)
(148, 11), (161, 14), (251, 14), (259, 10), (264, 3), (275, 6), (316, 1), (324, 2), (347, 6), (392, 6)
(19, 6), (91, 4), (148, 4), (285, 11), (321, 6), (339, 9), (345, 4), (351, 1), (355, 2), (406, 13), (462, 8)
(113, 6), (207, 9), (330, 6), (330, 9), (347, 10), (411, 6), (420, 2), (491, 12), (526, 11)
(21, 11), (140, 14), (163, 6), (296, 6), (308, 10), (309, 14), (329, 3), (331, 6), (409, 1), (464, 2)
(72, 11), (184, 14), (206, 6), (211, 3), (312, 2), (325, 14), (366, 10), (391, 1), (412, 6), (496, 6)
(23, 11), (129, 14), (153, 6), (170, 3), (341, 14), (353, 10), (366, 6), (387, 1), (414, 6), (533, 2)
(145, 8), (244, 1), (292, 5), (316, 11), (334, 2), (335, 2), (339, 9), (452, 11), (553, 6), (648, 14)
(52, 14), (115, 6), (229, 12), (314, 7), (342, 3), (386, 7), (425, 13), (532, 12)
(113, 6), (223, 9), (319, 6), (356, 9), (363, 6), (370, 11), (371, 2), (437, 12), (487, 10)
(18, 8), (121, 1), (153, 5), (288, 11), (422, 9), (422, 11), (487, 14), (551, 2), (560, 6), (642, 2)
(16, 8), (107, 1), (164, 5), (195, 11), (319, 9), (332, 2), (361, 2), (394, 6), (411, 11), (455, 14)
(82, 8), (139, 1), (210, 5), (214, 11), (350, 11), (364, 14), (366, 2), (372, 9), (448, 2), (503, 6)
(31, 14), (69, 6), (160, 12), (292, 3), (342, 7), (363, 7), (437, 13), (550, 12)
(149, 6), (216, 4), (300, 4), (354, 9), (359, 1), (363, 13), (399, 11), (439, 2), (444, 8), (494, 4), (502, 6)
(73, 6), (166, 4), (203, 4), (302, 11), (325, 13), (386, 2), (387, 8), (422, 4), (491, 9), (618, 6), (668, 1)
(54, 6), (135, 4), (225, 4), (323, 11), (437, 9), (599, 1), (696, 4), (705, 6), (749, 2), (749, 8), (806, 13)
(132, 8), (182, 1), (219, 5), (229, 11), (309, 14), (328, 9), (367, 6), (385, 2), (400, 11), (478, 2)
(64, 6), (179, 9), (319, 6), (331, 12), (339, 2), (385, 9), (514, 10), (583, 6), (696, 11)
(140, 14), (187, 6), (281, 12), (285, 12), (325, 3), (336, 13), (374, 7), (387, 7)
(89, 14), (141, 6), (213, 3), (249, 7), (272, 12), (341, 12), (350, 13), (366, 7)
(62, 6), (165, 9), (259, 9), (294, 6), (347, 12), (351, 6), (358, 10), (369, 11), (388, 2)
(73, 11), (155, 14), (155, 14), (179, 6), (195, 3), (237, 1), (250, 10), (261, 2), (334, 6), (378, 6)
(79, 14), (139, 6), (285, 12), (332, 13), (333, 7), (365, 3), (392, 12), (397, 7)
(132, 8), (196, 1), (255, 5), (398, 11), (457, 9), (505, 14), (513, 11), (533, 6), (551, 2), (641, 2)
(2, 6), (93, 9), (212, 6), (268, 6), (309, 9), (311, 10), (331, 11), (335, 2), (396, 12)
(26, 11), (85, 14), (107, 6), (309, 6), (321, 14), (337, 3), (372, 6), (422, 10), (430, 1), (569, 2)
(79, 14), (129, 6), (261, 12), (326, 7), (399, 3), (470, 7), (531, 13), (603, 12)
(69, 11), (130, 14), (155, 6), (352, 14), (379, 6), (397, 3), (429, 1), (456, 10), (462, 6), (514, 2)
(135, 11), (229, 14), (253, 6), (268, 3), (381, 14), (483, 10), (591, 6), (638, 6), (712, 1), (715, 2)
(79, 11), (145, 14), (169, 6), (345, 1), (382, 3), (405, 14), (438, 2), (488, 6), (498, 10), (570, 6)
(13, 6), (103, 4), (128, 11), (152, 4), (307, 9), (356, 4), (429, 1), (473, 13), (508, 2), (527, 6), (576, 8)
(96, 8), (181, 1), (257, 5), (265, 9), (291, 11), (325, 11), (374, 14), (421, 2), (428, 6), (514, 2)
(146, 11), (247, 14), (268, 6), (284, 3), (358, 14), (458, 10), (477, 6), (486, 1), (527, 6), (615, 2)
(93, 11), (155, 14), (177, 6), (182, 3), (349, 2), (353, 14), (457, 10), (557, 1), (565, 6), (607, 6)
(1, 11), (89, 14), (114, 6), (309, 3), (337, 6), (350, 1), (366, 14), (390, 10), (390, 6), (489, 2)
(22, 6), (138, 4), (231, 4), (320, 4), (334, 1), (359, 11), (409, 8), (455, 6), (480, 13), (498, 2), (531, 9)
(78, 14), (151, 6), (289, 12), (373, 3), (509, 7), (565, 13), (569, 12), (582, 7)
(20, 6), (109, 9), (130, 9), (196, 6), (251, 6), (257, 10), (372, 11), (378, 2), (429, 12)
(12, 6), (117, 4), (165, 11), (170, 4), (294, 9), (340, 1), (376, 4), (434, 13), (436, 8), (473, 6), (512, 2)
(146, 8), (185, 1), (255, 5), (275, 11), (302, 2), (305, 14), (335, 9), (339, 6), (394, 2), (438, 11)
(4, 6), (122, 9), (173, 9), (199, 6), (294, 10), (295, 6), (411, 11), (428, 12), (430, 2)
(97, 11), (217, 14), (241, 6), (316, 1), (335, 14), (377, 3), (398, 10), (417, 2), (493, 6), (560, 6)
(148, 14), (193, 6), (243, 3), (301, 7), (305, 7), (320, 12), (353, 13), (440, 12)
(99, 6), (209, 9), (298, 6), (319, 10), (339, 6), (339, 2), (344, 9), (382, 12), (441, 11)
(108, 11), (232, 14), (254, 6), (278, 2), (316, 1), (357, 14), (377, 10), (380, 3), (452, 6), (488, 6)
(107, 8), (202, 1), (262, 5), (332, 14), (340, 11), (392, 2), (410, 2), (433, 9), (537, 11), (641, 6)
(15, 6), (120, 9), (191, 9), (249, 6), (323, 10), (377, 6), (493, 12), (498, 11), (519, 2)
(113, 11), (234, 14), (255, 6), (340, 6), (359, 1), (363, 14), (364, 3), (394, 6), (396, 10), (486, 2)
(55, 11), (184, 14), (205, 6), (348, 3), (350, 6), (366, 1), (435, 14), (450, 6), (475, 10), (482, 2)
(111, 8), (215, 1), (275, 5), (365, 14), (395, 11), (432, 2), (508, 9), (509, 2), (578, 11), (722, 6)
(43, 14), (82, 6), (164, 3), (222, 12), (256, 7), (315, 12), (344, 13), (399, 7)
(5, 6), (52, 4), (127, 4), (285, 11), (285, 8), (315, 6), (318, 2), (351, 13), (377, 4), (474, 9), (626, 1)
(34, 11), (98, 14), (153, 14), (162, 10), (175, 6), (178, 6), (181, 3), (323, 6), (378, 1), (398, 2)
(113, 14), (186, 6), (292, 12), (299, 3), (422, 7), (495, 13), (562, 7), (579, 12)
(124, 6), (169, 11), (170, 4), (222, 4), (222, 9), (312, 1), (366, 6), (427, 2), (472, 13), (600, 8), (712, 4)
(133, 6), (240, 9), (251, 6), (290, 2), (312, 10), (315, 6), (329, 9), (350, 11), (374, 12)
(108, 11), (216, 14), (240, 6), (322, 1), (341, 3), (360, 6), (365, 2), (386, 6), (421, 14), (523, 10)
(6, 6), (64, 4), (139, 4), (260, 11), (310, 2), (341, 13), (360, 8), (444, 4), (446, 9), (543, 1), (682, 6)
(115, 8), (207, 1), (246, 5), (396, 11), (539, 9), (578, 6), (589, 11), (627, 14), (719, 2), (795, 2)
(137, 6), (250, 4), (315, 1), (339, 4), (346, 9), (371, 11), (375, 2), (401, 6), (418, 13), (512, 8), (552, 4)
(87, 8), (152, 1), (201, 5), (309, 11), (318, 2), (367, 2), (437, 9), (521, 11), (625, 6), (708, 14)
(138, 8), (175, 1), (200, 11), (227, 5), (336, 6), (352, 2), (364, 11), (372, 2), (383, 14), (386, 9)
(4, 6), (106, 4), (138, 11), (169, 4), (280, 9), (280, 4), (337, 8), (394, 13), (442, 1), (462, 2), (547, 6)
(89, 8), (206, 1), (250, 5), (325, 11), (353, 6), (366, 11), (384, 9), (442, 14), (484, 2), (573, 2)
(20, 6), (139, 9), (163, 9), (174, 10), (252, 6), (307, 6), (329, 11), (334, 2), (342, 12)
(145, 11), (250, 14), (266, 3), (271, 6), (295, 14), (326, 1), (342, 2), (353, 6), (400, 10), (505, 6)
(79, 6), (159, 9), (163, 9), (234, 6), (283, 10), (340, 6), (360, 12), (463, 11), (481, 2)
(27, 6), (101, 4), (142, 4), (272, 11), (325, 9), (360, 1), (460, 4), (463, 6), (484, 8), (517, 2), (521, 13)
(73, 11), (131, 14), (153, 6), (253, 14), (315, 6), (340, 3), (341, 2), (349, 10), (359, 6), (400, 1)
(133, 6), (234, 12), (237, 9), (265, 9), (270, 2), (308, 6), (347, 6), (361, 10), (367, 11)
(51, 8), (84, 1), (145, 5), (154, 11), (295, 9), (303, 2), (316, 6), (369, 11), (378, 14), (389, 2)
(84, 6), (186, 4), (246, 11), (277, 4), (331, 9), (479, 1), (610, 6), (655, 2), (699, 13), (782, 8), (838, 4)
(3, 11), (83, 14), (104, 6), (300, 3), (321, 10), (323, 14), (374, 6), (387, 1), (423, 6), (477, 2)
(8, 8), (113, 1), (148, 11), (178, 5), (306, 6), (317, 11), (333, 2), (365, 2), (370, 14), (375, 9)
(30, 6), (107, 4), (205, 4), (342, 11), (344, 8), (423, 4), (529, 9), (623, 1), (716, 2), (748, 13), (749, 6)
(75, 14), (98, 6), (131, 3), (206, 12), (366, 7), (486, 7), (586, 13), (646, 12)
(82, 8), (149, 1), (212, 5), (341, 11), (377, 9), (392, 2), (468, 11), (468, 2), (619, 6), (739, 14)
(107, 11), (149, 14), (154, 6), (169, 3), (196, 14), (206, 10), (218, 6), (218, 6), (258, 1), (341, 2)
(144, 6), (248, 9), (280, 9), (323, 11), (333, 2), (355, 6), (358, 6), (365, 12), (377, 10)
(56, 11), (98, 14), (123, 14), (144, 6), (174, 3), (309, 10), (432, 1), (433, 6), (508, 6), (583, 2)
(137, 6), (201, 4), (244, 4), (275, 11), (396, 9), (440, 1), (477, 6), (537, 2), (571, 13), (627, 8), (662, 4)
(77, 6), (169, 4), (225, 9), (240, 11), (259, 4), (332, 1), (399, 2), (408, 6), (447, 13), (565, 4), (569, 8)
(88, 11), (151, 14), (175, 6), (341, 6), (356, 3), (377, 14), (383, 6), (410, 10), (414, 1), (533, 2)
(119, 8), (209, 1), (283, 5), (311, 9), (317, 11), (336, 14), (377, 2), (424, 11), (463, 2), (487, 6)
(129, 6), (228, 4), (245, 11), (268, 4), (393, 9), (499, 1), (533, 6), (549, 8), (569, 2), (571, 13), (626, 4)
(57, 6), (160, 9), (276, 6), (332, 9), (344, 12), (427, 10), (487, 6), (506, 11), (520, 2)
(51, 6), (146, 9), (229, 9), (256, 6), (302, 12), (362, 10), (424, 6), (455, 2), (546, 11)
(23, 6), (109, 9), (121, 9), (148, 10), (197, 6), (214, 6), (311, 11), (342, 2), (390, 12)
(21, 6), (103, 9), (109, 9), (194, 6), (272, 6), (277, 10), (277, 2), (366, 11), (380, 12)
(24, 14), (65, 6), (144, 3), (192, 12), (367, 7), (374, 7), (437, 13), (513, 12)
(78, 6), (190, 9), (248, 2), (249, 9), (320, 10), (321, 6), (331, 11), (385, 12), (390, 6)
(26, 11), (144, 14), (165, 6), (328, 3), (403, 10), (414, 14), (509, 6), (561, 6), (639, 1), (789, 2)
(75, 14), (107, 6), (143, 3), (228, 12), (277, 7), (382, 7), (445, 13), (559, 12)
(23, 6), (89, 4), (133, 11), (134, 4), (333, 9), (376, 6), (433, 2), (488, 13), (489, 8), (491, 1), (571, 4)
(103, 11), (193, 14), (215, 6), (308, 3), (315, 10), (341, 6), (363, 14), (406, 6), (477, 2), (479, 1)
(101, 6), (186, 9), (299, 6), (305, 2), (352, 12), (383, 9), (481, 10), (531, 6), (634, 11)
(132, 8), (199, 11), (204, 1), (234, 9), (254, 5), (339, 6), (373, 11), (418, 14), (511, 2), (596, 2)
(11, 8), (123, 1), (152, 5), (296, 11), (430, 6), (438, 9), (453, 11), (556, 14), (674, 2), (757, 2)
(71, 11), (141, 14), (143, 3), (160, 14), (162, 6), (323, 10), (457, 6), (517, 6), (558, 1), (670, 2)
(25, 8), (97, 1), (124, 11), (167, 5), (324, 9), (438, 11), (469, 14), (539, 6), (555, 2), (637, 2)
(19, 14), (93, 6), (232, 12), (323, 3), (360, 7), (394, 7), (409, 13), (500, 12)
(14, 14), (43, 6), (158, 12), (257, 7), (291, 3), (328, 13), (389, 7), (403, 12)
(45, 11), (132, 14), (157, 6), (387, 14), (389, 3), (389, 6), (456, 6), (485, 10), (506, 1), (659, 2)
(32, 6), (131, 9), (244, 6), (309, 10), (354, 11), (362, 9), (375, 6), (378, 2), (453, 12)
(18, 14), (67, 6), (76, 3), (159, 12), (184, 7), (353, 12), (389, 7), (398, 13)
(22, 8), (65, 1), (100, 5), (308, 11), (311, 2), (396, 2), (460, 9), (523, 11), (653, 6), (744, 14)
(23, 14), (99, 6), (238, 12), (304, 13), (332, 3), (341, 12), (460, 7), (566, 7)
(143, 8), (171, 1), (205, 5), (214, 11), (343, 9), (413, 11), (552, 6), (627, 2), (641, 14), (710, 2)
(113, 6), (207, 9), (215, 12), (233, 6), (289, 2), (303, 9), (305, 10), (339, 6), (353, 11)
(93, 6), (178, 9), (314, 9), (323, 6), (432, 10), (488, 6), (596, 11), (616, 2), (687, 12)
(144, 6), (250, 4), (298, 4), (326, 11), (328, 4), (362, 1), (365, 2), (366, 6), (403, 13), (438, 9), (508, 8)
(69, 6), (133, 4), (188, 4), (227, 11), (352, 13), (370, 9), (382, 8), (386, 1), (412, 6), (428, 4), (439, 2)
(16, 14), (40, 6), (149, 12), (306, 3), (356, 7), (369, 7), (427, 13), (509, 12)
(133, 8), (245, 1), (293, 11), (306, 5), (317, 2), (355, 11), (412, 9), (413, 2), (452, 6), (552, 14)
(116, 6), (170, 4), (230, 4), (301, 8), (313, 11), (352, 9), (355, 4), (398, 6), (399, 13), (424, 2), (451, 1)
(113, 11), (188, 14), (194, 3), (212, 6), (219, 14), (317, 1), (322, 10), (360, 6), (377, 6), (408, 2)
(130, 14), (160, 6), (187, 3), (267, 12), (311, 7), (316, 7), (381, 13), (395, 12)
(22, 6), (85, 4), (153, 4), (181, 11), (395, 9), (496, 1), (518, 13), (552, 2), (572, 4), (594, 8), (600, 6)
(120, 6), (195, 4), (282, 4), (399, 11), (570, 9), (663, 1), (742, 2), (767, 4), (772, 6), (781, 13), (836, 8)
(41, 14), (111, 6), (245, 3), (250, 12), (324, 12), (351, 7), (373, 7), (440, 13)
(26, 6), (118, 4), (202, 4), (315, 13), (323, 1), (323, 4), (360, 2), (368, 11), (414, 8), (441, 6), (505, 9)
(107, 6), (193, 9), (250, 6), (281, 12), (332, 2), (351, 11), (378, 9), (399, 6), (439, 10)
(64, 8), (146, 1), (173, 5), (315, 11), (323, 11), (328, 9), (334, 2), (397, 6), (426, 2), (480, 14)
(136, 14), (173, 6), (293, 12), (297, 3), (424, 7), (532, 13), (584, 7), (600, 12)
(17, 11), (112, 14), (133, 6), (382, 3), (392, 1), (442, 14), (493, 10), (545, 2), (564, 6), (639, 6)
(113, 6), (234, 9), (346, 6), (347, 2), (351, 6), (369, 10), (376, 11), (388, 9), (411, 12)
(17, 8), (90, 1), (102, 11), (132, 5), (378, 2), (384, 9), (439, 11), (461, 2), (496, 14), (556, 6)
(102, 6), (156, 4), (201, 11), (237, 4), (338, 9), (359, 1), (377, 8), (415, 4), (495, 6), (514, 2), (560, 13)
(21, 14), (94, 6), (208, 12), (335, 3), (365, 12), (372, 7), (447, 13), (525, 7)
(59, 6), (158, 9), (195, 9), (256, 6), (328, 10), (386, 6), (448, 12), (506, 11), (519, 2)
(136, 11), (198, 14), (219, 6), (304, 3), (361, 14), (375, 10), (441, 6), (506, 6), (530, 1), (673, 2)
(135, 14), (174, 6), (301, 12), (345, 7), (349, 3), (356, 13), (419, 12), (436, 7)
(15, 8), (63, 1), (108, 5), (235, 11), (333, 11), (369, 9), (382, 2), (395, 2), (413, 14), (436, 6)
(19, 6), (120, 9), (261, 6), (353, 6), (357, 9), (379, 12), (391, 10), (438, 2), (463, 11)
(25, 6), (119, 9), (234, 6), (366, 6), (375, 9), (484, 11), (490, 2), (513, 10), (536, 12)
(143, 8), (196, 1), (273, 5), (324, 11), (370, 11), (445, 9), (463, 2), (492, 2), (511, 14), (523, 6)
(22, 14), (74, 6), (147, 3), (188, 12), (279, 7), (410, 13), (413, 7), (476, 12)
(44, 14), (81, 6), (149, 3), (172, 12), (252, 7), (267, 7), (341, 13), (423, 12)
(11, 6), (96, 9), (203, 6), (363, 9), (465, 10), (515, 6), (558, 2), (608, 11), (623, 12)
(122, 14), (163, 6), (239, 3), (260, 13), (293, 12), (314, 12), (333, 7), (340, 7)
(134, 14), (189, 6), (320, 3), (334, 12), (469, 7), (542, 7), (608, 13), (719, 12)
(21, 6), (70, 4), (155, 4), (167, 11), (319, 8), (321, 9), (346, 1), (383, 2), (418, 4), (433, 13), (467, 6)
(81, 8), (192, 1), (245, 5), (311, 6), (321, 14), (354, 11), (360, 11), (382, 2), (395, 9), (457, 2)
(104, 8), (163, 1), (233, 5), (319, 2), (354, 11), (360, 11), (384, 6), (469, 2), (489, 9), (490, 14)
(61, 14), (86, 6), (160, 3), (189, 12), (197, 7), (272, 13), (304, 7), (381, 12)
(121, 14), (179, 6), (310, 7), (324, 12), (380, 3), (380, 13), (388, 7), (442, 12)
(23, 6), (130, 9), (268, 6), (308, 12), (377, 9), (393, 10), (409, 6), (471, 11), (494, 2)
(130, 14), (150, 6), (273, 12), (362, 3), (447, 7), (474, 7), (569, 13), (675, 12)
(119, 14), (165, 6), (308, 12), (333, 3), (369, 7), (395, 7), (469, 12), (477, 13)
(58, 14), (87, 6), (199, 12), (375, 3), (452, 7), (602, 7), (676, 13), (689, 12)
(25, 14), (91, 6), (155, 3), (200, 12), (320, 7), (455, 13), (485, 7), (561, 12)
(10, 8), (47, 1), (90, 5), (252, 11), (308, 14), (377, 9), (398, 2), (482, 6), (482, 2), (487, 11)
(16, 14), (49, 6), (121, 3), (168, 12), (297, 7), (446, 7), (524, 13), (605, 12)
(39, 14), (67, 6), (69, 7), (104, 3), (165, 12), (191, 7), (339, 13), (453, 12)
(34, 14), (71, 6), (164, 3), (209, 7), (212, 12), (327, 13), (330, 7), (421, 12)
(52, 6), (132, 9), (175, 9), (216, 6), (270, 10), (321, 6), (339, 2), (366, 11), (415, 12)
(116, 6), (217, 9), (297, 6), (330, 10), (348, 9), (376, 6), (379, 2), (392, 12), (478, 11)
(78, 6), (176, 9), (282, 6), (318, 9), (319, 12), (431, 10), (481, 6), (597, 11), (620, 2)
(138, 8), (231, 1), (283, 5), (311, 11), (312, 11), (318, 6), (413, 14), (444, 9), (466, 2), (483, 2)
(106, 6), (192, 4), (248, 11), (287, 4), (322, 9), (385, 13), (444, 8), (480, 1), (556, 4), (567, 2), (612, 6)
(76, 6), (156, 9), (162, 9), (243, 6), (262, 10), (332, 6), (411, 2), (446, 11), (470, 12)
(40, 11), (113, 14), (137, 6), (351, 10), (366, 6), (370, 6), (382, 3), (411, 1), (413, 14), (467, 2)
(98, 6), (218, 9), (299, 9), (328, 2), (339, 6), (372, 11), (404, 12), (430, 10), (499, 6)
(27, 14), (72, 6), (171, 3), (181, 12), (249, 7), (368, 13), (373, 7), (390, 12)
(5, 11), (121, 14), (144, 6), (370, 3), (417, 14), (441, 10), (551, 6), (593, 6), (671, 1), (759, 2)
(41, 11), (126, 3), (166, 14), (191, 6), (204, 14), (306, 10), (395, 6), (462, 6), (485, 1), (580, 2)
(108, 11), (239, 14), (262, 6), (314, 6), (334, 3), (343, 1), (380, 10), (382, 6), (391, 14), (441, 2)
(43, 6), (132, 4), (229, 4), (242, 11), (318, 8), (328, 6), (345, 13), (368, 4), (371, 1), (381, 9), (382, 2)
(41, 6), (109, 4), (163, 4), (285, 11), (291, 9), (380, 13), (390, 6), (391, 1), (391, 4), (397, 2), (475, 8)
(134, 6), (229, 4), (308, 4), (316, 8), (337, 9), (356, 1), (362, 6), (367, 11), (376, 13), (387, 2), (407, 4)
(102, 8), (216, 1), (254, 11), (256, 5), (276, 11), (281, 2), (287, 14), (317, 6), (325, 9), (377, 2)
(14, 14), (89, 6), (178, 7), (193, 3), (200, 12), (337, 12), (339, 7), (385, 13)
(123, 6), (221, 4), (286, 4), (312, 11), (350, 13), (382, 2), (388, 4), (393, 8), (472, 9), (487, 1), (619, 6)
(76, 8), (176, 1), (229, 5), (264, 11), (373, 2), (376, 9), (449, 2), (455, 11), (504, 6), (604, 14)
(123, 11), (230, 14), (251, 6), (306, 14), (321, 3), (329, 6), (354, 10), (375, 6), (398, 1), (513, 2)
(72, 8), (145, 1), (210, 5), (337, 11), (349, 11), (394, 9), (479, 6), (581, 14), (653, 2), (729, 2)
(138, 8), (226, 1), (298, 5), (341, 2), (369, 11), (381, 2), (517, 9), (617, 11), (715, 6), (729, 14)
(0, 14), (43, 6), (94, 3), (150, 12), (191, 7), (335, 12), (347, 7), (408, 13)
(148, 6), (257, 4), (321, 11), (324, 4), (330, 9), (359, 2), (364, 8), (393, 13), (410, 4), (450, 6), (456, 1)
(137, 6), (216, 9), (335, 6), (346, 10), (365, 6), (382, 9), (397, 11), (401, 2), (405, 12)
(71, 8), (102, 1), (111, 11), (160, 5), (350, 9), (354, 11), (369, 14), (451, 6), (452, 2), (476, 2)
(141, 8), (242, 1), (320, 5), (346, 2), (357, 9), (383, 11), (414, 11), (433, 2), (563, 6), (674, 14)
(106, 8), (153, 1), (199, 5), (342, 14), (349, 11), (359, 9), (405, 6), (440, 11), (464, 2), (545, 2)
(143, 6), (197, 9), (234, 9), (257, 10), (299, 6), (308, 6), (368, 11), (389, 2), (450, 12)
(135, 8), (168, 1), (220, 5), (306, 11), (360, 11), (373, 9), (423, 6), (533, 14), (647, 2), (723, 2)
(13, 6), (128, 4), (195, 11), (224, 4), (352, 9), (392, 1), (445, 13), (480, 6), (506, 8), (507, 2), (617, 4)
(112, 6), (165, 9), (192, 9), (267, 6), (398, 10), (470, 6), (570, 11), (596, 2), (644, 12)
(88, 6), (196, 4), (261, 4), (295, 11), (349, 8), (400, 9), (449, 4), (452, 1), (491, 6), (513, 2), (570, 13)
(114, 8), (146, 1), (177, 11), (223, 5), (331, 9), (392, 2), (438, 11), (472, 6), (472, 14), (581, 2)
(88, 6), (210, 9), (310, 6), (314, 2), (322, 6), (341, 9), (387, 10), (390, 12), (439, 11)
(74, 11), (115, 3), (132, 14), (155, 6), (307, 10), (312, 14), (351, 1), (370, 2), (391, 6), (417, 6)
(126, 8), (238, 1), (278, 5), (314, 11), (369, 2), (397, 11), (410, 6), (492, 9), (507, 14), (552, 2)
(28, 6), (131, 11), (140, 4), (177, 4), (264, 9), (341, 1), (378, 13), (392, 2), (420, 6), (465, 8), (540, 4)
(51, 6), (154, 4), (193, 4), (314, 11), (333, 4), (345, 2), (360, 8), (385, 1), (386, 13), (479, 9), (506, 6)
(141, 14), (191, 6), (295, 12), (304, 7), (371, 13), (396, 3), (433, 12), (453, 7)
(103, 8), (210, 1), (252, 11), (261, 5), (304, 14), (383, 2), (385, 6), (390, 2), (405, 9), (420, 11)
(12, 6), (81, 4), (150, 11), (151, 4), (301, 9), (398, 4), (425, 1), (522, 6), (577, 2), (609, 13), (664, 8)
(125, 6), (213, 9), (241, 9), (306, 6), (316, 11), (332, 2), (344, 6), (369, 10), (389, 12)
(109, 6), (158, 4), (254, 4), (312, 2), (340, 1), (344, 11), (353, 9), (359, 13), (396, 6), (428, 8), (476, 4)
(116, 6), (224, 9), (304, 2), (318, 9), (336, 6), (378, 12), (442, 10), (455, 6), (554, 11)
(25, 6), (104, 4), (195, 4), (307, 9), (335, 11), (350, 6), (392, 13), (399, 1), (414, 2), (485, 4), (516, 8)
(57, 6), (145, 9), (194, 9), (285, 6), (318, 10), (371, 6), (488, 11), (502, 2), (576, 12)
(123, 14), (197, 6), (255, 3), (301, 12), (304, 7), (344, 13), (413, 12), (414, 7)
(111, 8), (214, 1), (260, 5), (344, 11), (509, 9), (589, 11), (746, 6), (831, 14), (915, 2), (1002, 2)
(44, 6), (147, 9), (280, 6), (316, 9), (379, 11), (386, 2), (441, 12), (447, 10), (519, 6)
(9, 6), (105, 4), (197, 4), (308, 11), (378, 2), (438, 13), (481, 9), (485, 6), (529, 1), (538, 8), (586, 4)
(3, 6), (87, 4), (128, 4), (148, 11), (296, 8), (299, 9), (302, 6), (329, 2), (336, 4), (365, 13), (400, 1)
(82, 11), (146, 14), (169, 6), (372, 6), (395, 3), (422, 6), (434, 14), (437, 10), (451, 1), (495, 2)
(88, 8), (185, 1), (230, 5), (306, 11), (323, 2), (381, 9), (397, 11), (414, 2), (459, 6), (525, 14)
(119, 8), (155, 1), (204, 11), (229, 5), (314, 2), (327, 9), (363, 11), (443, 14), (484, 6), (560, 2)
(123, 6), (150, 11), (164, 4), (202, 9), (206, 4), (319, 4), (337, 1), (357, 6), (393, 13), (395, 2), (508, 8)
(44, 14), (76, 6), (146, 3), (168, 12), (375, 13), (389, 7), (478, 12), (490, 7)
(43, 11), (169, 14), (194, 6), (296, 6), (306, 6), (357, 1), (364, 3), (394, 10), (396, 14), (399, 2)
(33, 8), (74, 1), (120, 5), (155, 11), (285, 11), (304, 6), (322, 9), (361, 14), (481, 2), (556, 2)
(23, 11), (88, 14), (109, 6), (223, 14), (266, 3), (285, 1), (319, 2), (328, 10), (335, 6), (381, 6)
(41, 14), (97, 6), (229, 12), (341, 13), (387, 3), (390, 7), (425, 12), (500, 7)
(88, 8), (141, 1), (201, 5), (225, 11), (268, 2), (301, 14), (312, 2), (334, 11), (349, 9), (448, 6)
