(67, 14), (110, 6), (230, 12), (305, 3), (389, 7), (475, 7), (545, 13), (638, 12)
(68, 14), (108, 6), (238, 12), (305, 3), (438, 7), (578, 7), (670, 13), (784, 12)
(56, 6), (103, 4), (163, 4), (220, 11), (328, 9), (483, 1), (568, 6), (593, 2), (649, 13), (734, 8), (778, 4)
(121, 14), (160, 6), (254, 12), (282, 3), (407, 7), (566, 7), (646, 13), (718, 12)
(144, 8), (243, 1), (306, 5), (361, 11), (516, 9), (577, 11), (671, 6), (749, 14), (857, 2), (953, 2)
(47, 6), (104, 4), (177, 4), (277, 11), (437, 9), (562, 1), (701, 6), (729, 2), (788, 13), (872, 8), (973, 4)
(10, 14), (63, 6), (200, 12), (231, 3), (370, 7), (522, 7), (602, 13), (673, 12)
(19, 8), (53, 1), (99, 5), (151, 11), (295, 9), (400, 11), (552, 6), (660, 14), (718, 2), (813, 2)
(84, 11), (146, 14), (169, 6), (213, 3), (266, 14), (360, 10), (454, 6), (526, 6), (577, 1), (681, 2)
(143, 11), (246, 14), (268, 6), (305, 3), (340, 14), (441, 10), (525, 6), (593, 6), (639, 1), (768, 2)
(46, 6), (140, 9), (266, 6), (301, 9), (425, 10), (480, 6), (583, 11), (594, 2), (659, 12)
(20, 6), (123, 4), (198, 4), (250, 11), (368, 9), (492, 1), (617, 6), (666, 2), (706, 13), (812, 8), (877, 4)
(116, 11), (236, 14), (258, 6), (302, 3), (327, 14), (431, 10), (518, 6), (579, 6), (650, 1), (795, 2)
(21, 6), (82, 4), (118, 4), (169, 11), (313, 9), (485, 1), (582, 6), (614, 2), (666, 13), (728, 8), (800, 4)
(112, 11), (174, 14), (198, 6), (304, 3), (315, 14), (415, 10), (541, 6), (571, 6), (630, 1), (720, 2)
(121, 11), (195, 14), (216, 6), (303, 3), (322, 14), (415, 10), (513, 6), (566, 6), (637, 1), (778, 2)
(87, 11), (160, 14), (181, 6), (307, 3), (325, 14), (428, 10), (519, 6), (554, 6), (587, 1), (716, 2)
(29, 8), (137, 1), (176, 5), (276, 11), (415, 9), (524, 11), (643, 6), (758, 14), (800, 2), (884, 2)
(95, 11), (169, 14), (194, 6), (244, 3), (302, 14), (398, 10), (476, 6), (535, 6), (608, 1), (738, 2)
(106, 14), (182, 6), (330, 12), (358, 3), (483, 7), (598, 7), (634, 13), (738, 12)
(62, 11), (139, 14), (162, 6), (211, 3), (300, 14), (402, 10), (465, 6), (540, 6), (578, 1), (689, 2)
(25, 8), (103, 1), (158, 5), (212, 11), (352, 9), (439, 11), (581, 6), (714, 14), (781, 2), (858, 2)
(108, 11), (165, 14), (187, 6), (307, 3), (396, 14), (497, 10), (621, 6), (685, 6), (754, 1), (894, 2)
(19, 14), (88, 6), (197, 12), (275, 3), (360, 7), (496, 7), (583, 13), (682, 12)
(55, 8), (109, 1), (153, 5), (205, 11), (338, 9), (409, 11), (529, 6), (578, 14), (629, 2), (724, 2)
(92, 8), (185, 1), (229, 5), (283, 11), (426, 9), (496, 11), (609, 6), (731, 14), (796, 2), (882, 2)
(46, 6), (149, 4), (206, 4), (264, 11), (383, 9), (525, 1), (655, 6), (707, 2), (758, 13), (845, 8), (924, 4)
(14, 6), (115, 9), (260, 6), (304, 9), (426, 10), (499, 6), (591, 11), (601, 2), (667, 12)
(134, 8), (231, 1), (305, 5), (309, 11), (415, 9), (488, 11), (576, 6), (696, 14), (799, 2), (882, 2)
(121, 11), (209, 14), (233, 6), (282, 3), (345, 14), (440, 10), (504, 6), (531, 6), (591, 1), (741, 2)
(85, 8), (160, 1), (237, 5), (309, 11), (409, 9), (462, 11), (558, 6), (632, 14), (733, 2), (812, 2)
(53, 14), (94, 6), (242, 12), (270, 3), (405, 7), (491, 7), (582, 13), (663, 12)
(61, 14), (94, 6), (202, 12), (274, 3), (346, 7), (478, 7), (575, 13), (631, 12)
(56, 11), (165, 14), (188, 6), (307, 3), (386, 14), (488, 10), (597, 6), (652, 6), (708, 1), (859, 2)
(37, 6), (87, 4), (138, 4), (191, 11), (303, 9), (460, 1), (553, 6), (592, 2), (629, 13), (696, 8), (734, 4)
(107, 6), (228, 9), (303, 6), (304, 9), (412, 10), (463, 6), (559, 11), (575, 2), (645, 12)
(38, 6), (107, 4), (191, 4), (246, 11), (412, 9), (586, 1), (664, 6), (702, 2), (736, 13), (864, 8), (935, 4)
(98, 14), (119, 6), (214, 12), (285, 3), (396, 7), (551, 7), (648, 13), (729, 12)
(19, 11), (112, 14), (136, 6), (273, 3), (327, 14), (421, 10), (506, 6), (546, 6), (594, 1), (698, 2)
(137, 8), (175, 1), (212, 5), (265, 11), (402, 9), (510, 11), (626, 6), (736, 14), (808, 2), (889, 2)
(111, 11), (227, 14), (248, 6), (302, 3), (331, 14), (435, 10), (509, 6), (551, 6), (599, 1), (698, 2)
(139, 6), (219, 9), (362, 6), (366, 9), (506, 10), (567, 6), (687, 11), (691, 2), (742, 12)
(39, 6), (148, 9), (206, 6), (210, 9), (303, 10), (364, 6), (474, 11), (480, 2), (540, 12)
(71, 6), (154, 9), (264, 6), (264, 9), (392, 10), (443, 6), (552, 11), (577, 2), (636, 12)
(132, 11), (261, 14), (285, 6), (303, 3), (378, 14), (477, 10), (607, 6), (660, 6), (723, 1), (874, 2)
(53, 6), (145, 9), (247, 6), (251, 9), (347, 10), (413, 6), (522, 11), (529, 2), (607, 12)
(11, 11), (105, 14), (128, 6), (176, 3), (218, 14), (323, 10), (455, 6), (522, 6), (580, 1), (707, 2)
(89, 8), (166, 1), (198, 5), (248, 11), (362, 9), (413, 11), (534, 6), (621, 14), (743, 2), (838, 2)
(73, 14), (120, 6), (222, 12), (292, 3), (407, 7), (505, 7), (580, 13), (656, 12)
(13, 11), (74, 14), (99, 6), (236, 3), (274, 14), (374, 10), (499, 6), (542, 6), (579, 1), (681, 2)
(69, 14), (92, 6), (195, 12), (269, 3), (398, 7), (469, 7), (528, 13), (597, 12)
(86, 6), (186, 9), (331, 6), (334, 9), (434, 10), (506, 6), (624, 11), (630, 2), (682, 12)
(128, 6), (228, 9), (302, 9), (349, 6), (404, 10), (475, 6), (582, 11), (586, 2), (663, 12)
(40, 8), (120, 1), (159, 5), (207, 11), (355, 9), (419, 11), (552, 6), (675, 14), (735, 2), (816, 2)
(18, 14), (49, 6), (172, 12), (201, 3), (309, 7), (403, 7), (480, 13), (591, 12)
(34, 6), (143, 9), (265, 6), (302, 9), (436, 10), (502, 6), (618, 11), (642, 2), (717, 12)
(141, 8), (207, 1), (276, 5), (326, 11), (490, 9), (552, 11), (653, 6), (719, 14), (768, 2), (863, 2)
(139, 8), (250, 1), (309, 11), (327, 5), (462, 9), (574, 11), (723, 6), (787, 14), (892, 2), (975, 2)
(17, 11), (84, 14), (108, 6), (249, 3), (282, 14), (379, 10), (484, 6), (533, 6), (609, 1), (709, 2)
(60, 14), (111, 6), (209, 12), (239, 3), (381, 7), (455, 7), (521, 13), (623, 12)
(38, 6), (136, 4), (225, 4), (282, 11), (434, 9), (549, 1), (690, 6), (747, 2), (806, 13), (859, 8), (950, 4)
(130, 6), (199, 4), (286, 4), (306, 11), (473, 9), (635, 1), (703, 6), (732, 2), (763, 13), (869, 8), (911, 4)
(58, 8), (115, 1), (164, 5), (216, 11), (324, 9), (412, 11), (548, 6), (604, 14), (723, 2), (802, 2)
(57, 6), (136, 9), (195, 6), (196, 9), (303, 10), (362, 6), (466, 11), (492, 2), (566, 12)
(134, 6), (241, 9), (304, 9), (338, 6), (411, 10), (481, 6), (578, 11), (597, 2), (655, 12)
(17, 11), (82, 14), (106, 6), (245, 3), (313, 14), (413, 10), (505, 6), (575, 6), (612, 1), (762, 2)
(7, 6), (117, 9), (197, 6), (251, 9), (369, 10), (441, 6), (554, 11), (561, 2), (632, 12)
(134, 14), (155, 6), (298, 12), (301, 3), (396, 7), (561, 7), (630, 13), (715, 12)
(25, 14), (72, 6), (189, 12), (260, 3), (393, 7), (474, 7), (541, 13), (602, 12)
(20, 14), (51, 6), (199, 12), (273, 3), (378, 7), (464, 7), (544, 13), (642, 12)
(95, 6), (204, 9), (350, 6), (354, 9), (486, 10), (540, 6), (646, 11), (654, 2), (703, 12)
(41, 14), (95, 6), (195, 12), (273, 3), (345, 7), (460, 7), (560, 13), (650, 12)
(113, 14), (187, 6), (304, 3), (313, 12), (452, 7), (533, 7), (586, 13), (694, 12)
(53, 14), (107, 6), (234, 12), (302, 3), (373, 7), (477, 7), (559, 13), (638, 12)
(143, 11), (230, 14), (255, 6), (304, 3), (387, 14), (488, 10), (558, 6), (633, 6), (664, 1), (746, 2)
(54, 6), (164, 9), (240, 6), (243, 9), (358, 10), (421, 6), (531, 11), (546, 2), (614, 12)
(54, 6), (142, 4), (220, 4), (301, 11), (484, 9), (610, 1), (746, 6), (778, 2), (839, 13), (934, 8), (1027, 4)
(69, 14), (117, 6), (249, 12), (276, 3), (414, 7), (579, 7), (668, 13), (765, 12)
(10, 11), (67, 14), (92, 6), (236, 3), (269, 14), (370, 10), (503, 6), (544, 6), (574, 1), (718, 2)
(137, 11), (245, 14), (269, 6), (302, 3), (337, 14), (441, 10), (563, 6), (601, 6), (657, 1), (802, 2)
(147, 6), (196, 4), (263, 4), (319, 11), (507, 9), (616, 1), (753, 6), (805, 2), (840, 13), (893, 8), (1009, 4)
(41, 14), (112, 6), (221, 12), (247, 3), (326, 7), (410, 7), (457, 13), (565, 12)
(19, 11), (117, 14), (142, 6), (282, 3), (320, 14), (420, 10), (550, 6), (615, 6), (646, 1), (796, 2)
(21, 11), (130, 14), (153, 6), (291, 3), (316, 14), (414, 10), (551, 6), (577, 6), (653, 1), (745, 2)
(42, 6), (164, 9), (240, 6), (244, 9), (361, 10), (418, 6), (514, 11), (529, 2), (593, 12)
(45, 6), (162, 9), (274, 6), (278, 9), (380, 10), (446, 6), (555, 11), (571, 2), (619, 12)
(30, 8), (121, 1), (166, 5), (215, 11), (347, 9), (405, 11), (511, 6), (602, 14), (684, 2), (772, 2)
(73, 6), (181, 9), (266, 6), (269, 9), (389, 10), (441, 6), (563, 11), (570, 2), (615, 12)
(91, 14), (159, 6), (253, 12), (305, 3), (424, 7), (587, 7), (650, 13), (724, 12)
(13, 14), (37, 6), (134, 12), (164, 3), (307, 7), (468, 7), (528, 13), (619, 12)
(1, 6), (107, 9), (256, 6), (258, 9), (366, 10), (415, 6), (536, 11), (544, 2), (598, 12)
(24, 8), (79, 1), (113, 5), (164, 11), (285, 9), (364, 11), (506, 6), (602, 14), (715, 2), (803, 2)
(46, 11), (106, 14), (130, 6), (270, 3), (282, 14), (379, 10), (514, 6), (582, 6), (639, 1), (787, 2)
(143, 11), (230, 14), (255, 6), (302, 3), (385, 14), (478, 10), (544, 6), (598, 6), (661, 1), (753, 2)
(123, 6), (244, 9), (385, 6), (389, 9), (484, 10), (550, 6), (649, 11), (674, 2), (732, 12)
(100, 6), (213, 9), (302, 9), (305, 6), (440, 10), (513, 6), (613, 11), (632, 2), (690, 12)
(97, 6), (198, 4), (291, 4), (343, 11), (536, 9), (666, 1), (762, 6), (824, 2), (880, 13), (965, 8), (1066, 4)
(132, 6), (180, 4), (243, 4), (295, 11), (420, 9), (588, 1), (684, 6), (718, 2), (768, 13), (896, 8), (1008, 4)
(119, 14), (161, 6), (270, 12), (308, 3), (405, 7), (525, 7), (570, 13), (663, 12)
(117, 14), (178, 6), (277, 12), (301, 3), (419, 7), (504, 7), (598, 13), (690, 12)
(35, 8), (86, 1), (158, 5), (257, 11), (363, 9), (459, 11), (556, 6), (668, 14), (715, 2), (798, 2)
(63, 6), (173, 9), (274, 6), (304, 9), (406, 10), (474, 6), (569, 11), (574, 2), (645, 12)
(14, 6), (130, 9), (207, 6), (260, 9), (365, 10), (428, 6), (532, 11), (538, 2), (592, 12)
(58, 6), (145, 9), (251, 6), (305, 9), (433, 10), (501, 6), (611, 11), (634, 2), (680, 12)
(128, 6), (211, 9), (303, 9), (328, 6), (403, 10), (464, 6), (563, 11), (577, 2), (649, 12)
(31, 11), (97, 14), (122, 6), (259, 3), (313, 14), (414, 10), (524, 6), (581, 6), (656, 1), (749, 2)
(19, 11), (150, 14), (172, 6), (222, 3), (265, 14), (364, 10), (492, 6), (552, 6), (591, 1), (730, 2)
(102, 6), (204, 9), (311, 6), (314, 9), (431, 10), (482, 6), (583, 11), (587, 2), (656, 12)
(83, 6), (193, 4), (244, 4), (307, 11), (436, 9), (608, 1), (702, 6), (734, 2), (772, 13), (849, 8), (924, 4)
(106, 8), (145, 1), (176, 5), (275, 11), (395, 9), (484, 11), (636, 6), (720, 14), (795, 2), (891, 2)
(23, 6), (142, 4), (193, 4), (249, 11), (380, 9), (520, 1), (653, 6), (709, 2), (760, 13), (877, 8), (921, 4)
(54, 14), (108, 6), (204, 12), (281, 3), (427, 7), (591, 7), (672, 13), (776, 12)
(6, 11), (69, 14), (93, 6), (142, 3), (174, 14), (270, 10), (350, 6), (395, 6), (429, 1), (564, 2)
(84, 14), (146, 6), (254, 12), (279, 3), (362, 7), (506, 7), (588, 13), (685, 12)
(136, 8), (180, 1), (209, 5), (305, 11), (465, 9), (555, 11), (655, 6), (789, 14), (914, 2), (1001, 2)
(15, 6), (98, 9), (166, 6), (222, 9), (342, 10), (404, 6), (499, 11), (522, 2), (571, 12)
(30, 8), (103, 1), (133, 5), (234, 11), (363, 9), (455, 11), (556, 6), (694, 14), (748, 2), (843, 2)
(21, 11), (142, 14), (165, 6), (211, 3), (267, 14), (367, 10), (440, 6), (467, 6), (524, 1), (662, 2)
(46, 6), (165, 9), (238, 6), (290, 9), (405, 10), (477, 6), (587, 11), (604, 2), (661, 12)
(93, 14), (117, 6), (248, 12), (272, 3), (396, 7), (466, 7), (518, 13), (597, 12)
(77, 8), (116, 1), (145, 5), (196, 11), (291, 9), (390, 11), (543, 6), (674, 14), (770, 2), (846, 2)
(100, 8), (148, 1), (213, 5), (266, 11), (413, 9), (493, 11), (600, 6), (656, 14), (736, 2), (825, 2)
(137, 14), (199, 6), (342, 12), (373, 3), (519, 7), (671, 7), (766, 13), (876, 12)
(79, 6), (190, 9), (301, 6), (305, 9), (433, 10), (492, 6), (611, 11), (632, 2), (702, 12)
(35, 6), (122, 9), (220, 6), (221, 9), (357, 10), (428, 6), (540, 11), (551, 2), (614, 12)
(129, 6), (219, 9), (340, 6), (343, 9), (452, 10), (500, 6), (598, 11), (607, 2), (672, 12)
(31, 11), (124, 14), (149, 6), (195, 3), (219, 14), (319, 10), (440, 6), (469, 6), (509, 1), (644, 2)
(100, 11), (189, 14), (212, 6), (308, 3), (375, 14), (480, 10), (571, 6), (635, 6), (698, 1), (781, 2)
(92, 6), (207, 9), (282, 6), (303, 9), (435, 10), (508, 6), (598, 11), (609, 2), (680, 12)
(74, 6), (185, 9), (319, 6), (319, 9), (425, 10), (479, 6), (577, 11), (583, 2), (636, 12)
(102, 11), (223, 14), (245, 6), (291, 3), (308, 14), (403, 10), (527, 6), (562, 6), (632, 1), (766, 2)
(34, 11), (164, 14), (188, 6), (234, 3), (252, 14), (348, 10), (466, 6), (493, 6), (573, 1), (660, 2)
(28, 6), (72, 4), (118, 4), (174, 11), (330, 9), (471, 1), (608, 6), (626, 2), (675, 13), (746, 8), (806, 4)
(55, 8), (90, 1), (142, 5), (242, 11), (351, 9), (413, 11), (544, 6), (642, 14), (698, 2), (784, 2)
(74, 11), (134, 14), (156, 6), (204, 3), (260, 14), (358, 10), (475, 6), (534, 6), (593, 1), (717, 2)
(129, 14), (179, 6), (293, 12), (309, 3), (421, 7), (534, 7), (579, 13), (682, 12)
(138, 6), (223, 9), (302, 9), (336, 6), (417, 10), (464, 6), (585, 11), (605, 2), (660, 12)
(92, 6), (192, 4), (278, 4), (302, 11), (413, 9), (512, 1), (586, 6), (627, 2), (680, 13), (737, 8), (813, 4)
(131, 14), (178, 6), (272, 12), (302, 3), (418, 7), (507, 7), (581, 13), (651, 12)
(69, 11), (200, 14), (225, 6), (275, 3), (334, 14), (434, 10), (517, 6), (586, 6), (609, 1), (735, 2)
(63, 11), (134, 14), (156, 6), (207, 3), (229, 14), (333, 10), (433, 6), (466, 6), (531, 1), (633, 2)
(85, 14), (132, 6), (276, 12), (305, 3), (451, 7), (615, 7), (682, 13), (748, 12)
(139, 14), (196, 6), (328, 12), (353, 3), (453, 7), (576, 7), (624, 13), (737, 12)
(37, 8), (101, 1), (131, 5), (232, 11), (398, 9), (468, 11), (600, 6), (650, 14), (713, 2), (795, 2)
(86, 6), (205, 9), (329, 6), (329, 9), (439, 10), (512, 6), (606, 11), (630, 2), (682, 12)
(114, 6), (198, 4), (264, 4), (318, 11), (445, 9), (572, 1), (708, 6), (771, 2), (823, 13), (869, 8), (918, 4)
(12, 8), (90, 1), (139, 5), (234, 11), (335, 9), (421, 11), (510, 6), (578, 14), (694, 2), (788, 2)
(77, 6), (137, 4), (229, 4), (307, 11), (484, 9), (584, 1), (661, 6), (689, 2), (722, 13), (804, 8), (893, 4)
(145, 8), (237, 1), (290, 5), (344, 11), (489, 9), (558, 11), (668, 6), (722, 14), (837, 2), (916, 2)
(121, 6), (218, 4), (305, 4), (305, 11), (449, 9), (595, 1), (677, 6), (730, 2), (775, 13), (865, 8), (934, 4)
(140, 14), (211, 6), (333, 12), (362, 3), (486, 7), (647, 7), (684, 13), (772, 12)
(71, 11), (177, 14), (200, 6), (309, 3), (320, 14), (414, 10), (546, 6), (575, 6), (636, 1), (738, 2)
(84, 11), (179, 14), (202, 6), (308, 3), (348, 14), (446, 10), (577, 6), (637, 6), (696, 1), (847, 2)
(44, 6), (129, 9), (205, 6), (260, 9), (378, 10), (441, 6), (546, 11), (555, 2), (601, 12)
(128, 11), (188, 14), (209, 6), (256, 3), (276, 14), (374, 10), (490, 6), (559, 6), (599, 1), (697, 2)
(114, 8), (174, 1), (228, 5), (282, 11), (423, 9), (504, 11), (622, 6), (734, 14), (834, 2), (925, 2)
(14, 14), (50, 6), (189, 12), (217, 3), (348, 7), (453, 7), (550, 13), (621, 12)
(16, 11), (112, 14), (133, 6), (272, 3), (348, 14), (441, 10), (541, 6), (603, 6), (679, 1), (765, 2)
(119, 6), (199, 9), (301, 6), (302, 9), (417, 10), (487, 6), (586, 11), (606, 2), (667, 12)
(5, 6), (79, 4), (170, 4), (269, 11), (454, 9), (555, 1), (691, 6), (734, 2), (783, 13), (904, 8), (1025, 4)
(87, 8), (153, 1), (192, 5), (291, 11), (414, 9), (482, 11), (603, 6), (720, 14), (770, 2), (862, 2)
(18, 6), (80, 4), (125, 4), (222, 11), (384, 9), (507, 1), (585, 6), (630, 2), (677, 13), (769, 8), (854, 4)
(80, 6), (152, 4), (202, 4), (298, 11), (446, 9), (564, 1), (650, 6), (689, 2), (720, 13), (769, 8), (836, 4)
(33, 6), (141, 4), (186, 4), (282, 11), (430, 9), (548, 1), (640, 6), (668, 2), (713, 13), (759, 8), (832, 4)
(149, 14), (195, 6), (323, 12), (354, 3), (502, 7), (615, 7), (711, 13), (775, 12)
(65, 6), (125, 4), (202, 4), (256, 11), (354, 9), (479, 1), (559, 6), (618, 2), (665, 13), (742, 8), (820, 4)
(90, 11), (165, 14), (187, 6), (231, 3), (304, 14), (408, 10), (493, 6), (532, 6), (568, 1), (653, 2)
(130, 11), (240, 14), (265, 6), (304, 3), (374, 14), (475, 10), (585, 6), (637, 6), (716, 1), (864, 2)
(120, 8), (190, 1), (238, 5), (286, 11), (386, 9), (475, 11), (574, 6), (653, 14), (723, 2), (806, 2)
(105, 6), (164, 4), (245, 4), (303, 11), (413, 9), (537, 1), (607, 6), (656, 2), (695, 13), (779, 8), (880, 4)
(136, 11), (248, 14), (272, 6), (317, 3), (356, 14), (455, 10), (531, 6), (603, 6), (673, 1), (791, 2)
(7, 6), (120, 9), (256, 6), (301, 9), (407, 10), (475, 6), (583, 11), (592, 2), (645, 12)
(39, 6), (124, 9), (261, 6), (303, 9), (429, 10), (499, 6), (594, 11), (609, 2), (663, 12)
(96, 6), (209, 4), (271, 4), (326, 11), (422, 9), (588, 1), (709, 6), (750, 2), (796, 13), (908, 8), (1024, 4)
(93, 8), (210, 1), (267, 5), (307, 11), (412, 9), (468, 11), (609, 6), (667, 14), (783, 2), (866, 2)
(59, 6), (139, 4), (196, 4), (252, 11), (387, 9), (529, 1), (644, 6), (698, 2), (758, 13), (851, 8), (898, 4)
(49, 11), (134, 14), (159, 6), (207, 3), (255, 14), (356, 10), (465, 6), (519, 6), (592, 1), (701, 2)
(145, 6), (226, 4), (300, 4), (308, 11), (442, 9), (572, 1), (709, 6), (773, 2), (832, 13), (956, 8), (993, 4)
(8, 6), (126, 9), (260, 6), (261, 9), (391, 10), (459, 6), (560, 11), (585, 2), (635, 12)
(39, 11), (112, 14), (133, 6), (181, 3), (237, 14), (338, 10), (440, 6), (499, 6), (523, 1), (669, 2)
(125, 8), (204, 1), (275, 5), (326, 11), (423, 9), (538, 11), (668, 6), (803, 14), (847, 2), (926, 2)
(70, 14), (110, 6), (207, 12), (277, 3), (423, 7), (526, 7), (587, 13), (693, 12)
(99, 8), (153, 1), (231, 5), (282, 11), (414, 9), (497, 11), (639, 6), (721, 14), (804, 2), (891, 2)
(96, 6), (166, 4), (245, 4), (307, 11), (415, 9), (538, 1), (656, 6), (684, 2), (740, 13), (786, 8), (894, 4)
(19, 6), (114, 9), (195, 6), (248, 9), (369, 10), (425, 6), (522, 11), (531, 2), (609, 12)
(144, 8), (186, 1), (258, 5), (310, 11), (456, 9), (552, 11), (674, 6), (770, 14), (847, 2), (933, 2)
(35, 8), (87, 1), (164, 5), (260, 11), (418, 9), (518, 11), (670, 6), (750, 14), (849, 2), (931, 2)
(54, 8), (94, 1), (134, 5), (186, 11), (291, 9), (350, 11), (478, 6), (572, 14), (625, 2), (715, 2)
(14, 6), (65, 4), (119, 4), (216, 11), (340, 9), (441, 1), (581, 6), (605, 2), (660, 13), (709, 8), (755, 4)
(114, 6), (231, 4), (275, 4), (309, 11), (414, 9), (534, 1), (622, 6), (673, 2), (714, 13), (766, 8), (830, 4)
(28, 6), (119, 4), (187, 4), (282, 11), (439, 9), (571, 1), (657, 6), (686, 2), (739, 13), (819, 8), (890, 4)
(0, 6), (113, 9), (216, 6), (268, 9), (383, 10), (452, 6), (555, 11), (560, 2), (612, 12)
(68, 6), (160, 9), (302, 6), (305, 9), (443, 10), (491, 6), (589, 11), (595, 2), (655, 12)
(31, 11), (120, 14), (143, 6), (285, 3), (297, 14), (402, 10), (503, 6), (548, 6), (610, 1), (721, 2)
(81, 6), (191, 9), (296, 6), (304, 9), (435, 10), (501, 6), (620, 11), (638, 2), (705, 12)
(84, 6), (179, 9), (279, 6), (304, 9), (407, 10), (465, 6), (555, 11), (563, 2), (610, 12)
(146, 8), (255, 1), (305, 11), (323, 5), (464, 9), (577, 11), (690, 6), (792, 14), (907, 2), (997, 2)
(45, 8), (144, 1), (195, 5), (243, 11), (341, 9), (426, 11), (550, 6), (596, 14), (693, 2), (779, 2)
(133, 11), (265, 14), (287, 6), (338, 3), (352, 14), (447, 10), (582, 6), (627, 6), (654, 1), (735, 2)
(18, 11), (92, 14), (114, 6), (164, 3), (194, 14), (294, 10), (375, 6), (448, 6), (482, 1), (591, 2)
(67, 6), (162, 9), (302, 9), (313, 6), (435, 10), (492, 6), (611, 11), (632, 2), (709, 12)
(37, 6), (117, 9), (187, 6), (191, 9), (313, 10), (383, 6), (496, 11), (507, 2), (579, 12)
(89, 6), (180, 9), (253, 6), (301, 9), (408, 10), (456, 6), (553, 11), (565, 2), (619, 12)
(55, 6), (174, 9), (289, 6), (290, 9), (387, 10), (438, 6), (554, 11), (559, 2), (623, 12)
(95, 14), (134, 6), (245, 12), (271, 3), (407, 7), (485, 7), (578, 13), (692, 12)
(78, 8), (107, 1), (171, 5), (218, 11), (332, 9), (449, 11), (566, 6), (627, 14), (672, 2), (754, 2)
(125, 6), (201, 4), (287, 4), (303, 11), (471, 9), (631, 1), (718, 6), (740, 2), (775, 13), (837, 8), (955, 4)
(74, 11), (174, 14), (199, 6), (302, 3), (380, 14), (473, 10), (544, 6), (604, 6), (660, 1), (805, 2)
(123, 14), (172, 6), (297, 12), (306, 3), (455, 7), (525, 7), (599, 13), (698, 12)
(145, 14), (197, 6), (290, 12), (309, 3), (392, 7), (554, 7), (649, 13), (739, 12)
(0, 6), (108, 9), (186, 6), (187, 9), (321, 10), (385, 6), (496, 11), (513, 2), (558, 12)
(75, 6), (184, 4), (235, 4), (293, 11), (445, 9), (621, 1), (698, 6), (740, 2), (779, 13), (905, 8), (939, 4)
(121, 6), (181, 4), (259, 4), (313, 11), (498, 9), (662, 1), (760, 6), (807, 2), (850, 13), (946, 8), (1044, 4)
(72, 14), (140, 6), (269, 12), (302, 3), (388, 7), (548, 7), (605, 13), (708, 12)
(149, 6), (228, 4), (294, 4), (345, 11), (456, 9), (583, 1), (724, 6), (777, 2), (824, 13), (914, 8), (1015, 4)
(70, 6), (169, 9), (274, 6), (278, 9), (386, 10), (454, 6), (557, 11), (570, 2), (642, 12)
(35, 11), (119, 14), (141, 6), (282, 3), (327, 14), (431, 10), (569, 6), (617, 6), (677, 1), (823, 2)
(0, 14), (32, 6), (138, 12), (166, 3), (279, 7), (410, 7), (499, 13), (604, 12)
(73, 6), (168, 9), (251, 6), (301, 9), (433, 10), (485, 6), (602, 11), (607, 2), (667, 12)
(105, 6), (212, 4), (269, 4), (303, 11), (438, 9), (546, 1), (653, 6), (706, 2), (747, 13), (847, 8), (957, 4)
(67, 6), (167, 9), (297, 6), (304, 9), (399, 10), (448, 6), (561, 11), (587, 2), (662, 12)
(12, 6), (98, 9), (198, 6), (251, 9), (389, 10), (442, 6), (543, 11), (563, 2), (631, 12)
(43, 8), (81, 1), (146, 5), (249, 11), (357, 9), (457, 11), (599, 6), (736, 14), (807, 2), (899, 2)
(15, 6), (94, 9), (171, 6), (223, 9), (355, 10), (403, 6), (497, 11), (502, 2), (565, 12)
(88, 14), (162, 6), (282, 12), (307, 3), (423, 7), (503, 7), (557, 13), (615, 12)
(122, 8), (216, 1), (290, 5), (304, 11), (470, 9), (554, 11), (663, 6), (765, 14), (837, 2), (927, 2)
(137, 8), (217, 1), (275, 5), (305, 11), (460, 9), (573, 11), (729, 6), (865, 14), (919, 2), (996, 2)
(124, 6), (239, 4), (305, 4), (362, 11), (474, 9), (571, 1), (658, 6), (687, 2), (723, 13), (837, 8), (897, 4)
(113, 6), (211, 4), (286, 4), (302, 11), (439, 9), (593, 1), (704, 6), (739, 2), (780, 13), (878, 8), (935, 4)
(99, 14), (149, 6), (260, 12), (290, 3), (437, 7), (514, 7), (575, 13), (685, 12)
(121, 6), (214, 9), (297, 6), (304, 9), (438, 10), (490, 6), (599, 11), (606, 2), (684, 12)
(103, 8), (219, 1), (256, 5), (309, 11), (422, 9), (532, 11), (672, 6), (740, 14), (807, 2), (899, 2)
(113, 8), (161, 1), (207, 5), (261, 11), (409, 9), (464, 11), (612, 6), (699, 14), (796, 2), (878, 2)
(41, 6), (125, 4), (169, 4), (221, 11), (357, 9), (450, 1), (567, 6), (606, 2), (664, 13), (737, 8), (798, 4)
(102, 11), (207, 14), (232, 6), (280, 3), (316, 14), (411, 10), (505, 6), (567, 6), (635, 1), (721, 2)
(45, 8), (129, 1), (206, 5), (306, 11), (448, 9), (539, 11), (687, 6), (735, 14), (777, 2), (872, 2)
(119, 8), (147, 1), (213, 5), (262, 11), (384, 9), (474, 11), (577, 6), (651, 14), (748, 2), (841, 2)
(64, 14), (116, 6), (231, 12), (257, 3), (365, 7), (453, 7), (508, 13), (599, 12)
(72, 6), (183, 9), (305, 9), (308, 6), (406, 10), (464, 6), (554, 11), (568, 2), (621, 12)
(136, 8), (230, 1), (279, 5), (305, 11), (431, 9), (516, 11), (646, 6), (740, 14), (853, 2), (942, 2)
(91, 11), (209, 14), (233, 6), (278, 3), (362, 14), (466, 10), (590, 6), (635, 6), (685, 1), (774, 2)
(78, 11), (210, 14), (232, 6), (283, 3), (295, 14), (396, 10), (529, 6), (558, 6), (629, 1), (715, 2)
(100, 6), (143, 4), (218, 4), (276, 11), (409, 9), (563, 1), (643, 6), (678, 2), (736, 13), (819, 8), (934, 4)
(99, 14), (137, 6), (228, 12), (258, 3), (402, 7), (507, 7), (549, 13), (632, 12)
(36, 14), (89, 6), (227, 12), (299, 3), (388, 7), (524, 7), (609, 13), (674, 12)
(138, 6), (247, 9), (305, 9), (328, 6), (408, 10), (460, 6), (581, 11), (600, 2), (659, 12)
(83, 14), (156, 6), (299, 12), (325, 3), (464, 7), (600, 7), (679, 13), (787, 12)
(97, 8), (194, 1), (257, 5), (302, 11), (463, 9), (561, 11), (652, 6), (770, 14), (881, 2), (976, 2)
(112, 11), (212, 14), (234, 6), (281, 3), (354, 14), (454, 10), (572, 6), (629, 6), (661, 1), (786, 2)
(133, 6), (187, 4), (273, 4), (308, 11), (446, 9), (562, 1), (674, 6), (725, 2), (769, 13), (839, 8), (892, 4)
(39, 14), (113, 6), (222, 12), (293, 3), (373, 7), (490, 7), (529, 13), (636, 12)
(48, 11), (115, 14), (138, 6), (275, 3), (325, 14), (427, 10), (555, 6), (618, 6), (666, 1), (795, 2)
(138, 6), (255, 9), (303, 9), (372, 6), (416, 10), (469, 6), (563, 11), (587, 2), (650, 12)
(20, 14), (61, 6), (188, 12), (266, 3), (378, 7), (535, 7), (627, 13), (700, 12)
(148, 8), (212, 1), (289, 5), (343, 11), (462, 9), (556, 11), (698, 6), (794, 14), (878, 2), (965, 2)
(83, 8), (138, 1), (202, 5), (297, 11), (423, 9), (519, 11), (658, 6), (711, 14), (772, 2), (867, 2)
(119, 6), (239, 9), (312, 6), (312, 9), (430, 10), (495, 6), (618, 11), (630, 2), (675, 12)
(149, 11), (265, 14), (290, 6), (304, 3), (321, 14), (420, 10), (501, 6), (570, 6), (627, 1), (755, 2)
(43, 8), (76, 1), (120, 5), (168, 11), (324, 9), (431, 11), (543, 6), (667, 14), (710, 2), (802, 2)
(143, 6), (213, 4), (280, 4), (333, 11), (511, 9), (662, 1), (786, 6), (849, 2), (898, 13), (961, 8), (1028, 4)
(66, 8), (133, 1), (209, 5), (303, 11), (400, 9), (494, 11), (591, 6), (699, 14), (759, 2), (853, 2)
(107, 8), (185, 1), (245, 5), (298, 11), (430, 9), (487, 11), (593, 6), (680, 14), (787, 2), (865, 2)
(64, 14), (121, 6), (246, 12), (275, 3), (364, 7), (510, 7), (607, 13), (719, 12)
(113, 8), (175, 1), (206, 5), (305, 11), (460, 9), (559, 11), (708, 6), (818, 14), (864, 2), (954, 2)
(69, 6), (115, 4), (152, 4), (206, 11), (349, 9), (519, 1), (638, 6), (672, 2), (715, 13), (826, 8), (895, 4)
(56, 11), (164, 14), (188, 6), (306, 3), (363, 14), (464, 10), (581, 6), (627, 6), (652, 1), (752, 2)
(39, 8), (118, 1), (150, 5), (248, 11), (356, 9), (409, 11), (530, 6), (653, 14), (740, 2), (818, 2)
(111, 6), (206, 9), (319, 6), (322, 9), (417, 10), (465, 6), (574, 11), (586, 2), (655, 12)
(135, 6), (218, 4), (276, 4), (307, 11), (435, 9), (531, 1), (637, 6), (683, 2), (741, 13), (793, 8), (833, 4)
(101, 6), (189, 9), (340, 6), (344, 9), (441, 10), (502, 6), (600, 11), (623, 2), (673, 12)
(29, 8), (94, 1), (161, 5), (259, 11), (408, 9), (498, 11), (650, 6), (768, 14), (876, 2), (952, 2)
(143, 6), (234, 4), (271, 4), (328, 11), (469, 9), (566, 1), (641, 6), (658, 2), (689, 13), (742, 8), (798, 4)
(95, 11), (207, 14), (230, 6), (302, 3), (372, 14), (468, 10), (578, 6), (632, 6), (672, 1), (754, 2)
(66, 11), (152, 14), (177, 6), (304, 3), (329, 14), (428, 10), (548, 6), (609, 6), (651, 1), (772, 2)
(69, 11), (152, 14), (173, 6), (225, 3), (293, 14), (392, 10), (494, 6), (537, 6), (584, 1), (700, 2)
(6, 11), (139, 14), (163, 6), (211, 3), (233, 14), (327, 10), (417, 6), (492, 6), (535, 1), (658, 2)
(106, 11), (185, 14), (209, 6), (306, 3), (356, 14), (453, 10), (560, 6), (587, 6), (613, 1), (704, 2)
(33, 6), (140, 9), (211, 6), (265, 9), (405, 10), (474, 6), (566, 11), (569, 2), (642, 12)
(59, 11), (141, 14), (163, 6), (301, 3), (383, 14), (485, 10), (622, 6), (658, 6), (729, 1), (879, 2)
(96, 11), (172, 14), (194, 6), (239, 3), (312, 14), (417, 10), (490, 6), (549, 6), (590, 1), (719, 2)
(46, 8), (149, 1), (216, 5), (302, 11), (456, 9), (517, 11), (618, 6), (734, 14), (841, 2), (920, 2)
(119, 8), (203, 1), (259, 5), (312, 11), (419, 9), (473, 11), (625, 6), (692, 14), (795, 2), (885, 2)
(20, 14), (84, 6), (185, 12), (209, 3), (300, 7), (392, 7), (451, 13), (548, 12)
(127, 11), (215, 14), (239, 6), (301, 3), (338, 14), (435, 10), (520, 6), (596, 6), (630, 1), (756, 2)
(1, 8), (46, 1), (120, 5), (222, 11), (352, 9), (423, 11), (545, 6), (617, 14), (733, 2), (817, 2)
(89, 11), (214, 14), (238, 6), (284, 3), (345, 14), (449, 10), (581, 6), (642, 6), (692, 1), (835, 2)
(76, 6), (191, 4), (279, 4), (309, 11), (457, 9), (589, 1), (717, 6), (753, 2), (802, 13), (867, 8), (972, 4)
(97, 6), (177, 9), (237, 6), (289, 9), (396, 10), (450, 6), (561, 11), (578, 2), (656, 12)
(37, 6), (79, 4), (132, 4), (232, 11), (413, 9), (534, 1), (678, 6), (702, 2), (746, 13), (800, 8), (864, 4)
(68, 14), (111, 6), (245, 12), (309, 3), (430, 7), (572, 7), (646, 13), (727, 12)
(0, 6), (41, 4), (121, 4), (176, 11), (316, 9), (428, 1), (530, 6), (595, 2), (629, 13), (718, 8), (839, 4)
(74, 14), (100, 6), (224, 12), (256, 3), (354, 7), (485, 7), (534, 13), (592, 12)
(96, 8), (153, 1), (211, 5), (309, 11), (418, 9), (506, 11), (620, 6), (670, 14), (758, 2), (850, 2)
(54, 14), (123, 6), (225, 12), (299, 3), (400, 7), (551, 7), (635, 13), (718, 12)
(146, 11), (252, 14), (277, 6), (326, 3), (353, 14), (452, 10), (573, 6), (629, 6), (655, 1), (792, 2)
(110, 8), (146, 1), (212, 5), (262, 11), (383, 9), (438, 11), (545, 6), (605, 14), (673, 2), (762, 2)
(16, 11), (107, 14), (130, 6), (273, 3), (347, 14), (441, 10), (547, 6), (576, 6), (636, 1), (774, 2)
(14, 14), (58, 6), (150, 12), (224, 3), (308, 7), (444, 7), (540, 13), (641, 12)
(91, 14), (120, 6), (248, 12), (308, 3), (388, 7), (476, 7), (523, 13), (633, 12)
(96, 8), (192, 1), (221, 5), (271, 11), (365, 9), (467, 11), (605, 6), (706, 14), (783, 2), (870, 2)
