0.9524536150535252
0.9302543622098055
0.9469212452196841
0.9499143400959947
0.9402009711429373
0.9442034578608719
0.9392283093336937
0.9186501341379629
0.8988005256303669
0.9392476043252734
0.961439858120084
0.9765403281320737
0.940824305868978
0.9453349710767619
0.9337267499476981
0.9742536173717169
0.9460045797243597
0.9179157966021922
0.912682893338268
0.95301996434543
0.9413528521483625
0.9553793188375026
0.9345633450523035
0.9368666159958997
0.965942987500999
0.9575912627925323
0.9406075345911501
0.9232436225020652
0.9092076885505671
0.9374167131701535
0.9530655200564663
0.9508992690032299
0.9608672232303433
0.9378088114465625
0.9339463650645646
0.9598030577455814
0.9207517545536547
0.9109682704691342
0.9378359102467296
0.9519103616669179
0.9527168819563603
0.9573119502241829
0.9599889100883482
0.9698864915727007
0.9581582685391696
0.9349816724556599
0.9340868847924191
0.9145538868645784
0.9382648688489766
0.924212536118902
0.9124215025011132
0.9035135775026275
0.9523781275009948
0.9551370723367825
0.9677940341366391
0.9529824660143069
0.9537522474896853
0.9422780676856782
0.9308609866577132
0.9575565387661873
0.9355773588237709
0.9496669616663602
0.9513408058208567
0.9441747754156138
0.9328102566670938
0.9759210593264206
0.9606653547780384
0.9490419022104732
0.949087128751131
0.9648456526457951
0.9539922542777456
0.9495127221706108
0.9089305206251751
0.9708432105649561
0.9625970276464941
0.917225038165411
0.9462688945240953
0.9626422887939403
0.9511608272478289
0.9254374299869876
0.9631651464422891
0.940317113708109
0.9385294669101982
0.9371666466692431
0.9468966122933171
0.954324214063069
0.919424916697491
0.9233881744069572
0.9175848072628038
0.9486908618888933
0.9187898241860988
0.9383720144524512
0.9396300921978518
0.9185537711319062
0
0
0.9000240385425616
0.9025911269288742
0.9241423657888036
0.9717431110462479
0.9450539057492497
0.9496453940066667
0
0.9353711479445129
0.9561942198736204
0.8701418775650065
0
0.9259748270538065
0.9092811082912131
0.8968471022597662
0.9683881833286
0.889612242747053
0.8948233318990496
0.9492707549078403
0.9382497792114441
0.9108746917062268
0.950300734785154
0.8445629932761598
0.9188559479895637
0
0.9281652392577849
0.9536549051466113
0
0
0.9481523468659174
0.8989518500642077
0
0
0.9298338225779287
0.9363683950363473
0.9432758879743759
0.833823610477718
0.9345995334479481
0.9548051503520125
0.9120182166887479
0.9385528225444772
0
0
0.9361261794209296
0
0.9029718975060953
0.9234721530859777
0.9442083728992585
0
0
0.9024816044720294
0.9343221058055273
0.9248881832646781
0.9077883068895977
0.9214028961318754
0.9514339546992312
0.9108048581059814
0.940983421952748
0.9554800984077186
0.957893106363061
0.9485744889678412
0
0.9127226545524438
0.949807560713756
0.9064173816271155
0.9353081869091668
0.9232197120200916
0.9401000513639773
0.9011008342978528
0
0.8972064264918669
0.9190202115918312
0.9212101979628885
0
0.9011522361886242
0.9159908126349178
0.9024965779325658
0.9367504463704693
0.873591484628481
0.9190672060917493
0.8993252357607643
0
0.9097396558262882
0.9473701158405485
0.96770252569569
0.9246598262995849
0.9310088201038998
0.9171198432388543
0.9212252863600667
0.934887824672148
0.9249734877533744
0.9681348257182096
0.9689297520877789
0.9120095498496822
0.9532783065180025
0.8928388120068078
0
0.8644669896644589
0
0.894407281151848
0.8981075386314142
0.9441678390294322
0.9362015111848124
0.9353274325543712
0
0.8873294212227033
0.902391142752296
0.9497141421699666
0.89898696289828
0
0.9188007293799706
0.9280905260287806
0.8973093333355318
0.94084161249302
0.923472665363658
0.960399072517813
0
0.9154165320406684
0.917746514200008
0.923030650571264
0.9509815489435761
0
0
0.9290820661383659
0.9356960566352667
0.9085691459753843
0.9135672992720618
0.8638374482191112
0.9411068584419274
0.8903700805755179
0.9059932778126154
0.9206325958903206
0
0
0.8982324268413522
0
0.9393954096907752
0.8956255004351554
0.8891526008653229
0.9464988168385823
0.9676313614826855
0.9473511316748451
0.9179621674032067
0.9097179229656744
0.9182827249192825
0.9487295392561792
0.8976667731521754
0.9273257488315233
0
0.9327922843606251
0
0.9415597083456744
0.9228421658467393
0.8810957959437792
0.8523594681803479
0.9329551801677318
0.9264682720720167
0
0.9190001911377936
0.9462443201934354
0.871718354534172
0.9249476681697555
0.9601948858091561
0.9091158397489955
0.9099268000879464
0.9334953579968022
0.9087944865760911
0.9067747684973754
0.9254648826960344
0.9544653948959566
0.907321435812372
0.9304712573251283
0.9194636210145929
0.91138692996689
0
0.9088373951239508
0
0.9394972960633612
0.9287160960015847
0.9375798672595669
0.9372650511999326
0.9318065661921981
0.8823657902972413
0.948391789003305
0
0.9694456840878164
0.9496334999588051
0.92807460882495
0.9108755789890542
0.969673147921473
0.9382294086977138
0.9286960482849396
0
0.9394939039974124
0.947302131182794
0.9591297902749283
0.9342188670048407
0.9601754988910899
0
0
0.8448214217220525
0
0
0.9277903182716088
0.9116761769870041
0.9126491736982609
0.9467999132423384
0.9314021130068142
0.9461998023846248
0.9316089217125105
0
0
0
0
0.9304367684279772
0.9165836636461138
0.9598669141975777
0.9280751999737326
0.9167979180439557
0
0.9263331516749294
0.9135093296638914
0.9246602804869133
0.9383224461087194
0.8989233106421733
0.9432545647829034
0.9372356060277302
0.920074345576721
0.8747880724715309
0
0.9259765106329564
0.8927593718559022
0.9536265396074319
0.9184612383386347
0.9194615179470189
0.9315270875974927
0
0.9193595396515558
0.9361855343769967
0.9037544637937225
0.9242544280864085
0.9671813109708619
0.9364001134138477
0.9105955511244619
0.9563707327290788
0.8972975247476302
0.9365877037902003
0.9267434727853092
0
0.9386852745383112
0
0.8888903859047135
0.937007669451699
0.9157464147500435
0
0.9362378350902657
0.9072360309094284
0.8728252399218964
0.9220003100779374
0.9009984842701091
0
0.9447181426837651
0
0.8945005024552102
0.9056321470263651
0.9443298601688233
0.929322755025238
0.8991327465480033
0.9513825965517342
0.9530765032797723
0.9379531577225336
0.8874202006639309
0.956811509178977
0
0.9668997480686349
0.9625655382861077
0.9560420268199314
0.9300800617046178
0.9196527766542129
0.8971093186665938
0.9313982470837086
0.930118446082067
0.9330342918100996
0.9323564286941561
0
0
0.8479433468269482
0.9290954759372816
0.9281073754690196
0.9352256326475995
0.9478798171872009
0.9326849814530458
0.9214760580537104
0.8953081690287966
0.9559751450795289
0
0
0
0
0
0.901265663240389
0.944242086389513
0
0
0
0
0
0
0
0
0
0
0.9316451291063482
0
0
0.8254273895903351
0
0
0
0
0
0
0
0
0
0
0
0
0
0
0
0
0.8313301264688424
0
0
0.9238375511201877
0
0
0
0
0
0.8766556899461113
0
0
0
0
0.9740945802699789
0.8231671505065907
0.8868528990554772
0
0
0
0.8186095028010215
0
0
0
0
0.8092368174387375
0
0.8796993523538148
0
0
0.9098618262387966
0
0
0.88991241147997
0
0
0
0
0
0
0.9051214818853396
0
0
0
0
0
0
0
0
0.8176437933434022
0
0
0
0.8834758298357837
0
0.7917368076020803
0
0
0
0.8850246324289693
0
0.8239476861744491
0
0
0
0
0
0
0
0.8443781450471198
0.8794213304723899
0
0
0
0
0
0
0
0
0
0
0
0
0
0
0
0.8760390256006719
0
0
0
0
0
0
0
0
0
0
0
0.9361928116120369
0
0
0
0
0
0
0.9022089226571794
0
0.9098167074594019
0.9158722614487471
0
0
0.8853306852524865
0.853758157635688
0
0
0
0
0
0
0
0
0.833613582143118
0
0
0
0
0
0
0.8648961288300301
0.9097906810256858
0
0.843455031332453
0
0.9174350152831564
0.8624596125687154
0
0
0
0
0
0
0
0
0
0
0
0
0
0
0
0
0
0.9197909269699274
0
0
0
0
0
0
0
0
0
0
0
0
0
0
0
0
0
0
0
0
0
0
0
0
0
0
0
0
0
0.8200366915286501
0
0
0
0
0
0.9104817045507747
0
0
0.9056054353070735
0
0
0.8182234781990312
0
0.9278542123527023
0
0
0
0
0.9265875022209499
0
0
0
0
0
0.957530169150046
0
0
0
0
0
0
0.8753926173758263
0
0.9117938506435124
0
0
0
0
0
0
0
0
0.8943860389352042
0
0
0
0
0
0.9100742950351165
0
0
0
0.8870547405215518
0
0
0
0
0.8762076030223374
0
0
0
0
0
0
0
0
0.9333813114319683
0
0.9295580809374683
0
0
0
0
0
0
0
0
0
0
0.8846342098192514
