0.8775521119599178
0.8588629640260159
0.8789967196966021
0.864263069420013
0.8920043621600487
0.872117048949954
0.860560625114224
0.9026712357909353
0.8040182983552555
0.8876561247688309
0.8322952750752708
0.9125833557232625
0.8735057924592732
0.8611085904459641
0.8726728143135756
0.8591579888483091
0.8865912364052098
0.8260659032660224
0.8727755146111856
0.8604001788909564
0.8653184844530888
0.9108497107681021
0.8467174186216184
0.8073007170263479
0.8884344547029885
0.9031114816859985
0.8493748271934053
0.8986596761949934
0.9159484349853602
0.8920546420933285
0.8695473755392745
0.8510879995913664
0.8965338897371583
0.8702904954614088
0.8380324103633348
0.9213493068438793
0.8981751372688439
0.8592703195107789
0.872743693041186
0.8677415806340321
0.8929969077383866
0.8724623932341147
0.877226805599146
0.8586412348406376
0.8395536118540688
0.8320212790032386
0.8528250819254287
0.8751802514459489
0.8844593700199925
0.8656655067090385
0.8704553022661445
0.8694886378177594
0.8435673476249904
0.8726383476860867
0.8492973183436647
0.9137048747085122
0.8486898464774028
0.8931373834155404
0.8750889674840847
0.8426887901159285
0.874040963865115
0.9035231098671002
0.8422394572369223
0.8676512943694488
0.8597168559313692
0.9076556080334177
0.8811943025006634
0.8465193014031137
0.8397110061188607
0.8804816893406385
0.8862255936961393
0.8582134967389841
0.858845733727616
0.8781480764304873
0.8915557726256341
0.9145768299257826
0.9018926756139162
0.8908525330459226
0.8432036097769265
0.8502520697507515
0.8855613147657204
0.9004776131922513
0.8362950529818933
0.8817090458095627
0.8709149354765069
0.8994069042198002
0.9050093504058925
0.8202144313118389
0.8574503418976345
0.8858962133238931
0.8743239346586436
0.9034237782539374
0.8869204288704927
0.8793795909239256
0.892605337241504
0.8560533481587808
0.8944191662546461
0.8384437671597191
0.8557133529326495
0.8352754178079864
0.9059883525542989
0.8086182964049102
0.8851344127689905
0.878120246831947
0.8679654340123749
0.8878702502252048
0.8458558760565512
0.8777905231384966
0.8712275917068434
0.8585762217728788
0.8645584513922182
0.8740055508959097
0.8145981064299981
0.7955483937216253
0.8525825103301563
0.9176194050651633
0.8913064096726522
0.8475074675481066
0.8681458809496579
0.9025174984230564
0.8678755893379295
0.8777594114883778
0.9032212414092137
0.8476665888765869
0.8337939260772786
0.8914881957863514
0.8955631291481485
0.8608989433841859
0.9132600072232893
0.8754410626695942
0.8788466581417853
0.8949671076944657
0.8720799836789113
0.8482382709901997
0.8754243639868239
0.9069027250178932
0.8941306162394433
0
0.8752530464559246
0.8901250915806547
0.8465274350492143
0.8847511247972595
0.8315055638370111
0.8417204691605263
0.8641788428369079
0.8568847027300746
0.9017216758301588
0.9135016252700825
0.909017875994028
0.909876157789254
0.8619077368219425
0.8634130156710306
0.9216771113609092
0.9051950312772982
0.8512096492716422
0.9060073598400992
0.8693247465550699
0.8599982277260839
0.8870788128065954
0.8348127812393143
0.8097925508317363
0.8933802705084113
0.7944588303122502
0.905667759669197
0.8271301463441336
0.8552889284560845
0.8899819726110352
0.8747846728064297
0.8929330081402447
0.8887912241103102
0.9154106523948587
0.8892843197439515
0.8450557260973413
0.8071398323811133
0.8013366654237869
0.8047267318081384
0.8317882169681552
0.8482461466371717
0.8670257229375218
0.8720220482669979
0.917993708794557
0.913165147673983
0.878185429106129
0.8271403468711166
0.8371583710351872
0.9203513404052319
0.9106162054818171
0.8575709623121582
0.870863685168772
0.8164246293284873
0.8805123979477741
0.8356977278800278
0.8886357739824761
0.8520942480481394
0.8267878302307956
0.874763865850312
0.9084272182113707
0.8306781848302482
0
0.8757526047853406
0.8326907927765687
0.8120511672093449
0.8527398040915904
0.8648598879352841
0.8874260180048087
0
0.8376783614216342
0.8738849025928667
0.8705788404403235
0.8327938376597024
0.8338473778872044
0.9082225029016617
0.8733574844452922
0.9054730869083724
0.8970611842537356
0.9036887905206096
0.8510888811123116
0.8182509798463667
0.8379913503665959
0.9059913171154133
0.8681740975659217
0.8751214397371941
0
0.8938875613448619
0.8561759738568087
0.8712366384981416
0.8582732090414515
0.8435748557145281
0.8513929879095772
0.8389071347834046
0.9228930554415212
0.8724441295902271
0.8840679332113256
0.8580580037558571
0.9040743901897736
0.8586090439110963
0.899614762313108
0.7901720862971312
0.9149238621106961
0.8205142047110232
0.8695725000348999
0.8554918773470255
0.8896687412609378
0
0.8210608291835154
0.9129880342341834
0.8570633892330388
0.882140812055189
0.8290240026178568
0.8984520552579206
0.8911676471440919
0.8661201529721425
0.8626054924326446
0.889762317052281
0.9026530193499976
0.8463664108766994
0.8463143721691565
0.8814842209618526
0
0.9017704573955155
0.8591901582532804
0.8748427839936985
0.8624863392408031
0.8542936368155315
0.8952929940811527
0.9038589609147565
0.8585065860496123
0.8812593157101013
0.8691080877366653
0.8823815516633005
0.8480189570290094
0.8644795338079058
0.879211862977095
0.8306881563849525
0.8903612146134472
0.9025752743364807
0.8753607329396005
0.8959583452420826
0.9006740206158124
0.902426640643185
0.876576956334979
0.8591098013290299
0.8686151040755888
0.8687848922189799
0.8232415199960534
0.8432002189268216
0.8795013283305683
0.8423445356618214
0.809290207246773
0.9063567683809481
0.8694055922008107
0.8670377627640018
0.8379596869109208
0.8584729742433305
0.8496292581900866
0.8472159400300754
0.8792059690318672
0.9043078621818842
0.8837291935276725
0.8610873640524256
0.8671688192189141
0.8575142503991736
0.9018072457226338
0.8809854581364704
0.8777995682001164
0.8617035835900454
0.7926006912915127
0.8615828857166266
0.894642794983641
0.8114274444736758
0.9180321628977995
0.8264390863715957
0.838209793075676
0.8918176372531381
0.8765834133959132
0.8451530365972019
0.8604907629785331
0.9062074987840523
0.8453620645409983
0.8811810815877504
0.8586686678268581
0.8536228849530195
0.8366778630678109
0.8843172625526348
0.8561745890955514
0.9145540067881364
0.8647283971824461
0.8948398647348562
0.8338129531761911
0.8762684216732533
0.8937534984524518
0.9004134090466236
0.8383860725885743
0.8918869816237951
0.84390257944566
0.8697413184879819
0.8599817135036752
0.829554504935033
0.8640111693590649
0.8560502499724376
0.8261987003990712
0.875983846075062
0.8417818615801885
0.8846433086587506
0.8419770876384512
0.8565685240919976
0.8862440360070255
0.888718203462163
0.8568002081489607
0.868061238880544
0.8962759036003775
0.8193020821289667
0.876043273235233
0.8332623769633103
0.8848455214969173
0.876449659159537
0.8948907754899025
0.8674428042011236
0.8732077904553439
0.8675253767398211
0.8838206346289547
0.8218312132970503
0.9020428850578442
0.9041424135827517
0.8059091663839933
0.9193165918042978
0.8936171253973164
0.9174063847160963
0.8680541311082665
0.8680573372258742
0.8308185717050689
0.924306528105279
0.85336003842715
0.855972641731647
0
0.8807165529662299
0.8159298569616843
0.8278922048774334
0.8825825512557611
0.8643293256130277
0.8738178189777591
0.8521903695794375
0.8597537690007465
0.8302958741939955
0.8410486775546012
0.8916352316738729
0.8450525127031251
0.8603033051098085
0.8752101017128009
0.8697199642592355
0
0
0
0
0
0
0
0
0
0
0
0
0
0
0
0
0
0
0
0
0
0
0
0
0
0
0
0
0
0
0
0.6957331072978751
0
0
0
0
0
0
0
0
0
0
0
0
0
0
0
0
0
0
0
0
0
0
0
0
0
0
0
0
0
0
0
0
0
0.7420955022191473
0
0
0
0
0
0
0
0
0
0
0
0
0
0
0
0
0
0
0
0
0
0
0
0
0
0
0
0
0
0
0
0
0
0
0
0
0
0
0
0
0
0
0
0
0
0
0
0
0
0
0
0
0
0
0
0
0
0
0
0
0
0
0
0
0
0
0
0
0
0
0
0
0
0
0
0
0
0
0
0
0
0
0
0
0
0
0
0
0
0
0
0
0
0
0
0
0
0
0
0
0
0
0
0
0
0
0
0
0
0
0
0
0
0
0
0
0
0
0.7492685768544738
0
0
0
0
0
0
0
0
0
0
0
0
0
0
0
0
0
0
0
0
0
0
0
0
0
0
0
0
0
0
0
0
0
0
0
0
0
0
0
0
0
0
0
0
0
0
0
0
0
0
0
0
0.7375745002191695
0
0
0
0
0
0
0
0
0
0
0
0
0
0
0
0
0
0
0
0
0
0
0
0
0
0
0
0
0
0
0
0
0
0
0
0
0
0.7347592733684369
0
0
0
0
0
0
0
0
0
0
0
0
0
0
0
0
0
0
0
0
0
0
0
0
