[[[3], [2], [6], [1], [6], [2], [0]], [4, 2, 6, 6, 1, 6, 0], [[2], [31], [36], [23], [6], [67], [3]], [15, 24, 32, 42, 33, 59, 2], 0.9998815070208477]
[[[3], [6], [2], [6], [1], [2], [0]], [3, 2, 6, 6, 1, 1, 0], [[68], [48], [10], [7], [37], [70], [26]], [51, 20, 9, 17, 41, 28, 2], 0.9998110178593748]
[[[6], [2], [3], [6], [1], [0], [2]], [2, 2, 3, 6, 1, 1, 2], [[42], [4], [10], [82], [9], [18], [66]], [31, 19, 29, 80, 17, 25, 2], 0.999811017859375]
[[[3], [2], [6], [0], [6], [1], [2]], [3, 2, 6, 6, 6, 1, 2], [[73], [6], [10], [48], [23], [29], [84]], [54, 27, 21, 74, 30, 24, 1], 0.9997420332791378]
[[[3], [2], [6], [6], [1], [0], [2]], [2, 2, 6, 6, 1, 2, 2], [[77], [3], [18], [77], [12], [39], [33]], [46, 15, 16, 28, 29, 58, 2], 0.9997585291587777]
[[[2], [3], [6], [6], [1], [0], [2]], [2, 3, 6, 6, 1, 2, 2], [[56], [24], [9], [86], [17], [18], [61]], [47, 17, 22, 43, 19, 62, 3], 0.9997360348449336]
[[[2], [4], [6], [1], [6], [0], [2]], [4, 2, 6, 6, 1, 2, 2], [[48], [1], [29], [41], [30], [44], [1]], [16, 16, 35, 54, 51, 54, 3], 0]
[[[3], [6], [2], [6], [0], [1], [2]], [3, 6, 6, 6, 1, 1, 2], [[54], [22], [4], [85], [11], [6], [81]], [54, 29, 19, 67, 19, 40, 2], 0.9997585291587778]
[[[2], [4], [6], [1], [6], [2], [0]], [4, 2, 6, 6, 1, 2, 2], [[31], [16], [45], [11], [34], [36], [36]], [23, 27, 37, 31, 23, 38, 1], 0]
[[[6], [2], [3], [6], [1], [0], [2]], [2, 6, 3, 6, 1, 2, 2], [[10], [5], [46], [95], [7], [67], [19]], [14, 19, 41, 77, 20, 31, 2], 0.9998395128794358]
[[[3], [2], [6], [1], [6], [0], [2]], [4, 2, 6, 6, 1, 6, 2], [[13], [70], [19], [13], [3], [46], [22]], [20, 28, 16, 12, 16, 44, 3], 0.9998695085147544]
[[[2], [4], [6], [0], [1], [6], [2]], [4, 2, 6, 1, 6, 6, 2], [[30], [17], [33], [4], [10], [51], [32]], [16, 23, 32, 40, 47, 59, 2], 0.9998020196007064]
[[[3], [6], [2], [6], [1], [0], [2]], [3, 2, 6, 6, 1, 2, 2], [[56], [52], [14], [36], [42], [48], [21]], [48, 24, 9, 15, 21, 63, 2], 0.999824515399224]
[[[4], [2], [0], [6], [6], [1], [2]], [4, 2, 6, 6, 6, 6, 2], [[1], [42], [38], [4], [18], [21], [70]], [18, 25, 29, 38, 36, 48, 2], 0.9997150406086424]
[[[2], [6], [1], [4], [0], [2], [6]], [4, 2, 6, 0, 6, 1, 2], [[58], [10], [13], [8], [72], [4], [13]], [16, 14, 25, 44, 47, 15, 2], 0]
[[[2], [3], [6], [6], [1], [0], [2]], [4, 4, 6, 6, 1, 2, 2], [[12], [2], [72], [39], [7], [30], [44]], [17, 25, 73, 21, 23, 64, 2], 0.9997915217346145]
[[[3], [2], [6], [6], [1], [0], [2]], [3, 6, 6, 6, 1, 0, 2], [[46], [2], [79], [26], [5], [6], [82]], [54, 30, 53, 18, 34, 62, 2], 0.9996475621208257]
[[[3], [2], [6], [6], [1], [0], [2]], [3, 2, 6, 6, 1, 2, 0], [[48], [7], [42], [53], [48], [74], [14]], [50, 28, 25, 50, 40, 57, 2], 0.999880007199712]
[[[3], [6], [2], [6], [1], [2], [0]], [3, 2, 6, 6, 1, 6, 0], [[17], [75], [4], [14], [19], [83], [28]], [25, 29, 15, 17, 15, 21, 2], 0.9997600287976962]
[[[3], [2], [6], [6], [1], [2], [0]], [2, 2, 6, 6, 1, 0, 0], [[47], [14], [41], [29], [51], [73], [22]], [44, 26, 21, 40, 27, 50, 1], 0.9998290146196664]
[[[3], [0], [2], [6], [6], [1], [2]], [3, 2, 6, 6, 1, 2, 2], [[31], [47], [32], [26], [18], [13], [84]], [50, 28, 27, 18, 18, 30, 1], 0.9997735256491885]
[[[3], [2], [6], [0], [6], [1], [2]], [2, 2, 6, 0, 1, 1, 2], [[56], [7], [5], [50], [2], [17], [68]], [16, 8, 14, 59, 26, 31, 2], 0.9997555298876891]
[[[3], [0], [2], [6], [6], [1], [2]], [3, 2, 6, 6, 1, 0, 2], [[60], [46], [11], [44], [7], [12], [80]], [54, 30, 19, 21, 16, 42, 2], 0.9997450325097366]
[[[0], [4], [2], [6], [1], [6], [2]], [4, 2, 6, 6, 1, 6, 0], [[0], [27], [20], [37], [11], [70], [0]], [21, 25, 61, 38, 35, 37, 2], 0.9998140172969275]
[[[0], [3], [2], [6], [6], [1], [2]], [3, 3, 6, 6, 6, 1, 2], [[18], [30], [14], [44], [26], [9], [70]], [51, 29, 39, 44, 23, 16, 2], 0.9997945211136785]
[[[2], [4], [6], [1], [6], [2], [0]], [4, 2, 6, 6, 1, 2, 2], [[56], [22], [32], [24], [38], [50], [60]], [16, 15, 25, 25, 22, 39, 2], 0]
[[[2], [6], [3], [6], [1], [0], [2]], [3, 3, 6, 6, 1, 2, 2], [[10], [52], [1], [77], [49], [44], [24]], [50, 37, 20, 73, 22, 52, 2], 0.9997975205017413]
[[[3], [2], [6], [1], [6], [2], [0]], [4, 2, 6, 1, 1, 6, 0], [[5], [61], [27], [9], [6], [83], [48]], [16, 26, 25, 25, 23, 44, 2], 0.9997510309979271]
[[[2], [6], [3], [6], [1], [0], [2]], [2, 6, 3, 6, 1, 1, 2], [[13], [14], [31], [75], [17], [0], [81]], [14, 19, 27, 74, 21, 22, 2], 0.9998260151371221]
[[[3], [2], [6], [1], [0], [6], [2]], [4, 2, 6, 6, 1, 6, 2], [[17], [54], [34], [20], [13], [17], [53]], [20, 29, 26, 17, 19, 26, 2], 0.9998425124024737]
[[[3], [2], [6], [6], [1], [0], [2]], [2, 2, 6, 6, 1, 2, 2], [[83], [14], [22], [58], [33], [50], [21]], [42, 13, 12, 21, 33, 54, 2], 0.9998320141112098]
[[[2], [3], [4], [6], [1], [6], [2]], [3, 3, 6, 6, 1, 1, 2], [[16], [14], [1], [66], [30], [10], [61]], [53, 25, 53, 55, 16, 23, 2], 0.9997045436558247]
[[[3], [2], [6], [0], [6], [1], [2]], [2, 2, 6, 6, 6, 1, 2], [[71], [27], [20], [5], [20], [6], [86]], [45, 16, 11, 20, 52, 33, 2], 0.9996940468132249]
[[[2], [6], [3], [6], [1], [0], [2]], [2, 3, 3, 6, 1, 2, 0], [[46], [11], [10], [96], [46], [65], [9]], [41, 18, 25, 76, 17, 58, 2], 0.9998650091120899]
[[[2], [0], [3], [6], [6], [1], [2]], [2, 3, 3, 6, 1, 1, 2], [[47], [9], [12], [49], [50], [14], [72]], [42, 18, 31, 74, 25, 33, 2], 0.9997420332791377]
[[[2], [3], [0], [6], [6], [1], [2]], [3, 3, 6, 6, 6, 1, 2], [[50], [9], [27], [14], [22], [22], [84]], [54, 27, 51, 48, 41, 35, 0], 0.9997060432137649]
[[[4], [2], [6], [1], [6], [2], [0]], [4, 2, 6, 1, 1, 6, 0], [[34], [36], [10], [28], [12], [74], [63]], [18, 30, 26, 27, 24, 35, 2], 0.9997735256491885]
[[[3], [4], [2], [6], [1], [6], [2]], [4, 2, 2, 6, 1, 6, 2], [[11], [55], [3], [26], [16], [57], [30]], [17, 28, 34, 37, 26, 26, 2], 0.9997840233263207]
[[[2], [3], [6], [6], [1], [2], [0]], [3, 3, 6, 6, 6, 1, 0], [[41], [27], [31], [48], [24], [87], [18]], [51, 21, 26, 62, 15, 22, 2], 0.9998125175770264]
[[[3], [0], [6], [2], [6], [1], [2]], [3, 6, 6, 6, 6, 1, 2], [[45], [9], [30], [4], [39], [38], [83]], [50, 30, 27, 50, 53, 16, 1], 0.9997105419010813]
[[[4], [3], [6], [6], [0], [1], [2]], [3, 3, 6, 6, 1, 1, 2], [[6], [38], [76], [1], [17], [13], [89]], [33, 27, 55, 11, 15, 35, 2], 0.9997300364467198]
[[[3], [2], [6], [6], [1], [0], [2]], [3, 2, 6, 6, 1, 2, 2], [[38], [31], [56], [17], [12], [55], [18]], [23, 30, 32, 16, 15, 50, 2], 0.9999025047529705]
[[[6], [2], [3], [0], [6], [1], [2]], [2, 6, 6, 6, 6, 1, 2], [[60], [15], [8], [22], [51], [37], [87]], [23, 9, 12, 42, 49, 23, 2], 0.999748031749333]
[[[2], [6], [3], [6], [1], [0], [2]], [2, 6, 3, 6, 1, 1, 2], [[23], [11], [47], [76], [17], [66], [8]], [31, 33, 31, 63, 24, 40, 1], 0.9998515110255793]
[[[6], [2], [3], [6], [1], [0], [2]], [2, 6, 3, 6, 1, 2, 0], [[15], [17], [35], [78], [32], [82], [5]], [14, 18, 26, 66, 24, 41, 1], 0.999886006497753]
[[[0], [3], [6], [2], [6], [1], [2]], [3, 3, 6, 6, 6, 1, 2], [[43], [19], [55], [7], [3], [19], [75]], [52, 25, 28, 26, 22, 42, 2], 0.9997360348449335]
[[[2], [3], [6], [6], [0], [1], [2]], [3, 3, 6, 6, 1, 1, 2], [[31], [24], [33], [49], [19], [28], [84]], [54, 28, 41, 57, 31, 32, 0], 0.9997855230034801]
[[[4], [2], [6], [0], [1], [6], [2]], [4, 2, 6, 1, 6, 6, 2], [[8], [30], [34], [29], [13], [13], [76]], [20, 28, 33, 33, 24, 26, 1], 0.9998230156635759]
[[[2], [6], [3], [6], [0], [1], [2]], [2, 6, 3, 6, 1, 2, 2], [[5], [16], [62], [80], [31], [18], [85]], [17, 23, 28, 63, 19, 34, 2], 0.9997285368527897]
[[[3], [2], [0], [6], [6], [1], [2]], [2, 2, 6, 6, 1, 1, 2], [[55], [18], [10], [34], [26], [47], [70]], [44, 22, 17, 35, 29, 31, 0], 0.9998320141112097]
[[[3], [2], [6], [6], [1], [2], [0]], [3, 2, 6, 6, 1, 1, 0], [[43], [28], [45], [15], [36], [77], [27]], [53, 30, 22, 20, 15, 27, 2], 0.9997960208065849]
[[[2], [3], [6], [6], [1], [2], [0]], [3, 3, 6, 6, 1, 2, 2], [[46], [2], [57], [34], [1], [84], [17]], [28, 24, 72, 26, 45, 67, 2], 0.9997915217346146]
[[[4], [2], [6], [1], [0], [6], [2]], [4, 2, 6, 1, 6, 6, 2], [[49], [6], [26], [31], [1], [25], [62]], [16, 20, 29, 39, 35, 62, 2], 0.9997165401823278]
[[[3], [2], [6], [6], [1], [2], [0]], [3, 2, 6, 6, 6, 0, 0], [[35], [20], [30], [47], [3], [87], [32]], [51, 28, 30, 33, 20, 51, 1], 0.9998170167434788]
[[[3], [2], [6], [6], [0], [1], [2]], [4, 2, 6, 6, 1, 6, 2], [[0], [6], [80], [3], [17], [6], [76]], [17, 24, 63, 15, 17, 52, 2], 0.9997240380844964]
[[[3], [6], [2], [6], [1], [0], [2]], [2, 2, 6, 6, 1, 2, 2], [[51], [51], [1], [46], [31], [44], [36]], [32, 17, 9, 19, 19, 63, 2], 0.9997705263331106]
[[[2], [3], [6], [6], [1], [2], [0]], [3, 3, 6, 6, 1, 1, 0], [[22], [28], [15], [63], [48], [73], [20]], [52, 34, 35, 58, 21, 34, 1], 0.9997810239787496]
[[[2], [3], [6], [6], [0], [1], [2]], [3, 3, 6, 6, 1, 1, 2], [[42], [30], [21], [63], [21], [22], [76]], [54, 25, 30, 39, 12, 22, 2], 0.9998005198988016]
[[[3], [6], [2], [6], [1], [0], [2]], [3, 2, 2, 6, 1, 2, 2], [[69], [50], [9], [49], [13], [50], [39]], [54, 32, 13, 24, 15, 42, 2], 0.9998365133653967]
[[[6], [2], [3], [6], [1], [0], [2]], [2, 2, 3, 6, 1, 2, 2], [[25], [13], [9], [96], [32], [33], [52]], [32, 32, 28, 80, 16, 37, 2], 0.9998035193048606]
[[[3], [2], [0], [6], [6], [1], [2]], [3, 6, 6, 6, 1, 0, 2], [[45], [66], [33], [1], [3], [41], [77]], [55, 31, 14, 34, 45, 43, 2], 0.9996760524823317]
[[[3], [6], [2], [6], [1], [2], [0]], [2, 6, 6, 6, 1, 2, 0], [[79], [20], [6], [48], [3], [87], [1]], [29, 12, 12, 30, 34, 64, 2], 0.9997945211136788]
[[[2], [3], [6], [6], [1], [0], [2]], [2, 6, 6, 6, 1, 2, 2], [[66], [10], [1], [96], [26], [62], [22]], [40, 13, 18, 53, 20, 52, 2], 0.9998125175770265]
[[[6], [2], [3], [6], [1], [0], [2]], [2, 6, 3, 6, 6, 1, 2], [[15], [9], [28], [61], [23], [0], [75]], [14, 18, 32, 79, 30, 21, 2], 0.9998005198988016]
[[[3], [6], [2], [6], [1], [0], [2]], [3, 2, 2, 6, 6, 1, 2], [[75], [49], [9], [15], [9], [31], [42]], [54, 25, 14, 49, 32, 30, 2], 0.9997780246401765]
[[[0], [4], [3], [6], [6], [1], [2]], [3, 3, 6, 6, 6, 1, 2], [[15], [19], [38], [49], [15], [10], [70]], [38, 23, 55, 45, 13, 15, 2], 0.9998155170190783]
[[[2], [3], [6], [0], [6], [1], [2]], [2, 3, 6, 6, 1, 1, 2], [[27], [49], [26], [60], [25], [22], [84]], [47, 36, 26, 42, 27, 47, 1], 0.9997585291587776]
[[[3], [0], [2], [6], [6], [1], [2]], [3, 2, 2, 6, 1, 1, 2], [[73], [40], [13], [25], [6], [34], [89]], [54, 30, 16, 25, 17, 51, 2], 0.9997795243083384]
[[[2], [4], [6], [1], [0], [6], [2]], [4, 2, 6, 1, 1, 6, 2], [[43], [33], [20], [19], [2], [50], [19]], [20, 21, 27, 24, 21, 50, 2], 0.9998755077498033]
[[[3], [2], [6], [6], [1], [2], [0]], [3, 2, 6, 6, 1, 2, 0], [[50], [8], [58], [2], [36], [84], [7]], [44, 30, 35, 26, 25, 52, 2], 0.9998155170190782]
[[[2], [6], [3], [6], [0], [1], [2]], [2, 3, 3, 6, 1, 1, 2], [[18], [42], [7], [100], [19], [2], [73]], [34, 38, 21, 75, 20, 26, 2], 0.9997675270260304]
[[[2], [3], [0], [6], [6], [1], [2]], [2, 6, 3, 6, 6, 1, 2], [[11], [55], [1], [7], [67], [19], [80]], [22, 27, 19, 79, 65, 17, 2], 0.9996835500808412]
[[[3], [2], [0], [6], [6], [1], [2]], [4, 2, 6, 6, 1, 6, 2], [[8], [33], [22], [35], [17], [19], [80]], [16, 27, 32, 39, 30, 29, 1], 0.9998050190112642]
[[[2], [3], [0], [6], [6], [1], [2]], [3, 3, 6, 6, 6, 1, 2], [[19], [31], [22], [47], [7], [19], [85]], [54, 32, 36, 56, 32, 31, 2], 0.999731536042899]
[[[2], [3], [6], [6], [1], [0], [2]], [3, 3, 6, 6, 1, 0, 2], [[40], [23], [17], [50], [39], [32], [44]], [54, 26, 33, 53, 28, 55, 1], 0.9998305143643132]
[[[3], [2], [6], [6], [1], [0], [2]], [3, 2, 6, 6, 1, 1, 2], [[37], [77], [1], [15], [9], [66], [19]], [54, 29, 14, 17, 12, 34, 3], 0.9998035193048604]
[[[2], [3], [6], [6], [1], [0], [2]], [2, 6, 3, 6, 1, 1, 2], [[9], [42], [5], [93], [19], [56], [31]], [22, 27, 22, 79, 18, 28, 2], 0.9998245153992242]
[[[0], [3], [2], [6], [1], [6], [2]], [3, 3, 6, 6, 6, 1, 2], [[11], [25], [35], [29], [26], [36], [49]], [54, 29, 50, 43, 23, 18, 2], 0.9997840233263204]
[[[2], [6], [3], [0], [6], [1], [2]], [2, 3, 6, 6, 6, 1, 2], [[6], [48], [14], [59], [48], [2], [69]], [45, 38, 21, 53, 20, 15, 0], 0.9997420332791379]
[[[2], [3], [6], [6], [1], [0], [2]], [4, 2, 6, 6, 1, 2, 2], [[18], [0], [93], [4], [13], [0], [68]], [19, 26, 72, 16, 17, 42, 2], 0.9997420332791378]
[[[3], [2], [6], [1], [6], [0], [2]], [3, 2, 6, 6, 1, 0, 2], [[36], [59], [21], [21], [11], [46], [22]], [54, 28, 16, 12, 16, 30, 2], 0.9998440121673674]
[[[4], [2], [6], [1], [6], [0], [2]], [4, 2, 6, 6, 6, 2, 2], [[2], [9], [56], [37], [24], [4], [40]], [15, 25, 53, 42, 22, 28, 2], 0.9998485114755454]
[[[3], [0], [2], [6], [6], [1], [2]], [3, 2, 6, 6, 6, 1, 2], [[57], [32], [4], [4], [54], [32], [84]], [53, 31, 21, 41, 36, 15, 1], 0.999734535242006]
[[[0], [2], [3], [6], [6], [1], [2]], [3, 3, 6, 6, 1, 1, 2], [[42], [7], [6], [65], [18], [41], [68]], [52, 29, 45, 57, 17, 27, 1], 0.9997585291587779]
[[[2], [3], [0], [6], [6], [1], [2]], [3, 3, 6, 6, 6, 1, 2], [[48], [23], [11], [33], [19], [16], [88]], [54, 26, 30, 48, 30, 22, 2], 0.9997810239787496]
[[[3], [2], [0], [6], [6], [1], [2]], [3, 2, 6, 6, 1, 6, 2], [[34], [38], [53], [6], [5], [44], [73]], [28, 30, 31, 16, 20, 56, 2], 0.9997840233263207]
[[[3], [6], [2], [6], [1], [0], [2]], [3, 6, 6, 6, 1, 1, 2], [[57], [33], [2], [52], [7], [52], [33]], [55, 30, 19, 65, 19, 47, 2], 0.9998755077498033]
[[[2], [3], [6], [6], [1], [0], [2]], [3, 3, 6, 6, 1, 2, 2], [[23], [9], [67], [7], [41], [57], [27]], [25, 27, 69, 15, 15, 38, 2], 0.9998500112494376]
[[[3], [6], [2], [0], [1], [6], [2]], [3, 2, 6, 6, 1, 6, 2], [[13], [77], [6], [13], [12], [15], [62]], [25, 28, 15, 15, 14, 22, 1], 0.9997870226828894]
[[[2], [3], [0], [6], [6], [1], [2]], [3, 3, 6, 6, 6, 1, 2], [[17], [41], [58], [5], [45], [25], [78]], [54, 28, 42, 23, 17, 20, 1], 0.9997090423363932]
