0.9699903868730828
0.9650759339949427
0.9632836610593695
0.9601573985409628
0.9557295676338514
0
0.9629580507117521
0.9802872271384089
0.9670984251519756
0.9698152141816128
0.9591957878071936
0.9632578585655202
0.9513991293256883
0.9535774976293102
0
0.966351884398651
0.9688277247761408
0.9733777008057946
0.9763060336364497
0.9666026239018077
0.9650231135624693
0.9666642798256261
0.9684102783213265
0.9744551383746177
0.9581903188250918
0.9741804290805489
0.9567185486587547
0.9722289518595987
0
0
0.9741589307467373
0.9699182077280838
0.9509882398014923
0.9699327364139947
0.9522224722850068
0.9741834822116822
0.9650521961217111
0.9755821443519324
0.9671256912157559
0.9629126169912253
0.9601802159156753
0
0.9604174377883787
0.9634053379080554
0.9637425963768355
0.9603522382297154
0.970938634191192
0.9656434401867704
0.9518183347302815
0.9701851728684114
0.9706233749061742
0.9514267936325647
0.9746049347230685
0.9666316304205725
0.9582615080644994
0.9646571920350131
0.9653320224263297
0.9674404281451877
0.9620781555277718
0.9548751010908961
0.9675701442019035
0.9711289816609904
0.9733392190014698
0.9648606415184801
0
0.9679759264918012
0.9697929816984219
0
0
0.9621261674358161
0.9701080997537509
0.9665917241514714
0.966336392005535
0.9613413725879609
0.9648396725216084
0
0.9635514960756584
0.9688719519781915
0.9709090353985238
0.9645941448662123
0.9686600292093456
0.9672930195636805
0.9665006052776645
0.9632508391940986
0.9533980070284443
0.9679846592169657
0.963780374024715
0.9598686877348505
0.9596256627819099
0.9693878784577288
0.9576201944321248
0
0.9763036605744111
0.9742022882952401
0.9689235272421964
0.9585381131567674
0.9736183756751755
0.9736709305394736
0
0.9629210252891749
0.9568514249397332
0.9538121213864789
0.9644922390078523
0.9695240606749532
0.9629519279912927
0.9671780297030113
0.967573263164744
0.9614047806705046
0.9703690080112296
0.9636001557041288
0.966676272400471
0.9697761570943537
0.979428899115223
0
0.9652760148587652
0.9702244542100411
0.969356794914154
0.9700818303931067
0.970746894722597
0.9767237681118209
0.9643455615099699
0.9608982735201246
0.9596722419748052
0
0.9562007211196497
0
0.959192464288621
0.9676377950483243
0.9681592950193304
0.9683381762181587
0.9594076324051377
0.9581548240379367
0.9557601415754785
0.9740092962728448
0.9686653355468783
0.9593216370754741
0.9565295451126178
0.9686890084243022
0.9535268875388915
0.9517928044903105
0.9528170823970973
0.9791950963009617
0.9721216280843984
0.972251106028708
0.9742908829898136
0.9696121331719562
0.9606881534502474
0.9567609765432946
0.9456367214911878
0.9657127001062005
0.9510068727165216
0.9682852893625618
0.9548484818079254
0.9723081386366135
0.9606514021742271
0.9488611154111741
0.9669520815100584
0.967179961860776
0.9633519899264772
0.9729926888772372
0.9744926227115233
0.9632074432975993
0.9664336413358463
0.9650386460482689
0.9500703476436873
0
0.9665010863389175
0.962769284252579
0.9636917364305365
0.9736295661947626
0.9670040947276874
0
0.9704159506880232
0.9572334097460078
0.9676057944749968
0.9674945127401045
0.9658574932838973
0.9588258242083832
0.9705011855307526
0.9696414816860867
0.9589123828953681
0.9679866121693819
0.9585623011068616
0.9572186126538791
0.968361183141819
0.9665671878988498
0.9575673832659545
0.9627114753948157
0.9614891184419778
0.9580076464959624
0
0.9702861952695452
0.9604193214431458
0.9597385087156776
0.9621836660633144
0.9651846615792612
0.9614737149710945
0.9677444759630971
0
0.9626347455829681
0.9687999524334608
0
0.9719196960647689
0.9631322830019996
0.9679122863751307
0.9594106567885557
0.9697043594030432
0.9667397090827855
0
0.966401966307572
0.9727400555590594
0.9641413106761372
0.9475653279364978
0.9567238171251033
0.9719494494110186
0.9659075976600356
0.9684127954006801
0.9700900204488246
0.9684278131994676
0.9597178347784969
0.9707876858821111
0.9489714585096886
0.9707370018657843
0.9708999363389272
0.9599265777685082
0.9604879437448149
0.9650602475530194
0.953202975655009
0.9602089113748935
0.9721906801562298
0.9615476856296689
0.9702570575412373
0.9658179401487053
0.9684014817287212
0.9724447705611489
0.9663723602085202
0
0.9660092820469528
0.964860166344214
0.9669071974950435
0.9618980772453418
0.95718167066246
0.9592650970245066
0.9631244770970094
0.9756247334639057
0.9696914309670358
0.9716346236001112
0.9646143849083738
0.9700597248215879
0.9712297401522786
0.9713353512581905
0.9648206795833477
0.9561899119560844
0.9709056688846404
0.9539848918206286
0.9604436499165507
0.9602058060084979
0.9683552457148843
0.9586861622131424
0
0
0
0
0
0
0
0
0
0
0
0
0
0
0
0
0
0
0
0
0
0
0
0
0
0
0
0
0
0
0
0
0
0
0
0
0
0
0
0
0
0
0
0
0
0
0
0
0
0
0
0
0
0
0
0
0
0
0
0
0
0
0
0
0
0
0
0
0
0
0
0
0
0
0
0
0
0
0
0
0
0
0
0
0
0
0
0
0
0
0
0
0
0
0
0
0
0
0
0
0
0
0
0
0
0
0
0
0
0
0
0
0
0
0
0
0
0
0
0
0
0
0
0
0
0
0
0
0
0
0
0
0
0
0
0
0
0
0
0
0
0
0
0
0
0
0
0
0
0
0
0
0
0
0
0
0
0
0
0
0
0
0
0
0
0
0
0
0
0
0
0
0
0
0
0
0
0
0
0
0
0
0
0
0
0
0
0
0
0
0
0
0
0
0
0
0
0
0
0
0
