0.8330262751394293
0.8782659514568977
0.8568603051682949
0.8671753724668533
0.815470823070394
0.8922933358903206
0.8720319534656777
0.8688414421342472
0.9057341043662049
0.8458121210851892
0.8812517690538819
0.9006150998553433
0.8377630839552154
0.8963417833670418
0.888053938044434
0.8412711103225616
0.9161529636478059
0.8271648154881176
0.9141786249719667
0.8685405806264862
0.8413209670537515
0.8409248965543938
0.9129150619538986
0.8596618549516502
0.8861510672097141
0.9215708199150863
0.8761041198557907
0.8336269044528898
0.8810465681184423
0.8955428614759631
0.8631905171866776
0.9091982976432234
0.8875398398279993
0.8708859402068185
0.8936204633477073
0.9076654147107849
0.8623479755448072
0.8883396133768034
0.8208160736843118
0.9024712481326501
0.8474045655010103
0.8508207801670961
0.9170430096085459
0.8799545917077914
0.8560117343629475
0.8954492253302524
0.8974139256526208
0.9122033888724892
0.8704519880313573
0.8561082684457303
0.90966894296703
0.8858693022650753
0.8320378080743027
0.9006442640224531
0.8608178070313219
0.8739749960284573
0.8902424393065786
0.8750558419187171
0.8562002377827187
0.840113888689092
0.8971850955859495
0.8831243689997492
0.8724463953936974
0.8909369923991853
0.8932801303175465
0.8969975152948149
0.9004314292598556
0.8561878725997312
0.8765661354713158
0.8858252499337687
0.8547470605193102
0.9031586967809224
0.8865600527678144
0.8682812412356413
0.8715328798138352
0.8608461004103135
0.9026567839705428
0.8943140530595841
0.8605120556375192
0.8356746086602658
0.8674542493929693
0.8976012311252082
0.8504791759552853
0.9134920725837897
0.8730438367037439
0.8580574749961883
0.8600506381793324
0.899034218583435
0.8329044236749422
0.885139877629846
0.867747096755732
0.8925339822816754
0.900158881734702
0.8234507897773321
0.848318410294332
0.9084912753893939
0.8659341399044278
0.9117875635955277
0.8790598083332621
0.9236021882090767
0.87374986959127
0.9136661920191548
0.8430503399798555
0.8503354022641884
0.8866785027851307
0.9396829568108793
0.9283056306645957
0.8374420871834738
0.899073573649028
0.8369167524879074
0.9085314687818276
0.8976890658622466
0.8806927394690011
0.8827378441611827
0.859033304194476
0.8728386213300348
0.8999132035678398
0.8578682682364154
0.8804726563915632
0.8538379896886841
0.8589454692145484
0.8524638229599596
0.9261395308273311
0.8573175956857748
0.822560632524484
0.8746623237536064
0.8868604293969155
0.9074771207651
0.8547433176051628
0.8728685510375738
0.8318927568883445
0.8292561514202769
0.9070317457234471
0.8579323024460022
0.86042485673167
0.8688447293558471
0.9018987914148058
0.8829938622671314
0.9119561569322008
0.914369608688636
0.8987621475992178
0.8836417895414584
0.9052500226263442
0.899629420336831
0.933037752073021
0.8801148909416862
0.874226349516758
0.9267138515729462
0.8856933982220642
0.8659833445286511
0.8324326692762245
0.8764528862980494
0.8767481115307216
0.8808082238888648
0.9385707821106908
0.8975869020530644
0.8664220511194757
0.8887934652666495
0.8515134174160394
0.8862531117267638
0.8841096302647177
0.8310693137917281
0.8471686966271853
0.8641446417809265
0.8753196703446336
0.8932736805924885
0.8699637469414665
0.9027986847872193
0.8940707704270422
0.8822340844024725
0.8854476217214855
0.8914554092072213
0.8689042840530834
0.8466243759699461
0.9247741538145166
0.9045066530143586
0.8283884249716709
0.8586344623893597
0.8445716519598586
0.8594196008061441
0.8447807101316172
0.8548517493452722
0.8762470345741095
0.8581286826185767
0.8868249328454051
0.9251561710595645
0.8495670033651801
0.8996886814210395
0.8261983358678698
0.8623858933522609
0.8993437216895069
0.8514845168757789
0.9150538762167184
0.825758824484783
0.8891920829215242
0.8376142194811812
0.8786323677575694
0.8878251571430125
0.8622768879910332
0.9068193889219872
0.840924519185377
0.8697949670567996
0.8288913972150463
0.8665757413071402
0.8562361974735337
0.8501497715395984
0.8684681508797732
0.8630624381873603
0.8951459453499687
0.9014116464303841
0.8792380085364824
0.8562069267651768
0.8954485134482069
0.890811670556281
0.8452999064538189
0.9167101832894711
0.837532758451949
0.8457547203862557
0.8507866634996661
0.9086050173802094
0.9111279846488076
0.8944257475568453
0.9175796329109019
0.8704072381509158
0.9250471903503965
0.8780914430039961
0.9020174721320499
0.9121722404157596
0.8739457104507257
0.8593957260037288
0.8311029002045812
0.895140285266581
0.8392257809532667
0.9079359787839151
0.8781922474313149
0.8379541884485202
0.8658162620098403
0.8761047978711052
0.8647928105254605
0.8721630744809723
0.8947252766939491
0.8473505544231412
0.8664917783971489
0.945449547347105
0.8566580783844316
0.9020800718098513
0.8562486657276208
0.8591421923341078
0.9043757535088441
0.8865256181439174
0.8821782515967471
0.8664641425990208
0.8687168256732325
0.9353717604017747
0.8554204761998221
0.8930236579293741
0.8836583254078136
0.8488872980896717
0.8335101716181812
0.9249462263766711
0.8445953838054711
0.882967855692735
0.8710032054320137
0.8020375915026438
0.8370521998629283
0.8787267714793878
0.8919515691353612
0.928048688016933
0.9161008453509988
0.8769687675904219
0.8865064623309219
0.843462556894114
0.8656162214787753
0.8397541410328352
0.898646072671885
0.8874238044482576
0.8814303552004499
0.877054628926504
0.8513711878628926
0.836640583145026
0.900688908196553
0.8928672183426136
0.8640415759932609
0.8699374086238498
0.8961188787380673
0.8633455531936732
0.8446563647658144
0.9077915597035656
0.8513120261400843
0.844677266085546
0.8735373367139943
0.9033836464951982
0.8515919728652023
0.898952099063625
0.9066400217784648
0.8560936375092534
0.9011770171516346
0.8063557178072409
0.8604793185533948
0.8430453435727782
0.8379318828312032
0.880739818688435
0.8935014347644451
0.9249114635612152
0.8454906180292295
0.8567852660673702
0.8433127503254954
0.8650351390508683
0.848196364452994
0.9049663953964789
0.8777421656250999
0.9081825816704345
0.9164518466873266
0.8928149454027684
0.8962252294402347
0.8827681046204172
0.8380143990600117
0.8071052970668939
0.9230714644899789
0.9181473792684961
0.9006711762544274
0.9242303923293359
0.8818487612636741
0.8395116674286779
0.9146989741104896
0.8860049982448791
0.8516558119363522
0.8334352211833365
0.847625259542859
0.8860764356924428
0.8982658941641634
0.8597675539439155
0.8832431484442291
0.8772236821549486
0.8812789900473973
0.917604221614595
0.8806128604419926
0.8755696443576966
0.888902913652196
0.8533109388384864
0.9188416584668008
0.9318506996410495
0.8563708511734206
0.8389524475776946
0.9130735981889261
0.9223767509565153
0.8323706390864607
0.9011278760607142
0.8950051288692924
0.8972552488384481
0.8707765924432946
0.8736530741316503
0.8399994722191213
0.8654748427081128
0.9153545558590367
0.8731099671162056
0.9011770130186875
0.8988326940402839
0.9149965170638265
0.9277974261823629
0.9078704417383187
0.8947233255225628
0.8611053592044478
0.8901063021041468
0.8317590582927085
0.8329292211901037
0.8938799027784119
0.8926936991704711
0.8925089930460104
0.8952885485677864
0.833578092458875
0.8182344620684225
0.8989962529692276
0.8908389634415085
0.866240359775413
0.8452898133102229
0.8863726383305047
0.8899297051921768
0.8481115308006034
0.895399257154687
0.8710486710076871
0.9183191480038845
0.9047867166015522
0.8878629743920418
0.8887150371188074
0.9000296552632118
0.8391942606999201
0.8867311447208256
0.9092018755554795
0.8572789785400928
0.9069572582707826
0.8996302132017415
0.9056650077715095
0.895738035141722
0.8927765672165069
0.9234530578447396
0.891640625158232
0.9298192579786432
0.8713219966453376
0.868969882169981
0.8930753642423638
0.8729148783493953
0.8660446880062748
0.9150673878320429
0.8475175244176966
0.9034574925445683
0.8494804783631744
0.8884732708492435
0.8919209729443857
0.8824945539472259
0.9013693186768388
0.8767987981563483
0.8743203632941097
0.8460724503678172
0.886827753046877
0.8634685145048009
0.8695014703815367
0.849809006497003
0.8725211883343647
0.8362256729520419
0.8598311952546411
0.8478510599186118
0.8659513359975866
0.9345150468532817
0.8377261943116711
0.8637647244540683
0.8992139525860761
0.8945531358917241
0.8842882611768018
0.8844880273758422
0.9069766973609573
0.9187992240103872
0.8914971328119178
0.8930303841342191
0.9164550813386866
0.8898605769229002
0.8584292301184989
0.8510154255649486
0.9027181574473694
0.8943330004438403
0.8692506941909554
0.8753014690592935
0.8849929322047279
0.8259765402764655
0.8517538223411144
0.8811569749911602
0.9074609453202601
0.9002922909221297
0.8736607515190488
0.9025743028150763
0.8791683556765235
0.896876832670871
0.887835839331129
0.833191947182397
0.8319597888089751
0.8341324572959677
0.8565164384856554
0.8593376697164856
0.8938911585142424
0.8914363119588493
0.8629121942934743
0.8975974549941967
0.844732803815236
0.8650243875358414
0.9253767191475575
0.8758663490081
0.859709124456856
0.8776320415068144
0.8769962845241388
0.8879074165700978
0.8954025008597977
0.9150283896435109
0.9257208005061341
0.9051843624779583
0.8516949862229978
0.8714774349131068
0.8911682024051042
0.9020879022922796
0.8692479745955872
0.8691587852462321
0.9484795542720285
0.8949775204452391
0.9022196025022808
0.8693611493397989
0.9101980729870919
0.8726913236867654
0.8509584967093772
0.8907743231988114
0.8794862831849284
0.8631103959561387
0.8857239534831555
0.8839050641931786
0.8489051596471311
0.9117199232716339
0.8610768112215533
0.9146357652184344
0.931585556583116
0.8547962892695725
0.884996861214551
0.9273134753614682
0.8025337585311307
0.8238929779362966
0.8933363797017643
0.8643413037816846
0.8474207780832165
0.8266498403614644
0.8970199610118983
0.8842658781658628
0.8670493486680252
0.840530007902165
0.8009759840270797
0.8929126065578903
0.8791539675075588
0.8737621943571579
0.8870281929053289
0.8354720083744369
0.9074850005292772
0.8845840949313175
0.8687589273185031
0.844123155158106
0.828325421507926
0.9121440649872249
0.8479394748527137
0.8946727456988931
0.8522385336974967
0.9222397089522562
0.8362419105432418
0.8487853730924318
0.8237627816907421
0.8933329551089808
0.8826825433715246
0.8562338657190603
0.9013017931671672
0.908472018972059
0.8527814044044556
0.8731100732402222
0.916437010455565
0.9194674566752702
0.8945617925683608
0.8739782517057558
0.8944419473652433
0.8687102565328307
0.9207945107278243
0.919031112755066
0.8630464124450992
0.8629194382550158
0.8853801291484208
0.8576541872318046
0.8499648132182712
0.9092891662847231
0.9070321344522494
0.8730670631101067
0.8925398345788489
0.8638057878026179
0.8517843877179213
0.8647029662466033
0.8998639703971627
0.8985077604739303
0.8694265464528356
0.8577825574787973
0.8807075631300694
0.9112997629180212
0.8965164388312941
0.8393343501941689
0.8340792945125242
0.857525164829596
0.8613938691345921
0.888289861625213
0.8121807948742105
0.8252994817675436
0.8522246234122408
0.8081924911462994
0.8884257772219345
0.8665855659541702
0.9290476400346799
0.8644403150213479
0.8462261768306026
0.8866413068292098
0.8482379595481332
0.9311594326474638
0.8395082367218529
0.9018372666334482
0.8921402459764572
0.8670636010993199
0.845927382322918
0.8947702311185369
0.876743790538299
0.9259838807461627
0.9024352676636329
0.8815292449958998
0.8603001367965132
0.9278494881941001
0.8754821010542314
0.8953783373586739
0.8680931721172992
0.9023110464258185
0.9028757945114851
0.8612142665215609
0.8564963917567252
0.8639849031397204
0.9183851720694917
0.8465889765454032
0.9185485071193813
0.9139251615448396
0.8917207242490823
0.8920399209717996
0.8878275438377131
0.8725545436581129
0.8406221091098425
0.8923898191063518
0.8663373807217695
0.8742919291488025
0.9153939134625555
0.8761901517847169
0.8805447066515993
0.8640339743481986
0.8937369979995005
0.839178272589523
0.8868762875156713
0.8620872158723792
0.8921898410864761
0.9099748554125687
0.8602043844950826
0.8954215024904763
0.8425056036505746
0.8613986309748249
0.8736975694299245
0.8166340616545559
0.8584805690482741
0.8594195857610606
0.9126101038499584
0.8660277166875625
0.8417729887839771
0.9094844274611181
0.8956191172408282
0.8133893588505937
0.8615283952147518
0.8878165713109476
0.9076627330307601
0.9010312193080012
0.830611331734103
0.8557880999462183
0.827284435648616
0.9050733826238074
0.8714425935175732
0.8664986224187317
0.8479585166573113
0.9319431004277708
0.8548552735679767
0.9138996990387643
0.8573342550304759
0.8362461958450954
0.8726862732074065
0.8965275822671197
0.8916787406669286
0.8409277597492893
0.843954725546244
0.8786321408435493
0.8843308613571393
0.884557452851925
0.8901681006094437
0.8348234588582955
0.8692081207028118
0.8725433646705435
0.913443705412704
0.8576506296942279
0.8235047901832245
0.8965650803541589
0.8602898951964955
0.8518650293161523
0.9028925728988322
0.8417358108470357
0.884494068728797
0.8372798169618065
0.9083440407520494
0.8165176721464654
0.8623624698633144
0.8953044967891787
0.8671463483483817
0.8666324757809925
0.8409734883980027
0.8669333992114043
0.8661198862992701
0.867631000268868
0.8637370690076153
0.899334934047017
0.9310198462197947
0.9040165973951045
0.9254676238065838
0.8558319094707223
0.8886423668039544
0.8648599751819162
0.9099887083106825
0.8590299712759559
0.8707631675300275
0.9043798971160663
0.8832636530427092
0.9385003655256221
0.892231897929181
0.8738568445009938
0.8627560522986224
0.8851669017539564
0.8505419627385373
0.906199006577397
0.8810523896367842
0.9256658729801972
0.8476068290995916
0.9004417797061196
0.8608546457414762
0.9071656514163199
0.8829228842051137
0.8983255668462066
0.8858753296205261
0.8271963848792044
0.9161752042097521
0.9045814130315768
0.8398190741257122
0.8895287236644625
0.8852915049666237
0.9007976989952549
0.8383312241361631
0.924870077796964
0.8567968496763915
0.8564527433675796
0.8435368536773628
0.8771577939808745
0.8768158565839231
0.862343672767247
0.9136636612044237
0.8634679399522693
0.888376488142177
0.9051936239313411
0.8376194252107207
0.8741411678643407
0.8867733148727843
0.8777809869512198
0.857966849142152
0.8911241568526616
0.8902874418937686
0.8395864741517323
0.8662837434720929
0.8970386827390662
0.8726727611465876
0.8847898401320692
0.9171386845274568
0.8469242297921286
0.9155560152081933
0.8640215643526431
0.9026504000221959
0.8535973782018611
0.9041870751345833
0.8310576409585432
0.8665228748733287
0.8752158437817167
0.8539595160808879
0.8334305266353014
0.8517316706638265
0.8886687414305063
0.8920333580219099
0.9104303386606892
0.8328640329574338
0.8783543879268064
0.8972288581526766
0.8665543225956995
0.9003695651529494
0.8873579278757869
0.8448395690421951
0.8251857833171575
0.8976067447130437
0.8858166210896489
0.8549298625855916
0.8724622202584915
0.854359140679545
0.8652915226894531
0.9078374230753106
0.9119914689582895
0.8661246874370501
0.8870983921173372
0.8344667146603507
0.8712093614784183
0.871366840916306
0.9175675734557137
0.8962198335523013
0.8355778337206275
0.8905596046158754
0.8684040543106777
0.8125927712363724
0.8771658471433772
0.904638759491492
0.9014911530886438
0.8721006088090777
0.8465540229935131
0.9050029956112446
0.9245596588299801
0.8967921570905079
0.8349196171012676
0.8882626389302489
0.8686679624312964
0.851576963220007
0.8713742754799721
0.8526552222184314
0.8762593785328862
0.9102071348241494
0.9045963456880411
0.8562759610071892
0.8735462746331812
0.9154734558628925
0.8980566483176621
0.9102834340346796
0.8507626650516481
0.8731458015017378
0.8609150345324554
0.8464253579231563
0.8649093065365887
0.8334015277295809
0.8795238359231168
0.8925799761239316
0.8571066594449541
0.8807601456754327
0.8301436964276234
0.8838515556465076
0.8946988199379953
0.8611537674296635
0.8856608595837551
0.8488976616842444
0.8138180693544332
0.8007347118735342
0.8690051535225499
0.851253646056857
0.8857074248055028
0.9214593024487784
0.8415078419603083
0.866581307702584
0.90765847122391
0.8914549481761972
0.8728762286015381
0.8225325940739698
0.9074757248860448
0.8551679954694698
0.8030335934796574
0.8515360211406506
0.9277215844027723
0.8327092451851493
0.877738630732921
0.8666165901275875
0.8387954483903145
0.8661018256665445
0.8374736929435617
0.9060109374360178
0.9111022641325496
0.8900661531003198
0.8900265042392647
0.9004569997774708
0.8972565135726248
0.8251877676269007
0.884088288713495
0.9170509876049238
0.8806121233898627
0.8885641805292768
0.903431649010344
0.8834668602006017
0.9274598268747835
0.8712159728757624
0.9059345003165158
0.8629857434834933
0.8883420612382373
0.925113734349663
0.8580577268564105
0.8586754151111052
0.8976397990736414
0.8899487847669205
0.920845277631772
0.9097662152064969
0.8483902957070744
0.9117636417025499
0.8985981950955603
0.8942250471972449
0.887725464795061
0.8740329778997251
0.8715065447645862
0.8699352835481887
0.8844508181948999
0.8802144491970769
0.8761363598232875
0.8526121538758582
0.9003582947459999
0.9291461796337461
0.885449508020048
0.8452139880794949
0.9008554832481401
0.8950593376512657
0.9044382553120408
0.8438021684261593
0.8731742052357341
0.8901658359888255
0.9004800178981468
0.9175806241987376
0.8975774373920188
0.8701463775570802
0.9067238336322306
0.8768698559377565
0.8968385723783634
0.8611458692602642
0.9154771001885605
0.8517822228817097
0.9113651278231119
0.8319046255146616
0.8307933112369279
0.8437556904410474
0.8977211071223582
0.804541213961873
0.8904305479422406
0.8073984022630559
0.9000601759029115
0.9110334287368366
0.8696849650366234
0.8425433774084553
0.8670036311291296
0.8955308243959921
0.911095688418052
0.8282836406799022
0.8973142301287267
0.9118948085347945
0.8770366147602838
0.8687361610858201
0.873193553573608
0.8471157979892375
0.8745005779987226
0.8442121658006222
0.9031308475120394
0.9046199246346497
0.8753668981130737
0.9121135036055763
0.8981352939116171
0.8860225511465295
0.8676881850637282
0.8468339329452516
0.8802469256013865
0.8827241740726299
0.8817899921771246
0.874997060507768
0.8533269164864977
0.8758878799828913
0.9136975086754267
0.9078265389922625
0.8572525708723975
0.8386047358514798
0.8248058966146044
0.9139666737944463
0.8511116247106751
0.8844682438983924
0.9026710378297562
0.8649387202755652
0.8877471672180876
0.8757239205951179
0.8236177018740559
0.9120804031715327
0.898170164623015
0.901576940548263
0.854123563383726
0.9035333238806749
0.8697804116077293
0.8978746587871879
0.8706220106451003
0.926045507808073
0.8328402206177876
0.8636549241789561
0.8669675875382648
0.9039573303601764
0.8758422482501838
0.8605505221966968
0.8364364136059711
0.8422135279623431
0.834926175260531
0.8307897129340213
0.9071613862665319
0.9170293277825751
0.8852041186337921
0.8250481725387419
0.8892984744732906
0.8835308940890677
0.8775596245795682
0.8312780921174928
0.8700378866825085
0.896245547093901
0.8856957839835662
0.8779605422445899
0.8865638054989758
0.8256154370618513
0.8305713481464253
0.8617621798213557
0.8754657198713174
0.8816272916010259
0.9094778755912661
0.9070002197507541
0.883190230470443
0.8430746126027605
0.8837754740206472
0.9304690717359746
0.8760422765233662
0.9261054476846174
0.8908949402461339
0.8415422121280147
0.8671775931425165
0.8555994587970557
0.8775921522304498
0.8386646246075701
0.8390980313657372
0.867167889580535
0.8337582547886879
0.8818749060067017
0.7930401349039403
0.8683264010594625
0.9015539084636004
0.8990033176398943
0.8706010708918457
0.8668010429089525
0.8525450060518616
0.7815140952810925
0.8966599201943524
0.8315234653263734
0.8686938306848105
0.7417545824427466
0.7686712829336656
0.8553152304669357
0.8323158264205706
0.8446264661814142
0.8444807703039735
0.8803164973057235
0.8931133114458597
0.8805879924752101
0.9354024620292096
0.8779362882592977
0.8629167851919392
0.8753815980212469
0.8475295142896027
0.8214299806816234
0
0.9157000070397779
0.9084603474911676
0.8845333349003016
0.9009652991289798
0.8883012201354783
0.9002763139265859
0.8774569185141708
0.8498549120176438
0.8917161253820738
0.888133827514421
0.8946136753697359
0.8961056168662175
0.9272808880639956
0.8947936350683253
0.8894009374372459
0.8717087459914883
0.9102741334581692
0.8787725989591653
0.8321270063775458
0.750751463339342
0.8783094273325334
0.8474593517960798
0.8656514905224204
0.880202906827076
0.8836378501861928
0.8865691421031301
0.89198982195894
0.9002403079546996
0.9044056614421212
0.8937176599938985
0.7648325168903383
0.8929907506994037
0.9049775463104678
0.9039366150602115
0.8681266441406581
0.8830109827216907
0.9017999848933729
0.8486667578363484
0.9088361632565181
0.8820263213708338
0.8797405900800497
0.8317323329737366
0.8101300665535385
0.8358265343104293
0.8333024940096331
0.8350220923511115
0.8973696127413405
0.9092402459672905
0.8653372245059816
0.8512605250504834
0.8397966217587227
0.8327358598604776
0.865236149886995
0.8729637091056252
0.8447381971163423
0.8453597703930014
0.8433895509495257
0.7959651866528205
0.8582783715407886
0.8774911918237932
0.8225771781560489
0.8697502484030908
0.9172104727264873
0.8689579693525321
0.8859199570882178
0.8588631410597971
0.7103083856497974
0.8422619690557458
0.8856900175453325
0.8640778572295854
0.8818173913826143
0.8899366655316777
0.9103007051435993
0.8701677807455285
0.8624121817834158
0.8741677232349349
0.8814169239787427
0.8258494475068945
0.8561755305581898
0.8239848924488473
0.8765326308526572
0.850266100779746
0.8542547330938983
0.882854907503789
0.888618999993369
0.8604112559823135
0.8404288324108738
0.8470229044947273
0.877194324091555
0.877138220772555
0.8872755062512172
0.9000322567943294
0.914470728675008
0.8308515813067964
0.8873283162085916
0.8870881723697017
0.8844587548489232
0.8643836313768076
0.8485158359648887
0.8418668336907829
0.8237603582219859
0.8392182388578784
0.8539548648114361
0.8566828846329806
0.9120532475584208
0
0.8685276311665223
0.9119479559961635
0.8865449097129469
0.8931047667135507
0.8463785696685278
0.9134149516336018
0.7718496282335443
0.8786540702337138
0.8981299478222128
0.8543852336076618
0.8800320126793614
0.8401668326599192
0.8932214827791185
0.8595255787029203
0.8246917837229677
0.7635603132860299
0.871816198930842
0.9079005711279059
0.8719544672829856
0.7991835303603677
0.8839982403793217
0.8396379352725983
0.8663164275424179
0.8638093427236301
0.8633853833945968
0.8931904245550485
0.860177559172709
0.8586618242117148
0.888348401476095
0.8663146956841361
0.8750892924403779
0.8617509482167358
0.9016659890012997
0.8896896763878783
0.9090671179667181
0.8944121052164689
0.8900749797961505
0.9282635420533915
0.8412097133119741
0.8511452040014527
0.8569190158512845
0.8917901597304694
0.8291206817238189
0.85239501046023
0.885904822586374
0.790162511678697
0.8819252825911471
0.8010995678089696
0.9159058267642154
0.861374224385446
0.89207366435226
0.8338836618105014
0.8654586161156369
0.8881283271359384
0.9141445921660143
0.8881135522983304
0.8879409768798042
0.9072435337597904
0.856216466739973
0.903258530593733
0.8841101667939115
0.8334184992502027
0.8999042616440576
0.8490683676864446
0.8839011175386272
0.8464432357169269
0.8423197312241684
0.8540934920208676
0.8251998533508836
0.8689605835111163
0.856247708147825
0.8879339886148805
0.8762499797655594
0.8396444359084612
0.8645428140551207
0.9043733766644603
0.8524330526051339
0.8572305978440693
0.8706627816732347
0.8813204565850261
0.8944786530617074
0.8402736553411272
0.873893015964412
0.8360706931139902
0.8804827510567578
0.8553983919028657
0.8572807296473819
0.9275163554569884
0.8535615202049954
0.883762108575166
0.8492758044885881
0.8148131758141456
0.8846168447456197
0.8388165867666882
0.8879002835372348
0.8362056801332997
0.801838984754047
0.8806772471634617
0.8973120339116516
0.8982853443221709
0.8781323674979427
0.8247998006767487
0.821748786455207
0.8437402292821494
0.895110076201447
0.8050721545146315
0.8773530468234018
0.930491033129366
0.8403361489189063
0.8347092725008519
0.8558010570984156
0.8418267599085177
0.8464004056561473
0.8661595098695152
0.8266346218062606
0.8897446181380708
0.9014463754234379
0.8552293262674792
0.8557873445278141
0.8632755662059916
0.8331635405015283
0.8877403943027877
0.8663124223823027
0.8087806661930017
0
0.8899940242523686
0.886515003463732
0.8625628882569083
0.9142484859752759
0.8788887552589197
0.8241024706044094
0.8766898278185355
0.888945517830949
0.9181659011330338
0.8526664495408075
0.8187518215690024
0.8898429734044102
0.9021229564832205
0.8398770466282197
0.9168530604356228
0.8582772201426867
0.8906463631996653
0.8490019283752432
0.8763699190199042
0.9221604766218797
0.8769283322481224
0.8955135590758586
0.9195912430997363
0.8832649958097856
0.8986081302794132
0.8886228799685877
0.896460404977866
0.9262871280244347
0.8741992780079273
0.9034729219165565
0.8364039615532953
0.8798406141500603
0.9173116305446191
0.8838448475578967
0.8053957584037422
0.913158349128663
0.8618143499826879
0.8051392828325735
0.9034585055002209
0.851062844301974
0.9277611186643314
0.8640166322845781
0.901496058238753
0.8801778337932037
0.8839926402669397
0.885931727113845
0.8979795991190828
0.8429895522390464
0.8644341438243368
0.8368823854755532
0.8911095409708898
0.8825763667380498
0.8631005118622593
0.8894709683841541
0.862433277601786
0.9006127336876534
0.8873788160328995
0.8481967735305259
0.9007332026152678
0.874513422532778
0.9003593998915604
0.8600151628879235
0.881567498308978
0.883363269140858
0.8889241233051219
0.8774432137828474
0.8990723460763224
0.8445031361536942
0.9230620283039878
0.866260073912568
0.8341936993248736
0.852247470713305
0.8568904197203921
0.9130557634745765
0.8338533278412075
0.8610640702390794
0.8525491311837529
0.8453563584699425
0.8110397180300397
0.842347356042679
0.8413232461623186
0.8503210603956902
0.8054129916006085
0.8881249723069775
0.8767576137360137
0.8235845382473863
0.8803255564711004
0.833908780853707
0.8883352113020319
0.9299098445289972
0.8566400093657244
0.8744755466788686
0.8458908930105987
0.8849584298569073
0.7258621655426509
0.8504376260297443
0.8428020092743275
0
0.8859742786481504
0.873384998334132
0.8703928507397634
0.8783519229047854
0.8879502035829828
0.844350814873524
0.8669059855262891
0.8698630450418198
0.8926428475816653
0.9178559422718824
0.8614666935667687
0.8527689775373705
0.8249573593297848
0.828381988742019
0.8722264678800821
0.9071887784791732
0.9115421600176739
0.8753899608968941
0.8795539002556889
0.8609366665688424
0.8928221663898838
0.8281529327646276
0.9203668435783451
0.9172328485064467
0.9025094056963684
0.8946948555150678
0.8705955414116083
0.8381487663070121
0.8855962869014459
0.8579183691902089
0.9237124828456784
0.7926050767364474
0.8913296415885306
0.8883237446353275
0.8861696205334063
0.8878583926294993
0.8591511071978363
0.8346909103857169
0
0.8969284810794869
0.8470857604860161
0.8258823018752326
0.8837836295960397
0.917511566548255
0.8879082161490789
0.8662406118175604
0.8472574455679021
0.7841039819478666
0.8779773475199915
0.8727497994572712
0.8772414827621388
0.8118811659783849
0.8135734795390233
0.8711198646076184
0.8297091233282852
0.8389212359273853
0.8499174363691969
0.8273006867079151
0.8956179025561075
0.870474844404465
0.8485657620035766
0.8851447172317884
0.837544988023345
0.8412108065309929
0.8929383352930255
0.8409512084340055
0.887057155464854
0.9056708264768253
0.8940641146242927
0.8625905406150234
0.8716792497782538
0.7301879218280964
0.9298103778641177
0.854325618147884
0.8802246769301308
0.9176936908004742
0.8579055699795378
0.8419234048529305
0.8790202287075526
0.9058620991598809
0.8476121568660082
0.8762729055980553
0.9010725495140618
0.878698017417293
0.9008325743390658
0.9088345744778717
0.9140865658375166
0.8599708203708298
0.8215371257945616
0.8527951463084851
0.875163305653715
0.8261091800645007
0.8587846577019791
0.8986156349707174
0.8775744264523305
0.8440696712604854
0.8783306746109645
0.9046901881719639
0.9067285058966804
0.7913307136873085
0.8596244811388325
0.7946916170806777
0.8737015804418741
0.8215382483607805
0.8410337959713708
0.8910872734355998
0.8714073838942293
0.8172263793539918
0.9016192446043462
0.8877500897365406
0.8755887081864117
0.8613123604145775
0.8860320393635961
0.8454024995758714
0
0.8938139274342451
0.8440267628450878
0.7874666104895378
0.8855252098158061
0.7989072533910971
0.8859602981215837
0.8248128965727117
0.849579333570335
0.8542909949924269
0.8629901974339285
0.8811178059196862
0.8181441761960141
0.8606389937941156
0.8479972106839575
0.8616314072364588
0.8927313096071648
0.87923270286087
0.8661268163168766
0.80203811748677
0.8480481647146981
0.8673809167508004
0.8813177253150067
0.845661389915701
0.8795979558414919
0.7970737420227586
0.79351678426227
0.8329350611243703
0.862732828825821
0.8898641425422605
0.8841192865620353
0.88960937631031
0.9239286925317538
0.8174361766075139
0.8784470975565016
0.8120217959272772
0.8717401324990177
0.7579725320070311
0.8358058552580084
0
0.8931170258726114
0.9096757949527281
0.7957564199367148
0.8721644740215877
0.8540608938762533
0.7654067586875842
0.8972914420722357
0.8822074071315511
0.8212674238594837
0.8661210148923751
0.8195430343618049
0.9219130883983645
0.8369925721411413
0.8552447613594166
0.7971351901390424
0.8745975294650676
0.8414319363725511
0.8347128934200029
0.9135454081359994
0.8700866798340123
0.832712275178967
0.8015448922238304
0.8842015012692268
0.8794213357965441
0.8847671523304731
0.8931833324301092
0.8805051496880264
0.7963685821203823
0.7755125093313954
0.8282478646483263
0.86574972360087
0.8890971899695338
0.8834215143153912
0.8476484769739568
0.8625854387731199
0.8650443431048231
0.889633118808475
0.8901328816099042
0.8539610567383916
0.9290118352521505
0.8849506621379273
0.8898376333168136
0.8496607677322104
0.8353299851132052
0.8185971724211307
0.926687708957254
0.8909280530884819
0.8121933924832978
0.8891157127172593
0.8308409781355802
0.8365586777089778
0.8881493712585243
0.8778329990605108
0.8677332757541841
0.8757843988229125
0.8727631024661786
0.8497080883286703
0.8811111451728139
0.8727498442079343
0.8440584402125446
0.9112897186781936
0.8841576019124092
0.8673892193894954
0.8995941368930843
0.9096571079948879
0.8653284787784824
0.8838637669638709
0.8970598032530236
0.8360702805298704
0.8659735262614107
0.8614105739604614
0
0.8800365835093299
0.8989623804324214
0.9162091728803595
0.8677263670134411
0.8700028707700926
0.8459774675571098
0.8828988107055076
0.8523323250603657
0.8193929945047864
0.8970025268175404
0.7649350108787341
0.8462015728474095
0.8283625620758598
0.8571295422772622
0.8000310154547389
0.8566590767499013
0.7557645202942639
0.8693907878984558
0.8952998601256009
0.8550387512488109
0.8143602675570433
0.9207799062729107
0.8777852826013569
0.8611731125016111
0.8995224590003001
0.8442494554384254
0.8538667915954419
0.8984101020656653
0.8871981946245666
0.8985031841971507
0.8408708610303655
0.8532435031743169
0.8613064879625081
0.8960109568309061
0.8454337493302039
0.8626201562137742
0.8476025883342979
0.8169672151613092
0.8484706934439357
0.8718197923531212
0.8762776022641484
0.8698413561512677
0.8549515171879088
0.8965167620829629
0.8809646239219803
0.8378850619955579
0.8820452258305304
0.842212543202836
0.8808480551325897
0.891636198893299
0.884978528642361
0.8977977959524294
0.8974795090978801
0.8780041408646475
0.8806798693141762
0.8993543151954386
0.8621844350716412
0.8082161653372382
0.9007324449060904
0.8703528076531579
0.888693921326452
0.8890208854948696
0.8935288341275229
0.8781457010753388
0.8567073138048177
0.8030955769684159
0.8854235054259045
0.8146326887194535
0.87748463640506
0.8928759497354881
0.8340440859427392
0.8418726872068045
0.8995640567896107
0.822108550542206
0.8921917968258185
0.8683550805743074
0.8953873753071298
0.8610479703300924
0.8273630408706708
0.8353979614499962
0.8458950608934128
0.8867486591124493
0.8693146982086194
0.8632713799347422
0.8833342142644541
0.9033949804456969
0.8208832042420344
0.8664120919103486
0.8549756263813406
0.891579997503269
0.9117833535530437
0.8557875261922965
0.9130935481820878
0.8604856917444476
0.8703689124758007
0.8859725798760001
0.8878558173730539
0.8725474516749608
0.8499719906678862
0.8745177096237754
0.8061946992128611
0.9200449266557535
0.8507991286231823
0.8553677056382712
0.8950827234884383
0.7626394776165012
0.8354672704831976
0.9073233335457832
0.9376615483585858
0.8700004910748013
0.8480085029254183
0.9226318670206741
0.905478831613423
0.8224337656622929
0.8944285594986814
0.894836759890781
0.867748132805229
0.9098705473131105
0.9043958955539698
0.8769839173445676
0.8396198983637937
0.853995852762699
0.843876334185659
0.9094037328311376
0.8852187512909728
0.8103797053747204
0.8140238462256283
0.8828959979937957
0.9095996222149254
0.8813621606741344
0.8830795711669704
0.8345833840304253
0.8921450297185183
0.8833159321430601
0.9028490517622656
0.8726549184659658
0.8531950023821558
0.8568237456631712
0.8822364622783344
0.904783725484637
0.8549065696182659
0.864118332878361
0.8320083937024363
0.9050742863389181
0.8770211063471115
0
0.871679334185326
0.8847595518161462
0.8613482541528338
0.8444994880559616
0.8746868881245193
0.8373435101519128
0.879742546717173
0.873594006332624
0.7271782395463829
0.8752074555480791
0.8275202423634105
0.8909761388937264
0.8345157611259483
0.8989576564944056
0.8511540431802509
0.9045275815102678
0.8382766885986538
0.831455788918686
0.8621047979833761
0.8504251386150646
0.8868752539796388
0.8373167230904639
0.9035271475503505
0.8451637117044445
0.8633831532123106
0.8279891351894945
0.8237582888503421
0.8751168572654205
0.8371112699589182
0.9330012559587177
0.8861051821656404
0.8712126765701005
0
0.8905289108479622
0.8898182890469957
0.8200570728344276
0
0.8926444873778033
0.8549264375739938
0.8463581217503234
0.8629348869320662
0.8814792119168126
0.8946679128367897
0.8660987706854071
0.8337733641556614
0.8079726495735209
0.8941697331583465
0.8886350304145816
0.8927467850609612
0.8244769749573372
0.9001835064680598
0.7631786351878505
0.9012189548545471
0.8662220624944493
0.8508710617101201
0.7935532908097984
0.9059856889515437
0.8741056318837489
0.8763680252120221
0.8926771681024971
0.8561674847164383
0.8538212154190434
0.8444518627023465
0.8963847596293356
0.8370395155223406
0.8786591169787534
0.8824979635868401
0.825229267138726
0.8866051036706173
0.8936533382048678
0.8738091836925392
0.891748210541486
0.8724888780855067
0.8466176743955565
0.8325807313659364
0.9097403499430279
0.8959666576471371
0.8658917874940203
0.8922957698325791
0.9124694275198455
0.8898087846171664
0.8831294873500073
0.9129087291597546
0.9009501437912124
0.8529250898938643
0.8987934540395343
0.8753814446332526
0.8927058154163
0.8976977446165664
0.9177996986225602
0.886816042602582
0.8511100738856117
0.9056710707620963
0.8493903153480417
0.8862900274106371
0.8312859602852954
0.8799872426413027
0.8483111497728891
0.8146387459297229
0.8844699620450786
0.8348273578177241
0.8817485423356636
0.9190938025266127
0.8517935425810748
0.8415191690323097
0.8589467791353456
0.8919789587433418
0.8955623837598955
0.8174085949354656
0.9056627396175239
0.8498944785949091
0
0.8879975955704299
0.893830723080305
0.8665772879241417
0.8993724963527779
0.8564354188734047
0.8754781193333906
0.8293706489020891
0.90377309974244
0.8734166743018655
0.8891688430652291
0.8975780191906914
0.8210581281318751
0.8982175579125061
0
0.7984696653926211
0.8836143158137761
0.8941767378128666
0.8985809953195255
0.8948632847133319
0.8899744247820016
0.8770109596884108
0.8282007623822792
0.7684930438979356
0.8408856342313916
0.8580322386345874
0.8695982552880783
0.8784359297119401
0.867551538256365
0.8287142273938414
0.9099680132736317
0.8413973927810857
0.8458290162466982
0.8921823303049025
0.9007396363288845
0.90594173201062
0.9096974020691864
0.9102948670476126
0.8594713131458999
0.8485200541467576
0.9051505804641053
0.874798290901722
0.8995247729506087
0.8937850135477081
0.8672213174230211
0.8765558510002259
0.8339310165437509
0.8629667246272218
0.8483059808115321
0.8416763803315936
0.8319214018101777
0.8885220605775099
0.8903030217327361
0.8633016964738843
0.82588046046538
0.9310350192924504
0.9043665124366189
0.8725762447256609
0.855347910453571
0.873456339412013
0.8392439732715388
0.8624813520975227
0.8838669336749659
0.8420963492444551
0.8788491852169811
0.8734302161325816
0.8676890272786043
0.8388845822734827
0.8837177337977143
0.84805672326382
0.8908170221039434
0.8970454356665537
0.8685871382462778
0.9119104473553696
0.8848564197221856
0.8815907313275672
0.8800252994060243
0.8951916429699665
0.8277848022347828
0.8103575117208295
0.8797686060897424
0.8887488821238104
0.8869320581886103
0.8322085362164424
0.8570348359769238
0.8749512267693922
0.8811622967210712
0.8682611928572135
0.8958670905393747
0.9220984723739956
0.844266491295713
0.8222873882044865
0.8986925104783836
0.8232126661350962
0.8549431043983025
0.8868672517856607
0.9054529485717782
0.761215433196185
0.8883726469462911
0.8564694101538411
0.9223658271413216
0.8508130593187351
0.7457993868812907
0.7689952417551488
0.8852081553077602
0.879554104403567
0.8238285491277889
0.843786706749363
0.8161901027403557
0.8643740251525016
0.909831568077318
0.8921562107790295
0.8701416925001034
0.8742927162251547
0.8064498813831823
0.867496199751474
0.8920631162154146
0.8325949773324187
0.9109883232635837
0.8836397021526416
0.887553928291591
0.9099947697032797
0.8917679565070612
0.8946509115091676
0.8763958849930907
0.8111650202938897
0.846888258741483
0.876673210592051
0.8455648726832733
0.8552512959396155
0.8684931080641599
0.8933652969075716
0.8727054313378976
0.857212439611018
0.8679168693588869
0.9062448040780726
0.8458617814519267
0.8285145913273441
0.9321106165223608
0.8508690970754288
0.8557338265942102
0.9135263794862568
0.9047687470248695
0.8943689267975811
0.8522390263685811
0.8236668393196513
0.8821278683901954
0.8180007602789207
0.842157505567911
0.8888419716862151
0
0
0
0
0
0
0
0
0
0
0
0
0
0
0
0
0
0
0
0
0
0
0
0
0
0
0
0
0
0
0
0
0
0
0
0
0
0
0
0
0
0
0
0
0
0
0
0
0
0
0
0
0
0
0
0
0
0
0
0
0
0
0
0
0
0
0
0
0
0
0
0
0
0
0
0
0
0
0
0
0
0
0
0
0
0
0
0
0
0
0
0
0
0
0
0
0
0
0
0
0
0
0
0
0
0
0
0
0
0
0
0
0
0
0
0
0
0
0
0
0
0
0
0
0
0
0
0
0
0
0
0
0
0
0
0
0
0
0
0
0
0
0
0
0
0
0
0
0
0
0
0
0
0
0
0
0
0
0
0
0
0
0
0
0
0
0
0
0
0
0
0
0
0
0
0
0
0
0
0
0
0
0
0
0
0
0
0
0
0
0
0
0
0
0
0
0
0
0
0
0
0
0
0
0
0
0
0
0
0
0
0
0
0
0
0
0
0
0
0
0
0
0
0
0
0
0
0
0
0
0
0
0
0
0
0
0
0
0
0
0
0
0
0
0
0
0
0
0
0
0
0
0
0
0
0
0
0
0
0
0
0
0
0
0
0
0
0
0
0
0
0
0
0
0
0
0
0
0
0
0
0
0
0
0
0
0
0
0
0
0
0
0
0
0
0
0
0
0
0
0
0
0
0
0
0
0
0
0
0
0
0
0
0
0
0
0
0
0
0
0
0
0
0
0
0
0
0
0
0
0
0
0
0
0
0
0
0
0
0
0
0
0
0
0
0
0
0
0
0
0
0
0
0
0
0
0
0
0
0.7482889513247362
0
0
0
0
0
0
0
0
0
0
0
0
0
0
0
0
0
0
0
0
0
0
0
0
0
0
0
0
0
0
0
0
0
0
0
0
0
0
0
0
0
0
0
0
0
0
0
0
0
0
0
0
0
0
0
0
0
0
0
0
0
0
0
0
0
0
0
0
0
0
0
0
0
0
0
0
0
0
0
0
0
0
0
0
0
0
0
0
0
0
0
0
0
0
0
0
0
0
0
0
0
0
0
0
0
0
0
0
0
0
0
0
0
0
0
0
0
0
0
0
0
0
0
0
0
0
0
0
0
0
0.8150734330370526
0
0
0
0
0
0
0
0
0
0
0
0
0
0
0
0
0
0
0
0
0
0
0
0
0
0
0
0
0
0
0
0
0
0
0
0
0
0
0
0
0
0
0
0
0
0
0
0
0
0
0
0
0
0
0
0
0
0
0
0
0
0
0
0
0
0
0
0
0
0
0
0
0
0
0
0
0
0
0
0
0
0
0
0
0
0
0
0
0
0
0
0
0
0
0
0
0
0
0
0
0
0.7156987055870921
0
0
0
0
0
0
0
0
0
0
0
0
0
0
0
0
0
0
0
0
0
0
0
0
0
0
0
0
0
0
0
0
0
0
0
0
0
0
0
0
0
0
0
0
0
0
0
0
0
0
0
0
0
0.8321404193210306
0
0
0.7558348888385523
0
0
0
0
0
0
0
0
0
0
0
0
0
0
0
0
0
0
0
0
0
0
0
0
0
0
0
0
0
0
0
0
0
0
0
0
0
0
0
0
0
0
0
0
0
0
0
0
0
0
0
0
0
0
0
0
0
0
0
0
0
0
0
0
0
0
0
0
0
0
0
0
0
0
0
0
0
0.7039218948257252
0
0
0
0
0
0
0
0
0
0
0
0
0
0
0
0
0
0
0
0
0
0
0
0
0
0
0
0
0
0
0
0
0
0
0
0
0
0
0
0
0
0
0
0
0
0
0
0
0
0
0
0
0
0
0.7442798135426828
0
0
0
0
0
0
0
0
0
0
0
0
0
0
0
0
0
0
0
0
0
0
0
0
0
0
0
0
0
0
0
0
0
0
0
0
0
0
0
0
0
0
0
0
0
0
0
0
0
0
0
0
0
0
0
0
0
0
0
0
0
0
0
0.8131378443650393
0
0
0
0
0
0
0
0
0
0
0
0
0
0
0
0
0
0
0
0
0
0
0
0
0
0
0
0
0
0
0
0
0
0
0
0
0
0
0
0
0
0
0
0
0
0
0
0
0
0
0
0
0
0
0
0
0
0
0
0
0
0
0
0
0
0
0
0
0
0
0
0
0
0
0
0
0
0
0
0
0
0.7925633556436008
0
0
0
0
0
0
0
0
0
0
0
0
0
0
0
0
0
0
0
0
0
0
0
0
0
0
0
0
0
0
0
0
0
0
0
0
0
0
0.7612744452790997
0
0
0
0
0
0
0
0
0
0
0
0
0
0
0
0
0.7364546207345632
0
0
0
0
0
0
0
0
0
0
0
0
0
0
0
