(390, 20), (470, 24), (593, 2), (909, 7), (1004, 19), (1024, 12), (1068, 10), (1083, 18)
(253, 10), (332, 9), (582, 9), (914, 5), (987, 18), (994, 13), (1021, 15), (1056, 14), (1092, 24), (1111, 9), (1175, 20)
(308, 18), (340, 13), (380, 23), (411, 5), (660, 5), (720, 6), (812, 7), (858, 20), (955, 15)
(183, 14), (288, 18), (345, 11), (483, 2), (486, 23), (594, 23), (600, 11), (699, 14), (789, 9), (963, 14)
(409, 18), (464, 13), (491, 5), (558, 15), (614, 7), (667, 20), (724, 6), (727, 5), (759, 23)
(137, 20), (237, 24), (338, 2), (639, 7), (833, 18), (842, 12), (924, 19), (1086, 10)
(342, 23), (466, 9), (633, 23), (984, 0), (1006, 17), (1018, 21), (1028, 20), (1053, 17), (1060, 20), (1079, 8)
(267, 18), (320, 13), (398, 5), (448, 23), (634, 5), (672, 6), (1062, 7), (1063, 15), (1072, 20)
(315, 10), (393, 9), (438, 9), (746, 24), (749, 14), (769, 9), (785, 20), (794, 5), (1008, 18), (1211, 13), (1371, 15)
(345, 23), (503, 9), (663, 0), (706, 23), (963, 21), (1071, 8), (1135, 20), (1138, 17), (1207, 17), (1268, 20)
(178, 14), (298, 18), (380, 11), (599, 2), (750, 23), (858, 23), (1013, 14), (1030, 11), (1044, 9), (1138, 14)
(336, 23), (384, 9), (470, 23), (872, 0), (874, 21), (1107, 17), (1435, 20), (1466, 8), (1594, 17), (1660, 20)
(177, 10), (279, 9), (549, 9), (914, 5), (1032, 14), (1040, 15), (1070, 18), (1076, 9), (1092, 20), (1153, 24), (1265, 13)
(178, 10), (279, 9), (285, 9), (293, 5), (350, 9), (525, 24), (876, 20), (1036, 15), (1050, 18), (1067, 13), (1088, 14)
(370, 20), (431, 24), (459, 7), (522, 2), (648, 18), (703, 10), (730, 19), (750, 12)
(44, 14), (160, 18), (257, 11), (429, 2), (718, 23), (817, 23), (1110, 11), (1252, 14), (1304, 9), (1482, 14)
(160, 23), (367, 9), (585, 23), (929, 0), (1045, 20), (1082, 8), (1187, 21), (1262, 20), (1297, 17), (1365, 17)
(283, 14), (381, 18), (424, 2), (478, 11), (647, 23), (687, 11), (746, 23), (774, 14), (785, 14), (890, 9)
(301, 14), (414, 18), (483, 11), (643, 2), (908, 23), (1006, 23), (1048, 14), (1073, 14), (1165, 11), (1222, 9)
(225, 14), (423, 18), (469, 2), (510, 11), (532, 23), (644, 23), (1050, 11), (1179, 9), (1221, 14), (1411, 14)
(22, 18), (79, 13), (178, 23), (181, 5), (317, 5), (336, 7), (347, 15), (436, 20), (451, 6)
(16, 10), (72, 9), (254, 5), (294, 9), (530, 9), (714, 24), (850, 18), (866, 20), (900, 14), (1018, 15), (1035, 13)
(191, 14), (279, 18), (304, 2), (336, 11), (559, 23), (721, 23), (1001, 11), (1173, 9), (1179, 14), (1253, 14)
(40, 20), (128, 24), (208, 2), (503, 7), (718, 18), (911, 19), (930, 12), (1172, 10)
(270, 18), (335, 13), (438, 5), (689, 23), (758, 5), (771, 6), (998, 20), (1019, 15), (1078, 7)
(13, 18), (68, 13), (181, 5), (463, 23), (786, 5), (1024, 7), (1070, 6), (1101, 20), (1112, 15)
(67, 14), (182, 18), (203, 2), (264, 11), (356, 23), (457, 23), (806, 14), (874, 11), (913, 9), (970, 14)
(233, 18), (269, 13), (359, 5), (606, 6), (612, 5), (675, 23), (756, 15), (775, 20), (791, 7)
(4, 18), (49, 13), (122, 5), (353, 5), (355, 23), (515, 6), (597, 20), (625, 7), (704, 15)
(445, 14), (553, 18), (591, 2), (636, 11), (972, 23), (1017, 9), (1038, 14), (1065, 14), (1092, 23), (1217, 11)
(399, 20), (434, 24), (521, 2), (846, 7), (1029, 18), (1030, 12), (1039, 10), (1101, 19)
(410, 18), (447, 13), (471, 23), (500, 5), (519, 5), (759, 6), (1054, 20), (1076, 15), (1083, 7)
(173, 10), (223, 9), (511, 9), (847, 20), (856, 24), (900, 5), (921, 9), (928, 14), (1031, 13), (1047, 18), (1063, 15)
(470, 20), (583, 24), (583, 18), (587, 19), (614, 12), (666, 7), (777, 2), (923, 10)
(248, 14), (440, 18), (515, 2), (539, 11), (875, 23), (935, 23), (1005, 14), (1033, 11), (1142, 9), (1146, 14)
(357, 10), (395, 9), (600, 9), (938, 5), (1021, 13), (1047, 18), (1068, 14), (1110, 9), (1191, 15), (1224, 24), (1369, 20)
(273, 10), (336, 9), (605, 9), (969, 5), (1038, 9), (1066, 13), (1082, 18), (1097, 15), (1151, 24), (1156, 20), (1268, 14)
(278, 20), (383, 24), (476, 7), (562, 2), (604, 18), (612, 19), (622, 12), (948, 10)
(268, 20), (358, 24), (534, 2), (832, 7), (1026, 18), (1087, 10), (1090, 19), (1116, 12)
(127, 20), (202, 24), (291, 7), (373, 2), (538, 18), (763, 19), (776, 12), (836, 10)
(1, 10), (109, 9), (316, 9), (323, 5), (521, 9), (655, 24), (719, 14), (766, 20), (1040, 15), (1056, 18), (1200, 13)
(401, 20), (435, 24), (484, 7), (495, 19), (500, 10), (514, 2), (523, 12), (538, 18)
(389, 20), (468, 12), (489, 24), (501, 18), (512, 19), (596, 7), (684, 2), (789, 10)
(174, 20), (220, 24), (334, 2), (623, 7), (816, 18), (899, 19), (900, 10), (924, 12)
(221, 18), (265, 13), (379, 5), (613, 23), (734, 5), (803, 6), (995, 7), (1006, 20), (1094, 15)
(179, 10), (279, 9), (442, 5), (457, 9), (840, 9), (993, 24), (1025, 15), (1051, 20), (1073, 18), (1145, 14), (1290, 13)
(232, 20), (312, 24), (497, 7), (510, 2), (607, 18), (697, 19), (710, 12), (1030, 10)
(464, 20), (538, 24), (646, 2), (825, 18), (886, 7), (888, 19), (903, 12), (1090, 10)
(178, 14), (264, 18), (336, 11), (476, 2), (562, 23), (628, 23), (920, 11), (1022, 14), (1058, 14), (1078, 9)
(25, 14), (195, 18), (271, 11), (468, 2), (602, 23), (712, 23), (803, 14), (819, 11), (857, 14), (928, 9)
(243, 20), (354, 24), (386, 7), (426, 2), (724, 18), (794, 19), (812, 10), (883, 12)
(117, 10), (197, 9), (288, 9), (290, 5), (630, 9), (698, 24), (919, 18), (988, 14), (1018, 20), (1112, 13), (1193, 15)
(59, 23), (186, 9), (344, 0), (371, 23), (668, 21), (799, 17), (966, 20), (1006, 8), (1101, 17), (1165, 20)
(216, 18), (251, 13), (279, 5), (279, 23), (361, 5), (588, 7), (589, 6), (660, 20), (833, 15)
(306, 10), (345, 9), (410, 9), (750, 9), (778, 5), (854, 24), (1024, 20), (1051, 15), (1122, 14), (1382, 18), (1613, 13)
(9, 18), (72, 23), (84, 13), (114, 5), (200, 5), (574, 6), (926, 20), (964, 7), (1011, 15)
(382, 10), (432, 9), (624, 5), (637, 9), (721, 9), (982, 24), (1051, 18), (1058, 14), (1061, 15), (1093, 13), (1194, 20)
(58, 23), (142, 9), (298, 23), (627, 0), (738, 17), (744, 21), (843, 20), (872, 8), (1031, 17), (1084, 20)
(414, 18), (449, 13), (509, 5), (736, 23), (920, 5), (1060, 6), (1214, 20), (1230, 7), (1368, 15)
(76, 14), (277, 18), (364, 11), (390, 2), (520, 23), (566, 14), (604, 14), (644, 11), (674, 9), (690, 23)
(357, 18), (387, 13), (454, 5), (496, 23), (782, 5), (974, 6), (1043, 15), (1066, 7), (1173, 20)
(240, 23), (444, 9), (504, 0), (516, 23), (641, 17), (665, 21), (1002, 17), (1011, 8), (1036, 20), (1068, 20)
(355, 23), (474, 9), (622, 23), (652, 0), (1007, 21), (1300, 17), (1604, 8), (1625, 20), (1744, 17), (1744, 20)
(210, 23), (393, 9), (444, 8), (486, 0), (509, 21), (520, 20), (531, 20), (538, 17), (550, 23), (567, 17)
(294, 23), (386, 9), (596, 23), (1011, 0), (1054, 17), (1072, 8), (1085, 20), (1125, 20), (1202, 21), (1221, 17)
(128, 18), (191, 13), (303, 5), (352, 23), (649, 5), (876, 6), (1067, 20), (1091, 7), (1213, 15)
(428, 10), (499, 9), (783, 9), (953, 20), (1020, 24), (1037, 14), (1062, 5), (1066, 18), (1198, 13), (1348, 9), (1353, 15)
(123, 10), (183, 9), (338, 5), (358, 9), (697, 9), (1003, 24), (1008, 18), (1035, 20), (1054, 14), (1157, 13), (1260, 15)
(404, 14), (520, 18), (607, 11), (748, 2), (918, 23), (1006, 14), (1006, 14), (1011, 9), (1074, 23), (1177, 11)
(443, 14), (543, 18), (637, 11), (826, 2), (881, 23), (895, 23), (1064, 11), (1088, 9), (1098, 14), (1098, 14)
(327, 10), (420, 9), (586, 9), (937, 5), (1001, 9), (1064, 24), (1066, 20), (1099, 14), (1302, 18), (1309, 13), (1338, 15)
(152, 23), (250, 9), (416, 0), (437, 23), (484, 21), (667, 8), (695, 20), (719, 17), (1064, 20), (1090, 17)
(376, 23), (603, 9), (834, 23), (1043, 0), (1068, 21), (1088, 17), (1109, 17), (1171, 20), (1245, 20), (1277, 8)
(457, 10), (506, 9), (579, 9), (928, 5), (1004, 20), (1052, 14), (1058, 24), (1071, 9), (1299, 18), (1328, 13), (1402, 15)
(290, 14), (471, 18), (561, 11), (785, 2), (1079, 23), (1081, 23), (1221, 9), (1231, 11), (1235, 14), (1441, 14)
(448, 10), (530, 9), (701, 5), (737, 9), (880, 20), (902, 9), (928, 24), (959, 14), (1021, 15), (1035, 18), (1090, 13)
(202, 10), (265, 9), (301, 9), (696, 5), (821, 9), (984, 14), (1014, 15), (1016, 20), (1023, 24), (1111, 13), (1125, 18)
(348, 18), (378, 13), (491, 5), (531, 23), (664, 5), (995, 20), (1005, 6), (1012, 7), (1085, 15)
(389, 23), (450, 9), (515, 23), (906, 0), (1060, 8), (1088, 20), (1090, 17), (1142, 21), (1149, 20), (1373, 17)
(380, 18), (453, 13), (489, 23), (508, 5), (662, 5), (882, 6), (904, 20), (922, 7), (1059, 15)
(479, 14), (603, 23), (612, 23), (639, 18), (665, 2), (700, 11), (772, 11), (792, 9), (831, 14), (937, 14)
(10, 18), (60, 13), (94, 5), (146, 5), (166, 23), (184, 6), (235, 15), (256, 20), (294, 7)
(82, 23), (238, 9), (346, 0), (372, 23), (537, 21), (956, 17), (1020, 20), (1072, 8), (1374, 17), (1436, 20)
(106, 10), (182, 9), (254, 9), (672, 5), (696, 20), (721, 24), (751, 9), (858, 14), (886, 18), (1026, 15), (1098, 13)
(168, 23), (294, 9), (480, 21), (507, 0), (511, 23), (620, 17), (995, 20), (1075, 8), (1226, 17), (1293, 20)
(220, 20), (269, 24), (390, 2), (708, 7), (737, 18), (829, 19), (846, 12), (1066, 10)
(301, 18), (368, 13), (415, 5), (696, 5), (709, 23), (819, 6), (1034, 20), (1050, 15), (1073, 7)
(26, 18), (77, 13), (133, 5), (135, 5), (138, 23), (355, 6), (756, 20), (777, 7), (879, 15)
(295, 14), (470, 18), (560, 2), (572, 11), (703, 23), (815, 23), (844, 11), (1074, 9), (1117, 14), (1305, 14)
(490, 20), (583, 24), (606, 7), (713, 2), (929, 18), (1031, 19), (1059, 12), (1077, 10)
(177, 23), (273, 9), (500, 23), (836, 0), (916, 21), (1060, 17), (1075, 20), (1122, 8), (1266, 17), (1339, 20)
(198, 20), (248, 24), (276, 7), (377, 2), (403, 18), (588, 19), (605, 12), (642, 10)
(436, 23), (512, 9), (690, 23), (1099, 0), (1307, 21), (1464, 17), (1535, 8), (1627, 20), (1733, 20), (1771, 17)
(420, 18), (470, 23), (482, 13), (509, 5), (765, 5), (1018, 6), (1089, 20), (1109, 7), (1198, 15)
(263, 10), (336, 9), (579, 9), (951, 9), (990, 5), (1042, 20), (1110, 14), (1148, 24), (1221, 18), (1240, 13), (1275, 15)
(158, 20), (201, 24), (314, 2), (604, 18), (620, 7), (778, 10), (829, 19), (841, 12)
(110, 14), (242, 18), (335, 11), (494, 2), (635, 23), (670, 23), (1002, 11), (1005, 14), (1160, 9), (1176, 14)
(112, 14), (221, 18), (316, 11), (545, 2), (840, 23), (913, 11), (947, 23), (970, 14), (1026, 9), (1054, 14)
(306, 20), (344, 24), (361, 18), (419, 19), (447, 12), (450, 7), (509, 10), (512, 2)
(110, 18), (182, 13), (310, 5), (530, 5), (553, 23), (873, 6), (1021, 20), (1097, 7), (1205, 15)
(309, 18), (344, 13), (476, 5), (719, 23), (802, 5), (961, 7), (966, 6), (1029, 15), (1064, 20)
(100, 20), (160, 24), (233, 2), (452, 18), (475, 7), (674, 19), (699, 12), (763, 10)
(46, 20), (79, 24), (126, 2), (423, 7), (602, 19), (624, 12), (669, 18), (783, 10)
(251, 10), (348, 9), (492, 9), (516, 5), (739, 24), (767, 9), (908, 20), (1028, 14), (1099, 18), (1263, 15), (1307, 13)
(408, 10), (480, 9), (728, 9), (737, 9), (741, 5), (964, 24), (998, 20), (1070, 14), (1089, 13), (1186, 18), (1201, 15)
(384, 10), (475, 9), (657, 9), (1034, 14), (1069, 20), (1081, 5), (1154, 9), (1214, 24), (1305, 18), (1499, 13), (1679, 15)
(340, 20), (455, 24), (532, 2), (853, 7), (905, 18), (1023, 19), (1042, 12), (1071, 10)
(199, 10), (295, 9), (383, 9), (808, 5), (998, 9), (1140, 18), (1177, 24), (1223, 14), (1241, 20), (1284, 15), (1372, 13)
(313, 14), (428, 18), (496, 2), (509, 11), (684, 23), (734, 11), (787, 23), (1021, 9), (1028, 14), (1244, 14)
(143, 23), (192, 9), (307, 0), (318, 23), (616, 21), (764, 17), (1039, 20), (1041, 8), (1343, 17), (1343, 20)
(57, 20), (121, 24), (138, 2), (343, 18), (427, 7), (499, 19), (650, 12), (946, 10)
(211, 20), (324, 24), (356, 2), (626, 7), (720, 18), (793, 19), (816, 12), (1057, 10)
(237, 14), (396, 18), (484, 11), (673, 2), (905, 23), (1007, 23), (1029, 14), (1131, 11), (1164, 14), (1276, 9)
(299, 23), (344, 9), (445, 23), (852, 0), (1021, 21), (1068, 8), (1075, 17), (1128, 20), (1285, 17), (1290, 20)
(145, 23), (332, 9), (520, 23), (913, 0), (1000, 21), (1200, 20), (1235, 8), (1238, 17), (1382, 17), (1450, 20)
(496, 10), (602, 9), (895, 9), (964, 9), (1058, 5), (1123, 24), (1314, 20), (1426, 14), (1659, 18), (1702, 13), (1850, 15)
(189, 15), (214, 7), (218, 6), (229, 18), (261, 5), (270, 13), (289, 20), (322, 23), (369, 5)
(451, 20), (535, 24), (596, 2), (754, 18), (805, 19), (830, 12), (835, 7), (896, 10)
(23, 14), (222, 18), (284, 2), (309, 11), (511, 23), (724, 23), (833, 11), (971, 9), (1022, 14), (1028, 14)
(257, 14), (428, 18), (528, 11), (699, 2), (922, 23), (974, 23), (1020, 14), (1062, 14), (1178, 11), (1377, 9)
(8, 7), (16, 20), (65, 24), (113, 2), (309, 18), (523, 19), (674, 12), (746, 10)
(309, 14), (479, 18), (508, 2), (566, 11), (581, 23), (717, 23), (1031, 9), (1036, 11), (1064, 14), (1070, 14)
(261, 20), (358, 24), (368, 2), (611, 18), (679, 7), (813, 19), (826, 12), (1011, 10)
(3, 10), (56, 9), (266, 9), (692, 5), (961, 9), (1002, 20), (1025, 18), (1047, 24), (1109, 14), (1162, 15), (1176, 13)
(448, 12), (473, 20), (477, 18), (515, 24), (532, 19), (570, 7), (610, 10), (635, 2)
(271, 23), (445, 9), (577, 23), (946, 0), (1015, 21), (1021, 17), (1190, 20), (1252, 8), (1576, 17), (1644, 20)
(318, 23), (392, 9), (600, 0), (662, 23), (922, 21), (1118, 17), (1199, 20), (1231, 8), (1461, 17), (1548, 20)
(350, 18), (381, 13), (501, 5), (507, 23), (825, 5), (1002, 7), (1097, 6), (1099, 15), (1128, 20)
(360, 10), (449, 9), (486, 5), (516, 9), (533, 9), (750, 20), (772, 18), (788, 13), (802, 24), (832, 14), (995, 15)
(184, 14), (358, 18), (395, 2), (417, 11), (545, 23), (646, 23), (698, 11), (899, 9), (1003, 14), (1269, 14)
(469, 23), (514, 9), (736, 0), (780, 23), (936, 21), (1027, 17), (1199, 20), (1262, 8), (1357, 17), (1440, 20)
(442, 10), (502, 9), (763, 5), (793, 9), (1037, 9), (1095, 18), (1107, 24), (1147, 20), (1248, 14), (1304, 13), (1460, 15)
(73, 20), (123, 24), (240, 2), (498, 7), (652, 18), (668, 19), (721, 12), (790, 10)
(462, 23), (561, 9), (594, 0), (638, 23), (880, 17), (887, 21), (1033, 20), (1048, 20), (1065, 8), (1066, 17)
(471, 23), (526, 9), (772, 23), (1031, 8), (1037, 21), (1060, 0), (1073, 17), (1087, 20), (1193, 20), (1222, 17)
(300, 10), (367, 9), (474, 9), (477, 5), (643, 9), (709, 24), (889, 20), (1003, 14), (1053, 15), (1060, 13), (1069, 18)
(340, 18), (416, 13), (469, 5), (514, 23), (547, 5), (786, 6), (866, 7), (943, 20), (1004, 15)
(217, 10), (313, 9), (521, 9), (924, 5), (1035, 15), (1082, 9), (1170, 24), (1214, 20), (1318, 14), (1552, 18), (1743, 13)
(474, 10), (574, 9), (756, 9), (1024, 9), (1037, 18), (1048, 5), (1062, 15), (1079, 14), (1091, 13), (1131, 20), (1164, 24)
(407, 20), (468, 24), (546, 7), (614, 2), (855, 18), (949, 19), (967, 12), (1106, 10)
(47, 14), (138, 18), (196, 11), (199, 2), (292, 23), (395, 23), (404, 11), (686, 14), (719, 9), (733, 14)
(84, 10), (139, 9), (372, 5), (392, 9), (415, 9), (568, 20), (642, 14), (656, 24), (899, 18), (1119, 13), (1182, 15)
(141, 10), (165, 5), (201, 9), (228, 9), (412, 9), (589, 24), (594, 14), (622, 20), (711, 18), (1058, 13), (1113, 15)
(42, 18), (97, 13), (132, 5), (447, 23), (520, 5), (815, 20), (817, 6), (956, 7), (1027, 15)
(180, 14), (321, 18), (406, 11), (573, 2), (887, 23), (940, 23), (1084, 11), (1180, 9), (1195, 14), (1368, 14)
(131, 18), (172, 13), (229, 5), (499, 23), (670, 5), (980, 6), (1065, 20), (1087, 7), (1224, 15)
(339, 14), (518, 18), (618, 11), (759, 2), (767, 23), (933, 23), (1264, 11), (1272, 9), (1276, 14), (1586, 14)
(252, 18), (328, 13), (440, 5), (455, 23), (622, 5), (833, 7), (846, 15), (936, 20), (962, 6)
(389, 18), (467, 13), (597, 5), (638, 5), (646, 23), (974, 15), (997, 6), (1006, 7), (1079, 20)
(58, 10), (148, 9), (354, 9), (698, 5), (840, 9), (908, 24), (1065, 20), (1066, 13), (1086, 15), (1091, 14), (1296, 18)
(210, 23), (367, 9), (620, 23), (1038, 0), (1075, 21), (1178, 17), (1394, 20), (1451, 17), (1461, 8), (1534, 20)
(244, 10), (301, 9), (351, 5), (382, 9), (399, 9), (574, 24), (724, 14), (778, 20), (901, 18), (1010, 15), (1075, 13)
(419, 23), (480, 9), (574, 0), (574, 21), (593, 23), (704, 17), (897, 20), (933, 8), (941, 17), (1063, 20)
(119, 20), (177, 24), (297, 2), (583, 7), (743, 19), (765, 10), (773, 12), (793, 18)
(131, 18), (210, 13), (234, 5), (547, 23), (704, 5), (1053, 20), (1057, 6), (1081, 7), (1201, 15)
(364, 10), (438, 9), (497, 9), (877, 5), (1068, 9), (1082, 14), (1154, 18), (1267, 24), (1270, 20), (1386, 13), (1425, 15)
(100, 18), (166, 13), (228, 23), (254, 5), (433, 5), (806, 6), (1025, 20), (1044, 7), (1132, 15)
(110, 18), (149, 13), (219, 5), (496, 23), (815, 5), (1000, 20), (1055, 7), (1059, 6), (1197, 15)
(116, 10), (181, 9), (333, 9), (345, 5), (668, 9), (850, 24), (1090, 14), (1122, 20), (1148, 15), (1240, 13), (1267, 18)
(81, 23), (133, 9), (259, 0), (290, 23), (294, 21), (552, 17), (928, 20), (994, 8), (1237, 17), (1304, 20)
(118, 14), (258, 18), (315, 2), (335, 11), (504, 23), (604, 23), (1048, 11), (1070, 14), (1076, 14), (1190, 9)
(445, 23), (538, 9), (711, 0), (770, 23), (779, 21), (863, 20), (877, 17), (892, 8), (1016, 17), (1104, 20)
(174, 20), (212, 24), (418, 2), (684, 7), (873, 18), (1035, 12), (1067, 10), (1097, 19)
(4, 14), (149, 18), (193, 2), (201, 23), (224, 11), (300, 23), (520, 14), (532, 11), (581, 9), (749, 14)
(298, 10), (381, 9), (507, 9), (780, 20), (814, 24), (862, 9), (887, 14), (901, 5), (968, 13), (999, 18), (1086, 15)
(16, 18), (81, 13), (213, 5), (513, 23), (636, 5), (772, 6), (798, 20), (916, 15), (919, 7)
(373, 18), (446, 13), (487, 5), (499, 5), (515, 23), (654, 6), (742, 20), (879, 7), (971, 15)
(327, 18), (379, 13), (443, 5), (708, 23), (913, 5), (1005, 20), (1025, 6), (1044, 7), (1116, 15)
(331, 18), (368, 13), (476, 5), (745, 23), (832, 5), (884, 6), (895, 20), (926, 7), (1058, 15)
(69, 14), (229, 18), (293, 23), (295, 2), (298, 23), (302, 11), (436, 11), (624, 9), (661, 14), (984, 14)
(1, 20), (60, 24), (227, 2), (547, 7), (651, 18), (803, 19), (833, 12), (1073, 10)
(433, 10), (498, 9), (604, 5), (659, 9), (900, 9), (1061, 24), (1075, 15), (1236, 20), (1252, 18), (1308, 14), (1377, 13)
(163, 23), (240, 9), (357, 23), (720, 0), (1009, 21), (1039, 17), (1092, 20), (1137, 17), (1195, 8), (1282, 20)
(296, 14), (436, 18), (508, 11), (512, 2), (704, 23), (756, 23), (1092, 11), (1211, 14), (1276, 9), (1293, 14)
(449, 23), (651, 9), (762, 23), (963, 8), (1016, 20), (1024, 0), (1066, 17), (1075, 20), (1244, 21), (1284, 17)
(5, 20), (72, 24), (147, 7), (222, 12), (258, 2), (269, 10), (300, 18), (320, 19)
(67, 14), (229, 18), (283, 2), (328, 11), (456, 23), (559, 23), (743, 14), (780, 14), (868, 9), (896, 11)
(407, 14), (582, 18), (663, 11), (822, 2), (971, 23), (1012, 11), (1072, 23), (1200, 9), (1241, 14), (1529, 14)
(51, 10), (89, 9), (203, 9), (592, 5), (935, 9), (1016, 18), (1087, 24), (1138, 14), (1139, 20), (1153, 13), (1198, 15)
(481, 14), (588, 18), (657, 11), (843, 2), (1028, 23), (1031, 23), (1147, 11), (1261, 9), (1317, 14), (1520, 14)
(85, 14), (262, 18), (283, 2), (323, 11), (630, 23), (718, 14), (736, 23), (768, 9), (788, 11), (1000, 14)
(256, 18), (285, 13), (408, 5), (702, 23), (876, 5), (961, 7), (976, 15), (1049, 20), (1064, 6)
(231, 10), (310, 9), (426, 9), (737, 9), (765, 24), (796, 5), (1008, 20), (1012, 18), (1019, 14), (1167, 13), (1345, 15)
(230, 10), (286, 9), (495, 24), (514, 5), (525, 9), (548, 9), (583, 20), (655, 14), (754, 18), (987, 13), (1111, 15)
(79, 18), (113, 13), (157, 5), (469, 23), (578, 5), (680, 6), (866, 20), (969, 7), (1091, 15)
(120, 14), (255, 18), (297, 2), (319, 11), (369, 23), (476, 23), (698, 11), (920, 14), (961, 14), (1008, 9)
(125, 20), (198, 24), (305, 18), (335, 7), (374, 19), (401, 2), (483, 10), (504, 12)
(4, 14), (94, 18), (151, 11), (364, 2), (662, 23), (723, 23), (731, 11), (858, 9), (871, 14), (978, 14)
(468, 23), (661, 9), (938, 23), (1017, 0), (1036, 20), (1149, 17), (1153, 21), (1217, 20), (1246, 8), (1436, 17)
(144, 23), (231, 9), (316, 23), (707, 0), (885, 21), (1031, 17), (1158, 20), (1195, 17), (1220, 8), (1271, 20)
(234, 14), (391, 18), (488, 11), (688, 2), (879, 23), (978, 23), (1018, 11), (1020, 9), (1050, 14), (1065, 14)
(447, 14), (579, 18), (658, 2), (676, 11), (995, 23), (997, 23), (1254, 11), (1344, 14), (1393, 14), (1450, 9)
(77, 18), (139, 13), (193, 5), (214, 23), (273, 5), (335, 6), (347, 15), (367, 7), (410, 20)
(396, 18), (462, 13), (520, 23), (564, 5), (606, 5), (683, 6), (773, 20), (814, 7), (917, 15)
(396, 20), (493, 24), (621, 2), (948, 7), (1035, 19), (1063, 12), (1125, 18), (1184, 10)
(72, 10), (151, 9), (323, 5), (346, 9), (653, 9), (798, 24), (929, 18), (937, 20), (1011, 14), (1098, 13), (1168, 15)
(428, 20), (542, 24), (665, 7), (684, 2), (851, 18), (933, 12), (1038, 19), (1123, 10)
(113, 10), (164, 9), (253, 9), (583, 9), (628, 5), (762, 24), (827, 20), (872, 18), (910, 14), (960, 13), (1074, 15)
(422, 23), (496, 9), (604, 0), (653, 23), (790, 21), (953, 17), (1020, 8), (1036, 20), (1072, 17), (1156, 20)
(53, 20), (104, 24), (271, 2), (516, 7), (611, 18), (702, 19), (794, 12), (794, 10)
(407, 14), (542, 18), (607, 11), (618, 2), (956, 23), (957, 14), (1035, 9), (1059, 14), (1061, 11), (1075, 23)
(52, 18), (121, 13), (225, 5), (477, 5), (502, 23), (570, 6), (960, 20), (983, 7), (1090, 15)
(273, 23), (459, 9), (603, 23), (956, 0), (1015, 17), (1024, 17), (1075, 20), (1088, 21), (1244, 20), (1305, 8)
(238, 23), (358, 9), (599, 23), (611, 8), (617, 0), (650, 17), (680, 21), (681, 20), (683, 20), (701, 17)
(140, 14), (323, 18), (395, 2), (396, 11), (598, 23), (619, 23), (1029, 11), (1159, 14), (1174, 9), (1181, 14)
(393, 20), (449, 24), (483, 2), (771, 7), (926, 12), (928, 10), (1035, 19), (1097, 18)
(127, 10), (172, 9), (230, 9), (645, 5), (753, 9), (869, 20), (882, 24), (974, 14), (1021, 15), (1039, 18), (1041, 13)
(463, 10), (552, 9), (728, 5), (784, 9), (925, 9), (1021, 18), (1028, 14), (1122, 24), (1210, 15), (1221, 13), (1409, 20)
(238, 20), (302, 24), (390, 7), (430, 2), (703, 18), (846, 19), (921, 10), (923, 12)
(43, 23), (123, 9), (324, 23), (659, 0), (760, 21), (1032, 17), (1034, 17), (1039, 8), (1094, 20), (1338, 20)
(396, 20), (432, 18), (436, 24), (446, 12), (456, 7), (490, 19), (492, 2), (654, 10)
(184, 20), (287, 24), (328, 2), (602, 7), (766, 18), (820, 19), (928, 12), (1058, 10)
(187, 18), (209, 13), (287, 5), (301, 23), (555, 6), (631, 5), (768, 7), (797, 20), (896, 15)
(52, 20), (96, 24), (289, 2), (536, 7), (735, 18), (863, 12), (895, 19), (1069, 10)
(287, 18), (331, 13), (402, 5), (436, 23), (437, 5), (596, 6), (952, 7), (959, 20), (1029, 15)
(341, 14), (470, 18), (524, 2), (571, 11), (717, 23), (784, 23), (836, 11), (853, 14), (958, 9), (1039, 14)
(100, 23), (317, 9), (580, 23), (981, 0), (1021, 21), (1164, 17), (1424, 20), (1469, 8), (1489, 17), (1557, 20)
(158, 20), (191, 7), (246, 24), (261, 2), (464, 18), (524, 10), (536, 12), (556, 19)
(181, 23), (365, 9), (560, 23), (900, 0), (1027, 17), (1041, 20), (1087, 8), (1148, 21), (1170, 17), (1243, 20)
(420, 10), (476, 9), (642, 5), (643, 9), (681, 9), (753, 24), (841, 20), (941, 14), (1034, 18), (1131, 13), (1269, 15)
(80, 18), (138, 13), (216, 5), (471, 23), (767, 5), (832, 6), (858, 7), (882, 15), (910, 20)
(107, 20), (151, 24), (183, 2), (440, 7), (718, 18), (744, 12), (780, 10), (800, 19)
(411, 10), (483, 9), (577, 9), (1002, 5), (1060, 18), (1077, 13), (1084, 15), (1087, 14), (1226, 9), (1229, 24), (1520, 20)
(257, 18), (287, 13), (393, 5), (660, 23), (962, 5), (1055, 6), (1074, 20), (1097, 7), (1106, 15)
(426, 10), (449, 20), (498, 24), (505, 12), (506, 18), (535, 7), (591, 19), (593, 2)
(235, 18), (309, 13), (321, 7), (334, 15), (345, 20), (406, 6), (431, 23), (432, 5), (485, 5)
(281, 20), (334, 7), (363, 24), (375, 2), (549, 18), (600, 19), (680, 10), (685, 12)
(413, 18), (438, 20), (488, 19), (498, 24), (507, 7), (518, 12), (575, 2), (739, 10)
(444, 20), (494, 18), (529, 24), (540, 7), (635, 2), (705, 19), (790, 10), (841, 12)
(282, 20), (340, 24), (346, 12), (399, 18), (419, 19), (488, 7), (536, 2), (640, 10)
(482, 14), (674, 18), (770, 11), (973, 2), (1012, 14), (1061, 14), (1077, 23), (1080, 23), (1270, 11), (1444, 9)
(19, 20), (82, 24), (82, 7), (133, 2), (414, 18), (437, 12), (521, 19), (795, 10)
(315, 18), (368, 13), (437, 5), (478, 23), (514, 5), (606, 6), (891, 7), (958, 15), (981, 20)
(321, 23), (420, 9), (524, 23), (537, 0), (618, 21), (659, 17), (732, 8), (744, 20), (985, 17), (1047, 20)
(328, 23), (419, 9), (595, 0), (645, 23), (971, 17), (974, 21), (1003, 20), (1056, 8), (1088, 20), (1089, 17)
(484, 14), (587, 18), (668, 11), (853, 2), (1018, 14), (1073, 23), (1097, 23), (1169, 14), (1225, 9), (1229, 11)
(2, 23), (163, 9), (409, 23), (427, 0), (748, 21), (1016, 8), (1024, 17), (1045, 17), (1072, 20), (1084, 20)
(386, 18), (410, 13), (535, 23), (539, 5), (737, 5), (817, 6), (1108, 20), (1135, 7), (1268, 15)
(124, 10), (161, 5), (176, 9), (221, 9), (526, 24), (571, 9), (713, 20), (829, 14), (955, 18), (1038, 15), (1062, 13)
(132, 20), (226, 24), (342, 7), (373, 2), (566, 10), (618, 18), (648, 12), (726, 19)
(198, 20), (244, 24), (294, 12), (325, 10), (335, 7), (372, 19), (410, 2), (431, 18)
(449, 20), (537, 24), (697, 2), (978, 7), (989, 10), (1030, 18), (1044, 12), (1048, 19)
(281, 10), (347, 19), (349, 20), (356, 18), (358, 12), (382, 24), (439, 7), (457, 2)
(474, 10), (557, 9), (629, 5), (638, 9), (676, 9), (782, 20), (811, 24), (985, 14), (1155, 18), (1253, 15), (1346, 13)
(141, 14), (299, 18), (368, 11), (595, 2), (931, 23), (1032, 23), (1203, 11), (1387, 9), (1449, 14), (1689, 14)
(496, 23), (561, 9), (604, 0), (642, 21), (660, 23), (976, 17), (1035, 20), (1070, 17), (1127, 20), (1192, 8)
(475, 20), (531, 24), (734, 2), (1015, 7), (1035, 12), (1074, 19), (1077, 10), (1239, 18)
(1, 20), (39, 24), (193, 7), (233, 18), (239, 2), (310, 12), (335, 19), (483, 10)
(116, 20), (213, 24), (372, 2), (617, 7), (668, 18), (687, 12), (723, 19), (757, 10)
(12, 23), (236, 9), (506, 23), (888, 21), (917, 0), (1015, 17), (1283, 20), (1285, 20), (1327, 8), (1347, 17)
(293, 10), (348, 9), (566, 9), (887, 18), (929, 5), (965, 20), (973, 14), (1024, 24), (1082, 13), (1181, 15), (1187, 9)
(464, 10), (574, 9), (870, 9), (1053, 9), (1074, 5), (1083, 14), (1131, 18), (1162, 20), (1197, 24), (1201, 15), (1224, 13)
(88, 14), (177, 18), (277, 11), (291, 2), (540, 23), (546, 23), (834, 11), (1096, 9), (1134, 14), (1156, 14)
(496, 18), (546, 13), (609, 6), (624, 20), (646, 5), (661, 5), (665, 7), (692, 23), (784, 15)
(59, 18), (106, 23), (110, 13), (141, 5), (371, 5), (539, 6), (748, 7), (833, 20), (879, 15)
(391, 10), (488, 9), (703, 9), (1002, 9), (1058, 20), (1065, 24), (1089, 5), (1142, 14), (1186, 18), (1189, 13), (1356, 15)
(186, 18), (233, 13), (293, 23), (316, 5), (572, 5), (744, 6), (1012, 20), (1040, 15), (1054, 7)
(142, 20), (234, 24), (402, 2), (653, 7), (904, 19), (912, 12), (933, 18), (1067, 10)
(79, 14), (240, 18), (316, 11), (499, 2), (589, 23), (723, 23), (910, 11), (1004, 9), (1053, 14), (1054, 14)
(96, 14), (187, 18), (290, 11), (296, 2), (432, 23), (507, 23), (893, 11), (1082, 9), (1114, 14), (1127, 14)
(171, 20), (223, 24), (345, 2), (624, 7), (983, 18), (986, 12), (1011, 19), (1099, 10)
(11, 14), (48, 23), (105, 2), (108, 18), (121, 23), (144, 11), (170, 11), (283, 9), (306, 14), (621, 14)
(228, 18), (284, 13), (366, 23), (387, 5), (628, 5), (925, 6), (988, 15), (1040, 7), (1204, 20)
(398, 10), (463, 9), (561, 5), (598, 9), (685, 9), (710, 24), (752, 20), (836, 14), (907, 15), (1001, 13), (1037, 18)
(226, 14), (336, 18), (369, 23), (402, 11), (416, 2), (476, 23), (612, 11), (809, 9), (980, 14), (1058, 14)
(268, 20), (358, 24), (379, 2), (651, 18), (688, 7), (730, 10), (798, 12), (841, 19)
(317, 23), (360, 9), (562, 0), (593, 23), (626, 21), (924, 17), (1017, 17), (1071, 8), (1089, 20), (1099, 20)
(402, 18), (431, 13), (512, 23), (524, 5), (607, 5), (977, 6), (1046, 20), (1066, 15), (1073, 7)
(333, 20), (398, 24), (438, 7), (455, 2), (568, 10), (659, 12), (682, 18), (741, 19)
(121, 10), (224, 9), (230, 9), (266, 5), (282, 9), (371, 24), (620, 20), (669, 13), (703, 18), (711, 14), (851, 15)
(288, 14), (377, 18), (466, 11), (471, 2), (816, 23), (924, 23), (1057, 11), (1239, 9), (1243, 14), (1520, 14)
(208, 18), (260, 13), (309, 23), (326, 5), (363, 5), (532, 6), (687, 20), (760, 7), (903, 15)
(79, 14), (172, 18), (235, 11), (436, 2), (573, 23), (685, 23), (1013, 11), (1030, 14), (1091, 9), (1105, 14)
(33, 20), (78, 24), (132, 2), (463, 7), (487, 18), (645, 19), (665, 12), (1021, 10)
(258, 23), (405, 9), (492, 23), (898, 0), (1001, 21), (1048, 17), (1090, 20), (1109, 17), (1140, 8), (1183, 20)
(72, 18), (109, 13), (203, 5), (438, 23), (716, 5), (1014, 7), (1025, 20), (1043, 15), (1050, 6)
(160, 20), (199, 24), (247, 7), (295, 2), (541, 18), (649, 19), (793, 12), (1004, 10)
(316, 18), (353, 13), (441, 5), (728, 23), (741, 6), (775, 5), (866, 20), (903, 7), (1023, 15)
(378, 18), (427, 13), (474, 23), (494, 5), (544, 20), (583, 7), (588, 6), (594, 5), (694, 15)
(188, 20), (241, 24), (419, 2), (679, 18), (750, 7), (823, 19), (960, 12), (1030, 10)
(482, 18), (534, 13), (575, 5), (583, 23), (651, 5), (955, 6), (969, 20), (1000, 7), (1065, 15)
(199, 20), (270, 24), (382, 2), (623, 7), (988, 18), (1047, 19), (1056, 12), (1209, 10)
(211, 10), (278, 9), (528, 9), (553, 5), (937, 24), (961, 9), (1207, 20), (1272, 15), (1281, 18), (1295, 14), (1315, 13)
(80, 18), (153, 13), (279, 5), (407, 6), (454, 5), (508, 23), (670, 15), (704, 20), (724, 7)
(176, 20), (219, 24), (286, 2), (592, 7), (796, 12), (902, 18), (910, 19), (919, 10)
(363, 10), (404, 9), (662, 9), (1020, 5), (1156, 14), (1199, 20), (1234, 24), (1266, 9), (1295, 18), (1310, 13), (1398, 15)
(218, 18), (251, 13), (372, 5), (605, 23), (831, 6), (867, 5), (955, 20), (959, 15), (979, 7)
(82, 14), (206, 18), (298, 11), (452, 2), (619, 23), (727, 23), (978, 11), (1004, 14), (1038, 9), (1044, 14)
(14, 10), (89, 9), (283, 9), (569, 9), (650, 5), (857, 24), (1018, 20), (1033, 15), (1059, 13), (1099, 18), (1114, 14)
(437, 20), (480, 24), (490, 2), (756, 7), (1068, 12), (1077, 19), (1098, 18), (1103, 10)
(197, 10), (281, 9), (390, 9), (737, 5), (921, 9), (945, 24), (973, 20), (1054, 18), (1081, 13), (1094, 14), (1192, 15)
(47, 10), (91, 9), (207, 9), (576, 5), (802, 9), (1085, 24), (1333, 20), (1443, 14), (1488, 18), (1617, 15), (1625, 13)
(134, 14), (316, 18), (403, 11), (544, 23), (545, 2), (628, 11), (648, 23), (716, 9), (776, 14), (861, 14)
(166, 10), (208, 9), (465, 5), (505, 9), (628, 9), (744, 24), (1058, 13), (1087, 20), (1091, 15), (1141, 18), (1179, 14)
(301, 23), (444, 9), (717, 23), (718, 0), (810, 21), (911, 17), (983, 8), (1022, 20), (1239, 17), (1305, 20)
(52, 23), (104, 9), (298, 23), (699, 0), (912, 21), (1086, 20), (1107, 17), (1378, 8), (1400, 20), (1666, 17)
(43, 23), (113, 9), (298, 23), (695, 21), (702, 0), (796, 17), (1048, 20), (1077, 17), (1080, 8), (1105, 20)
(136, 18), (158, 13), (164, 23), (205, 5), (482, 5), (656, 6), (670, 20), (768, 7), (938, 15)
(273, 18), (343, 6), (352, 13), (362, 5), (442, 23), (450, 5), (486, 7), (567, 20), (628, 15)
(390, 18), (452, 13), (460, 23), (490, 5), (503, 6), (511, 5), (637, 15), (653, 7), (729, 20)
