(42, 6), (101, 8), (103, 12), (104, 14), (179, 7), (199, 4), (236, 6), (273, 13), (317, 0)
(49, 7), (82, 0), (208, 9), (253, 0), (314, 4), (426, 10), (480, 8), (557, 6), (624, 10), (682, 9)
(22, 7), (33, 0), (108, 0), (145, 4), (166, 9), (308, 10), (412, 8), (545, 6), (611, 10), (671, 9)
(29, 1), (100, 1), (107, 2), (177, 14), (193, 9), (270, 4), (320, 13), (351, 10), (463, 14), (522, 10), (596, 0)
(42, 4), (133, 12), (266, 10), (335, 5), (495, 8), (558, 4), (646, 12), (722, 1), (770, 12), (791, 2)
(26, 1), (100, 1), (107, 2), (171, 14), (192, 9), (254, 4), (269, 13), (332, 10), (409, 14), (470, 10), (543, 0)
(3, 6), (106, 0), (107, 3), (171, 4), (183, 11), (232, 2), (268, 4), (370, 5), (472, 11), (563, 0)
(44, 4), (105, 5), (160, 12), (221, 10), (228, 8), (318, 4), (445, 12), (523, 1), (594, 12), (615, 2)
(39, 6), (104, 0), (143, 3), (189, 11), (195, 4), (238, 2), (276, 4), (343, 5), (445, 11), (539, 0)
(35, 4), (102, 5), (154, 12), (205, 8), (254, 10), (301, 4), (411, 12), (492, 1), (547, 12), (552, 2)
(20, 6), (64, 12), (174, 7), (232, 8), (235, 14), (291, 4), (306, 6), (344, 13), (386, 0)
(22, 1), (111, 1), (213, 9), (299, 2), (365, 14), (460, 4), (477, 13), (560, 10), (654, 14), (743, 10), (803, 0)
(5, 9), (69, 11), (92, 10), (106, 3), (177, 2), (213, 2), (292, 10), (336, 1), (419, 12), (479, 14)
(35, 12), (100, 11), (215, 2), (298, 9), (414, 13), (513, 12), (627, 2), (674, 10)
(16, 7), (59, 0), (177, 9), (230, 0), (249, 4), (398, 10), (441, 8), (559, 6), (624, 10), (679, 9)
(34, 6), (138, 3), (190, 4), (224, 0), (275, 11), (326, 2), (333, 4), (402, 5), (519, 11), (611, 0)
(42, 7), (71, 0), (102, 0), (132, 4), (205, 9), (269, 10), (352, 8), (491, 6), (557, 10), (615, 9)
(3, 9), (85, 8), (237, 12), (329, 9), (424, 5), (533, 4), (566, 3), (662, 3), (761, 13), (861, 13)
(5, 9), (167, 8), (337, 12), (427, 9), (495, 5), (626, 4), (664, 3), (815, 3), (904, 13), (1015, 13)
(16, 12), (67, 11), (186, 2), (268, 9), (362, 13), (483, 12), (623, 2), (675, 10)
(8, 9), (50, 11), (70, 10), (101, 3), (162, 2), (233, 2), (317, 10), (361, 1), (454, 12), (519, 14)
(31, 4), (125, 12), (231, 10), (303, 5), (424, 8), (494, 4), (593, 12), (670, 1), (712, 12), (724, 2)
(38, 9), (101, 9), (178, 8), (196, 5), (256, 4), (348, 12), (350, 3), (432, 3), (529, 13), (656, 13)
(1, 4), (97, 1), (172, 14), (177, 9), (262, 3), (339, 0), (434, 2), (459, 11), (476, 0), (526, 5)
(4, 9), (105, 9), (129, 8), (161, 5), (244, 12), (278, 4), (321, 3), (459, 3), (571, 13), (714, 13)
(43, 7), (75, 0), (222, 9), (274, 0), (300, 4), (427, 10), (514, 8), (632, 6), (695, 10), (750, 9)
(24, 6), (97, 12), (106, 8), (109, 14), (176, 7), (183, 4), (206, 6), (228, 13), (269, 0)
(42, 7), (77, 0), (206, 9), (257, 0), (307, 4), (384, 10), (469, 8), (577, 6), (645, 10), (703, 9)
(46, 12), (96, 8), (109, 9), (119, 1), (209, 2), (308, 13), (386, 4), (442, 9), (488, 3), (574, 3)
(1, 9), (77, 11), (96, 10), (119, 3), (159, 2), (234, 2), (366, 10), (412, 1), (526, 12), (582, 14)
(1, 9), (77, 11), (93, 10), (119, 3), (175, 2), (244, 2), (376, 10), (419, 1), (529, 12), (571, 14)
(40, 4), (178, 1), (237, 14), (241, 9), (326, 3), (402, 0), (506, 2), (529, 11), (558, 0), (598, 5)
(48, 6), (131, 12), (243, 7), (298, 8), (301, 14), (364, 4), (405, 6), (444, 13), (487, 0)
(27, 12), (72, 11), (174, 2), (249, 9), (319, 13), (426, 12), (574, 2), (594, 10)
(21, 9), (87, 11), (100, 10), (124, 3), (180, 2), (217, 2), (319, 10), (364, 1), (456, 12), (497, 14)
(18, 4), (161, 1), (206, 14), (206, 9), (308, 3), (384, 0), (486, 2), (511, 11), (539, 0), (582, 5)
(14, 12), (71, 8), (103, 1), (199, 9), (281, 2), (377, 13), (458, 4), (527, 9), (568, 3), (654, 3)
(31, 4), (144, 12), (217, 10), (291, 5), (423, 8), (493, 4), (616, 12), (699, 1), (765, 12), (772, 2)
(28, 1), (105, 1), (202, 9), (288, 2), (363, 14), (446, 4), (479, 13), (557, 10), (667, 14), (718, 10), (774, 0)
(19, 12), (81, 11), (173, 2), (254, 9), (368, 13), (497, 12), (649, 2), (677, 10)
(40, 9), (79, 11), (99, 10), (123, 3), (184, 2), (228, 2), (385, 10), (430, 1), (517, 12), (571, 14)
(47, 9), (104, 9), (128, 8), (171, 5), (241, 12), (266, 4), (341, 3), (423, 3), (522, 13), (616, 13)
(23, 12), (78, 11), (106, 9), (170, 2), (209, 13), (338, 12), (475, 2), (512, 10)
(34, 12), (92, 11), (109, 9), (155, 13), (173, 2), (246, 12), (400, 2), (472, 10)
(33, 6), (107, 0), (147, 3), (162, 11), (211, 4), (224, 2), (242, 4), (341, 5), (442, 11), (529, 0)
(32, 4), (109, 9), (156, 1), (185, 14), (197, 3), (276, 0), (378, 2), (404, 11), (430, 0), (473, 5)
(29, 12), (92, 8), (139, 1), (229, 9), (262, 2), (364, 13), (429, 4), (493, 9), (544, 3), (630, 3)
(1, 9), (50, 11), (76, 10), (97, 3), (165, 2), (225, 2), (318, 10), (364, 1), (470, 12), (513, 14)
(34, 6), (106, 0), (132, 3), (183, 4), (200, 11), (261, 2), (310, 4), (415, 5), (514, 11), (596, 0)
(2, 12), (69, 8), (105, 9), (147, 1), (168, 2), (265, 13), (296, 4), (357, 9), (398, 3), (484, 3)
(33, 6), (85, 12), (184, 7), (236, 8), (239, 14), (306, 4), (322, 6), (354, 13), (398, 0)
(18, 4), (104, 9), (118, 1), (154, 14), (209, 3), (283, 0), (381, 2), (414, 11), (430, 0), (473, 5)
(6, 7), (43, 0), (108, 0), (144, 9), (160, 4), (315, 10), (387, 8), (495, 6), (559, 10), (616, 9)
(12, 12), (55, 11), (101, 9), (143, 2), (178, 13), (298, 12), (392, 2), (449, 10)
(0, 7), (31, 0), (107, 0), (128, 4), (152, 9), (223, 10), (334, 8), (478, 6), (547, 10), (604, 9)
(31, 1), (97, 1), (109, 2), (168, 14), (200, 9), (259, 4), (282, 13), (379, 10), (494, 14), (560, 10), (625, 0)
(3, 12), (55, 11), (108, 9), (142, 2), (211, 13), (308, 12), (426, 2), (449, 10)
(9, 1), (80, 1), (105, 2), (174, 14), (179, 9), (271, 4), (314, 13), (430, 10), (520, 14), (579, 10), (690, 0)
(3, 12), (38, 11), (105, 9), (153, 2), (204, 13), (310, 12), (434, 2), (471, 10)
(20, 7), (73, 0), (103, 0), (166, 4), (182, 9), (263, 10), (308, 8), (422, 6), (489, 10), (549, 9)
(36, 12), (80, 11), (104, 9), (178, 2), (205, 13), (333, 12), (425, 2), (492, 10)
(2, 4), (92, 1), (166, 14), (167, 9), (247, 3), (327, 0), (432, 2), (458, 11), (477, 0), (527, 5)
(6, 1), (81, 1), (184, 9), (274, 2), (359, 14), (457, 4), (506, 13), (564, 10), (659, 14), (747, 10), (850, 0)
(23, 4), (83, 1), (140, 14), (140, 9), (220, 3), (300, 0), (395, 2), (419, 11), (455, 0), (494, 5)
(25, 9), (180, 8), (351, 12), (441, 9), (507, 5), (629, 4), (727, 3), (864, 3), (970, 13), (1098, 13)
(45, 12), (130, 8), (154, 1), (247, 9), (299, 2), (397, 13), (455, 4), (499, 9), (547, 3), (633, 3)
(9, 4), (109, 9), (119, 1), (150, 14), (221, 3), (298, 0), (400, 2), (435, 11), (481, 0), (524, 5)
(41, 9), (87, 11), (114, 10), (135, 3), (187, 2), (217, 2), (371, 10), (415, 1), (496, 12), (538, 14)
(46, 12), (88, 8), (142, 1), (235, 9), (290, 2), (391, 13), (480, 4), (544, 9), (595, 3), (681, 3)
(0, 7), (50, 0), (151, 9), (204, 0), (260, 4), (355, 10), (408, 8), (490, 6), (556, 10), (615, 9)
(26, 6), (71, 12), (132, 7), (190, 8), (193, 14), (297, 4), (330, 6), (350, 13), (394, 0)
(41, 12), (108, 9), (154, 8), (178, 1), (187, 2), (281, 13), (341, 4), (406, 9), (451, 3), (537, 3)
(3, 6), (103, 0), (118, 3), (199, 4), (199, 11), (266, 2), (277, 4), (384, 5), (501, 11), (600, 0)
(31, 12), (87, 11), (183, 2), (261, 9), (356, 13), (478, 12), (558, 2), (635, 10)
(39, 6), (103, 8), (106, 14), (127, 12), (197, 4), (225, 7), (231, 6), (264, 13), (307, 0)
(22, 4), (101, 9), (144, 1), (193, 14), (207, 3), (281, 0), (385, 2), (416, 11), (457, 0), (500, 5)
(47, 6), (105, 0), (148, 3), (161, 11), (205, 4), (216, 2), (274, 4), (310, 5), (422, 11), (507, 0)
(49, 4), (146, 12), (211, 10), (286, 5), (382, 8), (443, 4), (563, 12), (639, 1), (682, 12), (692, 2)
(21, 9), (102, 11), (102, 3), (124, 10), (162, 2), (229, 2), (376, 10), (422, 1), (512, 12), (559, 14)
(29, 7), (64, 0), (197, 9), (248, 0), (306, 4), (398, 10), (501, 8), (629, 6), (695, 10), (752, 9)
(10, 6), (60, 12), (107, 8), (110, 14), (113, 7), (147, 4), (164, 6), (198, 13), (242, 0)
(40, 4), (103, 9), (156, 1), (195, 3), (206, 14), (276, 0), (378, 2), (414, 11), (441, 0), (481, 5)
(38, 12), (163, 8), (238, 1), (334, 9), (391, 2), (486, 13), (526, 4), (587, 9), (639, 3), (725, 3)
(10, 7), (41, 0), (179, 9), (228, 0), (245, 4), (398, 10), (506, 8), (659, 6), (729, 10), (789, 9)
(22, 7), (78, 0), (106, 0), (122, 4), (203, 9), (283, 10), (312, 8), (419, 6), (487, 10), (546, 9)
(40, 12), (86, 11), (108, 9), (176, 13), (185, 2), (301, 12), (417, 2), (442, 10)
(18, 1), (104, 1), (109, 2), (196, 14), (208, 9), (274, 4), (295, 13), (370, 10), (453, 14), (528, 10), (581, 0)
(40, 9), (157, 8), (299, 12), (390, 9), (471, 5), (549, 4), (626, 3), (717, 3), (816, 13), (943, 13)
(6, 12), (51, 11), (113, 2), (192, 9), (261, 13), (388, 12), (524, 2), (592, 10)
(7, 6), (130, 3), (211, 4), (251, 0), (323, 11), (365, 2), (418, 4), (547, 5), (651, 11), (738, 0)
(18, 9), (149, 8), (246, 12), (338, 9), (419, 5), (509, 4), (599, 3), (710, 3), (798, 13), (891, 13)
(31, 1), (99, 1), (194, 9), (278, 2), (366, 14), (450, 4), (457, 13), (495, 10), (627, 14), (678, 10), (736, 0)
(42, 12), (96, 8), (103, 9), (184, 1), (188, 2), (288, 13), (321, 4), (365, 9), (405, 3), (491, 3)
(34, 7), (67, 0), (103, 0), (164, 4), (176, 9), (261, 10), (348, 8), (495, 6), (562, 10), (623, 9)
(27, 7), (42, 0), (183, 9), (234, 0), (291, 4), (425, 10), (508, 8), (592, 6), (663, 10), (722, 9)
(2, 4), (113, 12), (209, 10), (278, 5), (398, 8), (477, 4), (603, 12), (686, 1), (731, 12), (744, 2)
(13, 6), (109, 0), (138, 3), (191, 11), (208, 4), (223, 2), (248, 4), (321, 5), (431, 11), (519, 0)
(32, 1), (119, 1), (222, 9), (304, 2), (377, 14), (470, 4), (493, 13), (545, 10), (658, 14), (734, 10), (791, 0)
(35, 4), (102, 5), (160, 12), (216, 8), (237, 10), (286, 4), (401, 12), (481, 1), (542, 12), (552, 2)
(8, 4), (106, 1), (106, 9), (158, 14), (205, 3), (283, 0), (378, 2), (405, 11), (452, 0), (491, 5)
(43, 4), (106, 9), (185, 1), (203, 3), (233, 14), (277, 0), (381, 2), (420, 11), (456, 0), (496, 5)
(0, 7), (39, 0), (148, 9), (198, 0), (260, 4), (337, 10), (411, 8), (507, 6), (569, 10), (624, 9)
(28, 4), (157, 1), (199, 14), (202, 9), (318, 3), (393, 0), (498, 2), (538, 11), (580, 0), (619, 5)
(36, 6), (119, 12), (207, 7), (264, 8), (267, 14), (304, 4), (319, 6), (356, 13), (399, 0)
(48, 9), (105, 3), (137, 11), (156, 10), (158, 2), (226, 2), (366, 10), (411, 1), (506, 12), (568, 14)
(14, 6), (135, 3), (194, 4), (231, 0), (316, 11), (361, 2), (367, 4), (442, 5), (547, 11), (643, 0)
(3, 4), (79, 1), (153, 14), (160, 9), (273, 3), (348, 0), (449, 2), (485, 11), (528, 0), (582, 5)
(30, 6), (97, 12), (106, 8), (109, 14), (155, 4), (164, 7), (182, 6), (219, 13), (261, 0)
(0, 9), (58, 11), (75, 10), (102, 3), (140, 2), (171, 2), (325, 10), (370, 1), (450, 12), (501, 14)
(37, 9), (80, 11), (93, 10), (107, 3), (159, 2), (218, 2), (358, 10), (401, 1), (504, 12), (558, 14)
(12, 12), (74, 11), (106, 9), (188, 2), (204, 13), (305, 12), (446, 2), (479, 10)
(31, 7), (73, 0), (108, 0), (150, 4), (195, 9), (308, 10), (395, 8), (462, 6), (529, 10), (584, 9)
(5, 6), (71, 12), (103, 8), (106, 14), (159, 4), (186, 7), (188, 6), (224, 13), (265, 0)
(13, 6), (107, 0), (126, 3), (164, 11), (191, 2), (203, 4), (233, 4), (334, 5), (444, 11), (528, 0)
(10, 12), (76, 11), (162, 2), (244, 9), (313, 13), (418, 12), (554, 2), (606, 10)
(2, 4), (101, 5), (128, 12), (212, 8), (269, 10), (271, 4), (396, 12), (478, 1), (520, 12), (543, 2)
(44, 7), (84, 0), (231, 9), (282, 0), (321, 4), (472, 10), (546, 8), (623, 6), (686, 10), (743, 9)
(46, 12), (88, 8), (139, 1), (229, 9), (248, 2), (350, 13), (398, 4), (464, 9), (513, 3), (599, 3)
(42, 12), (94, 11), (210, 2), (293, 9), (390, 13), (492, 12), (579, 2), (649, 10)
(36, 12), (101, 9), (138, 8), (209, 2), (237, 1), (305, 13), (374, 4), (431, 9), (470, 3), (556, 3)
(15, 6), (102, 0), (126, 3), (179, 4), (195, 11), (258, 2), (274, 4), (315, 5), (419, 11), (507, 0)
(5, 12), (58, 11), (153, 2), (235, 9), (314, 13), (412, 12), (530, 2), (557, 10)
(43, 4), (182, 1), (229, 14), (233, 9), (310, 3), (384, 0), (480, 2), (503, 11), (541, 0), (578, 5)
(47, 7), (61, 0), (193, 9), (245, 0), (300, 4), (436, 10), (483, 8), (605, 6), (674, 10), (729, 9)
(13, 6), (84, 12), (194, 7), (247, 8), (250, 14), (299, 4), (319, 6), (336, 13), (377, 0)
(48, 12), (173, 8), (197, 1), (288, 9), (352, 2), (450, 13), (512, 4), (564, 9), (613, 3), (699, 3)
(44, 4), (106, 5), (131, 12), (209, 10), (248, 8), (329, 4), (449, 12), (531, 1), (598, 12), (612, 2)
(40, 6), (107, 12), (204, 7), (261, 8), (264, 14), (352, 4), (371, 6), (397, 13), (439, 0)
(28, 1), (108, 2), (110, 1), (180, 14), (215, 9), (265, 4), (314, 13), (360, 10), (494, 14), (563, 10), (627, 0)
(42, 9), (108, 3), (141, 11), (155, 2), (156, 10), (198, 2), (309, 10), (355, 1), (430, 12), (483, 14)
(35, 4), (106, 5), (141, 12), (207, 8), (243, 10), (286, 4), (383, 12), (459, 1), (529, 12), (532, 2)
(5, 6), (117, 3), (177, 4), (213, 0), (306, 11), (346, 2), (396, 4), (460, 5), (571, 11), (659, 0)
(32, 9), (99, 11), (107, 3), (115, 10), (151, 2), (199, 2), (331, 10), (376, 1), (458, 12), (508, 14)
(27, 6), (151, 3), (228, 4), (261, 0), (336, 11), (380, 2), (423, 4), (531, 5), (649, 11), (748, 0)
(9, 4), (86, 1), (121, 14), (124, 9), (207, 3), (286, 0), (388, 2), (414, 11), (443, 0), (492, 5)
(24, 6), (125, 3), (194, 4), (227, 0), (314, 11), (369, 2), (374, 4), (448, 5), (559, 11), (645, 0)
(27, 6), (89, 12), (101, 8), (104, 14), (141, 4), (166, 6), (206, 7), (213, 13), (254, 0)
(18, 6), (101, 12), (169, 7), (222, 8), (225, 14), (283, 4), (301, 6), (347, 13), (389, 0)
(10, 9), (100, 8), (108, 9), (195, 5), (263, 12), (296, 4), (384, 3), (519, 3), (621, 13), (733, 13)
(11, 4), (108, 12), (227, 10), (299, 5), (456, 8), (549, 4), (666, 12), (743, 1), (822, 12), (843, 2)
(19, 7), (63, 0), (108, 0), (146, 4), (191, 9), (271, 10), (355, 8), (431, 6), (494, 10), (554, 9)
(29, 4), (160, 1), (195, 14), (197, 9), (298, 3), (378, 0), (474, 2), (509, 11), (529, 0), (572, 5)
(9, 12), (125, 8), (196, 1), (292, 9), (376, 2), (476, 13), (557, 4), (608, 9), (648, 3), (734, 3)
(2, 9), (119, 8), (284, 12), (372, 9), (451, 5), (543, 4), (585, 3), (703, 3), (812, 13), (904, 13)
(30, 6), (97, 12), (165, 7), (224, 8), (227, 14), (302, 4), (333, 6), (351, 13), (393, 0)
(19, 12), (72, 11), (136, 2), (214, 9), (266, 13), (392, 12), (528, 2), (567, 10)
(17, 6), (95, 12), (104, 8), (107, 14), (148, 4), (174, 7), (186, 6), (206, 13), (248, 0)
(14, 6), (98, 12), (210, 7), (269, 8), (272, 14), (363, 4), (403, 6), (420, 13), (462, 0)
(14, 4), (106, 5), (127, 12), (185, 10), (233, 8), (301, 4), (426, 12), (502, 1), (555, 12), (578, 2)
(32, 4), (106, 9), (131, 1), (193, 14), (208, 3), (281, 0), (386, 2), (428, 11), (456, 0), (502, 5)
(9, 7), (26, 0), (101, 0), (147, 4), (155, 9), (282, 10), (378, 8), (456, 6), (521, 10), (576, 9)
(28, 7), (41, 0), (162, 9), (210, 0), (268, 4), (351, 10), (437, 8), (563, 6), (630, 10), (687, 9)
(46, 12), (167, 8), (256, 1), (347, 9), (383, 2), (484, 13), (519, 4), (585, 9), (625, 3), (711, 3)
(7, 9), (103, 9), (107, 8), (173, 5), (238, 4), (263, 12), (328, 3), (458, 3), (569, 13), (685, 13)
(40, 9), (109, 11), (122, 10), (144, 3), (209, 2), (238, 2), (340, 10), (385, 1), (471, 12), (521, 14)
(2, 4), (108, 9), (144, 1), (172, 14), (202, 3), (282, 0), (382, 2), (407, 11), (448, 0), (493, 5)
(16, 6), (111, 3), (172, 4), (212, 0), (291, 11), (328, 2), (353, 4), (420, 5), (530, 11), (621, 0)
(16, 4), (85, 12), (102, 5), (151, 10), (249, 8), (327, 4), (437, 12), (514, 1), (599, 12), (604, 2)
(19, 9), (104, 9), (127, 8), (194, 5), (225, 12), (297, 4), (371, 3), (467, 3), (565, 13), (715, 13)
(38, 6), (108, 0), (154, 3), (193, 11), (225, 4), (231, 2), (287, 4), (349, 5), (467, 11), (565, 0)
(33, 1), (114, 1), (219, 9), (304, 2), (368, 14), (461, 4), (474, 13), (539, 10), (626, 14), (679, 10), (775, 0)
(38, 7), (92, 0), (232, 9), (278, 0), (320, 4), (410, 10), (474, 8), (627, 6), (694, 10), (749, 9)
(48, 6), (146, 3), (194, 4), (233, 0), (291, 11), (353, 2), (377, 4), (467, 5), (566, 11), (667, 0)
(31, 4), (104, 5), (140, 12), (202, 10), (268, 8), (343, 4), (451, 12), (531, 1), (622, 12), (625, 2)
(14, 12), (59, 8), (87, 1), (107, 9), (146, 2), (239, 13), (307, 4), (359, 9), (410, 3), (496, 3)
(12, 9), (102, 9), (112, 8), (184, 5), (244, 12), (304, 4), (379, 3), (466, 3), (557, 13), (644, 13)
(30, 9), (129, 8), (226, 12), (310, 9), (406, 5), (508, 4), (617, 3), (697, 3), (790, 13), (875, 13)
(47, 4), (169, 12), (245, 10), (321, 5), (481, 8), (560, 4), (680, 12), (760, 1), (792, 12), (802, 2)
(32, 6), (150, 3), (230, 4), (267, 0), (351, 11), (409, 2), (459, 4), (518, 5), (630, 11), (711, 0)
(43, 12), (92, 11), (108, 9), (178, 13), (201, 2), (307, 12), (399, 2), (435, 10)
(23, 4), (96, 1), (176, 14), (180, 9), (258, 3), (333, 0), (436, 2), (478, 11), (516, 0), (561, 5)
(26, 4), (145, 1), (206, 14), (214, 9), (297, 3), (376, 0), (479, 2), (510, 11), (531, 0), (580, 5)
(25, 4), (107, 9), (142, 1), (185, 3), (226, 14), (261, 0), (360, 2), (388, 11), (405, 0), (458, 5)
(1, 1), (80, 1), (106, 2), (184, 9), (197, 14), (278, 4), (305, 13), (385, 10), (513, 14), (599, 10), (675, 0)
(16, 9), (104, 3), (116, 11), (138, 10), (158, 2), (210, 2), (315, 10), (359, 1), (445, 12), (491, 14)
(49, 7), (74, 0), (103, 0), (123, 4), (189, 9), (249, 10), (286, 8), (353, 6), (418, 10), (479, 9)
(8, 6), (102, 0), (107, 3), (175, 11), (181, 4), (241, 2), (262, 4), (360, 5), (461, 11), (548, 0)
(35, 9), (65, 11), (82, 10), (109, 3), (166, 2), (197, 2), (301, 10), (346, 1), (436, 12), (477, 14)
(13, 9), (76, 11), (96, 10), (122, 3), (169, 2), (237, 2), (366, 10), (410, 1), (493, 12), (558, 14)
(25, 9), (92, 11), (104, 3), (115, 10), (160, 2), (229, 2), (342, 10), (387, 1), (489, 12), (551, 14)
(10, 1), (75, 1), (109, 2), (170, 9), (175, 14), (254, 4), (261, 13), (368, 10), (455, 14), (516, 10), (594, 0)
(41, 4), (141, 1), (180, 14), (180, 9), (296, 3), (376, 0), (473, 2), (505, 11), (523, 0), (574, 5)
(0, 12), (44, 8), (107, 9), (116, 1), (140, 2), (237, 13), (265, 4), (314, 9), (363, 3), (449, 3)
(18, 4), (155, 1), (217, 14), (224, 9), (325, 3), (405, 0), (509, 2), (541, 11), (581, 0), (626, 5)
(13, 4), (106, 9), (152, 1), (184, 3), (214, 14), (259, 0), (361, 2), (398, 11), (415, 0), (462, 5)
(13, 4), (135, 1), (156, 14), (158, 9), (240, 3), (315, 0), (413, 2), (434, 11), (449, 0), (495, 5)
(32, 7), (72, 0), (107, 0), (126, 4), (182, 9), (266, 10), (379, 8), (469, 6), (534, 10), (595, 9)
(17, 1), (90, 1), (101, 2), (181, 14), (191, 9), (278, 4), (320, 13), (415, 10), (503, 14), (560, 10), (632, 0)
(46, 4), (133, 1), (175, 14), (181, 9), (298, 3), (371, 0), (473, 2), (507, 11), (522, 0), (558, 5)
(33, 9), (60, 11), (82, 10), (106, 3), (150, 2), (217, 2), (313, 10), (358, 1), (448, 12), (513, 14)
(23, 4), (118, 12), (214, 10), (284, 5), (377, 8), (442, 4), (548, 12), (631, 1), (712, 12), (731, 2)
(36, 4), (103, 5), (133, 12), (184, 8), (236, 10), (253, 4), (351, 12), (431, 1), (470, 12), (491, 2)
(10, 9), (109, 9), (154, 8), (167, 5), (279, 12), (283, 4), (364, 3), (455, 3), (540, 13), (632, 13)
(31, 1), (107, 1), (211, 9), (294, 2), (359, 14), (440, 4), (452, 13), (491, 10), (591, 14), (676, 10), (746, 0)
(11, 4), (107, 5), (136, 12), (239, 8), (274, 10), (342, 4), (449, 12), (531, 1), (586, 12), (596, 2)
(49, 12), (106, 11), (109, 9), (202, 2), (205, 13), (302, 12), (410, 2), (492, 10)
(41, 4), (143, 12), (281, 10), (356, 5), (521, 8), (603, 4), (708, 12), (791, 1), (880, 12), (896, 2)
(5, 12), (55, 8), (93, 1), (102, 9), (160, 2), (257, 13), (281, 4), (347, 9), (389, 3), (475, 3)
(19, 12), (93, 8), (145, 1), (236, 9), (337, 2), (435, 13), (485, 4), (537, 9), (578, 3), (664, 3)
(39, 12), (77, 11), (147, 2), (225, 9), (271, 13), (387, 12), (532, 2), (576, 10)
