1, 1, 9, 2, 14, 4, 13, 10, 14, 10, 0
4, 12, 10, 5, 8, 4, 12, 1, 12, 2
1, 1, 9, 2, 14, 4, 13, 10, 14, 10, 0
9, 11, 10, 3, 2, 2, 10, 1, 12, 14
1, 1, 9, 2, 14, 4, 13, 10, 14, 10, 0
6, 12, 7, 8, 14, 4, 6, 13, 0
7, 0, 9, 0, 4, 10, 8, 6, 10, 9
12, 8, 1, 9, 2, 13, 4, 9, 3, 3
9, 8, 12, 9, 5, 4, 3, 3, 13, 13
12, 8, 1, 9, 2, 13, 4, 9, 3, 3
7, 0, 9, 0, 4, 10, 8, 6, 10, 9
1, 1, 9, 2, 14, 4, 13, 10, 14, 10, 0
9, 8, 12, 9, 5, 4, 3, 3, 13, 13
7, 0, 9, 0, 4, 10, 8, 6, 10, 9
12, 11, 2, 9, 13, 12, 2, 10
6, 3, 4, 0, 11, 2, 4, 5, 11, 0
4, 12, 10, 5, 8, 4, 12, 1, 12, 2
1, 1, 9, 2, 14, 4, 13, 10, 14, 10, 0
6, 12, 7, 8, 14, 4, 6, 13, 0
12, 8, 1, 9, 2, 13, 4, 9, 3, 3
9, 11, 10, 3, 2, 2, 10, 1, 12, 14
9, 11, 10, 3, 2, 2, 10, 1, 12, 14
9, 11, 10, 3, 2, 2, 10, 1, 12, 14
6, 3, 4, 0, 11, 2, 4, 5, 11, 0
1, 1, 9, 2, 14, 4, 13, 10, 14, 10, 0
12, 8, 1, 9, 2, 13, 4, 9, 3, 3
4, 12, 10, 5, 8, 4, 12, 1, 12, 2
12, 8, 1, 9, 2, 13, 4, 9, 3, 3
4, 1, 14, 9, 3, 0, 2, 11, 0, 5
9, 11, 10, 3, 2, 2, 10, 1, 12, 14
9, 11, 10, 3, 2, 2, 10, 1, 12, 14
4, 1, 14, 9, 3, 0, 2, 11, 0, 5
9, 11, 10, 3, 2, 2, 10, 1, 12, 14
6, 12, 7, 8, 14, 4, 6, 13, 0
7, 0, 9, 0, 4, 10, 8, 6, 10, 9
4, 1, 14, 9, 3, 0, 2, 11, 0, 5
12, 8, 1, 9, 2, 13, 4, 9, 3, 3
6, 12, 7, 8, 14, 4, 6, 13, 0
4, 1, 14, 9, 3, 0, 2, 11, 0, 5
4, 12, 10, 5, 8, 4, 12, 1, 12, 2
6, 12, 7, 8, 14, 4, 6, 13, 0
6, 12, 7, 8, 14, 4, 6, 13, 0
9, 11, 10, 3, 2, 2, 10, 1, 12, 14
1, 1, 9, 2, 14, 4, 13, 10, 14, 10, 0
12, 8, 1, 9, 2, 13, 4, 9, 3, 3
12, 8, 1, 9, 2, 13, 4, 9, 3, 3
9, 11, 10, 3, 2, 2, 10, 1, 12, 14
6, 12, 7, 8, 14, 4, 6, 13, 0
1, 1, 9, 2, 14, 4, 13, 10, 14, 10, 0
4, 1, 14, 9, 3, 0, 2, 11, 0, 5
9, 8, 12, 9, 5, 4, 3, 3, 13, 13
6, 3, 4, 0, 11, 2, 4, 5, 11, 0
6, 12, 7, 8, 14, 4, 6, 13, 0
4, 12, 10, 5, 8, 4, 12, 1, 12, 2
9, 11, 10, 3, 2, 2, 10, 1, 12, 14
9, 8, 12, 9, 5, 4, 3, 3, 13, 13
9, 8, 12, 9, 5, 4, 3, 3, 13, 13
4, 1, 14, 9, 3, 0, 2, 11, 0, 5
9, 8, 12, 9, 5, 4, 3, 3, 13, 13
6, 3, 4, 0, 11, 2, 4, 5, 11, 0
12, 8, 1, 9, 2, 13, 4, 9, 3, 3
4, 1, 14, 9, 3, 0, 2, 11, 0, 5
4, 1, 14, 9, 3, 0, 2, 11, 0, 5
6, 3, 4, 0, 11, 2, 4, 5, 11, 0
12, 8, 1, 9, 2, 13, 4, 9, 3, 3
12, 11, 2, 9, 13, 12, 2, 10
9, 8, 12, 9, 5, 4, 3, 3, 13, 13
7, 0, 9, 0, 4, 10, 8, 6, 10, 9
4, 12, 10, 5, 8, 4, 12, 1, 12, 2
4, 1, 14, 9, 3, 0, 2, 11, 0, 5
7, 0, 9, 0, 4, 10, 8, 6, 10, 9
9, 8, 12, 9, 5, 4, 3, 3, 13, 13
9, 8, 12, 9, 5, 4, 3, 3, 13, 13
6, 12, 7, 8, 14, 4, 6, 13, 0
12, 8, 1, 9, 2, 13, 4, 9, 3, 3
12, 11, 2, 9, 13, 12, 2, 10
6, 12, 7, 8, 14, 4, 6, 13, 0
4, 1, 14, 9, 3, 0, 2, 11, 0, 5
6, 3, 4, 0, 11, 2, 4, 5, 11, 0
4, 12, 10, 5, 8, 4, 12, 1, 12, 2
12, 11, 2, 9, 13, 12, 2, 10
9, 11, 10, 3, 2, 2, 10, 1, 12, 14
6, 12, 7, 8, 14, 4, 6, 13, 0
7, 0, 9, 0, 4, 10, 8, 6, 10, 9
1, 1, 9, 2, 14, 4, 13, 10, 14, 10, 0
1, 1, 9, 2, 14, 4, 13, 10, 14, 10, 0
7, 0, 9, 0, 4, 10, 8, 6, 10, 9
9, 8, 12, 9, 5, 4, 3, 3, 13, 13
7, 0, 9, 0, 4, 10, 8, 6, 10, 9
12, 11, 2, 9, 13, 12, 2, 10
4, 12, 10, 5, 8, 4, 12, 1, 12, 2
4, 12, 10, 5, 8, 4, 12, 1, 12, 2
4, 12, 10, 5, 8, 4, 12, 1, 12, 2
7, 0, 9, 0, 4, 10, 8, 6, 10, 9
9, 11, 10, 3, 2, 2, 10, 1, 12, 14
12, 8, 1, 9, 2, 13, 4, 9, 3, 3
12, 11, 2, 9, 13, 12, 2, 10
6, 12, 7, 8, 14, 4, 6, 13, 0
9, 11, 10, 3, 2, 2, 10, 1, 12, 14
1, 1, 9, 2, 14, 4, 13, 10, 14, 10, 0
12, 8, 1, 9, 2, 13, 4, 9, 3, 3
9, 11, 10, 3, 2, 2, 10, 1, 12, 14
9, 11, 10, 3, 2, 2, 10, 1, 12, 14
1, 1, 9, 2, 14, 4, 13, 10, 14, 10, 0
4, 12, 10, 5, 8, 4, 12, 1, 12, 2
4, 1, 14, 9, 3, 0, 2, 11, 0, 5
6, 12, 7, 8, 14, 4, 6, 13, 0
12, 8, 1, 9, 2, 13, 4, 9, 3, 3
1, 1, 9, 2, 14, 4, 13, 10, 14, 10, 0
9, 11, 10, 3, 2, 2, 10, 1, 12, 14
12, 8, 1, 9, 2, 13, 4, 9, 3, 3
1, 1, 9, 2, 14, 4, 13, 10, 14, 10, 0
6, 12, 7, 8, 14, 4, 6, 13, 0
4, 1, 14, 9, 3, 0, 2, 11, 0, 5
7, 0, 9, 0, 4, 10, 8, 6, 10, 9
12, 8, 1, 9, 2, 13, 4, 9, 3, 3
9, 11, 10, 3, 2, 2, 10, 1, 12, 14
12, 8, 1, 9, 2, 13, 4, 9, 3, 3
1, 1, 9, 2, 14, 4, 13, 10, 14, 10, 0
7, 0, 9, 0, 4, 10, 8, 6, 10, 9
6, 12, 7, 8, 14, 4, 6, 13, 0
9, 8, 12, 9, 5, 4, 3, 3, 13, 13
9, 8, 12, 9, 5, 4, 3, 3, 13, 13
6, 3, 4, 0, 11, 2, 4, 5, 11, 0
1, 1, 9, 2, 14, 4, 13, 10, 14, 10, 0
12, 8, 1, 9, 2, 13, 4, 9, 3, 3
1, 1, 9, 2, 14, 4, 13, 10, 14, 10, 0
9, 8, 12, 9, 5, 4, 3, 3, 13, 13
6, 3, 4, 0, 11, 2, 4, 5, 11, 0
12, 11, 2, 9, 13, 12, 2, 10
12, 11, 2, 9, 13, 12, 2, 10
6, 3, 4, 0, 11, 2, 4, 5, 11, 0
4, 12, 10, 5, 8, 4, 12, 1, 12, 2
7, 0, 9, 0, 4, 10, 8, 6, 10, 9
1, 1, 9, 2, 14, 4, 13, 10, 14, 10, 0
6, 3, 4, 0, 11, 2, 4, 5, 11, 0
7, 0, 9, 0, 4, 10, 8, 6, 10, 9
12, 11, 2, 9, 13, 12, 2, 10
12, 11, 2, 9, 13, 12, 2, 10
6, 12, 7, 8, 14, 4, 6, 13, 0
6, 12, 7, 8, 14, 4, 6, 13, 0
7, 0, 9, 0, 4, 10, 8, 6, 10, 9
1, 1, 9, 2, 14, 4, 13, 10, 14, 10, 0
12, 11, 2, 9, 13, 12, 2, 10
12, 8, 1, 9, 2, 13, 4, 9, 3, 3
6, 3, 4, 0, 11, 2, 4, 5, 11, 0
6, 12, 7, 8, 14, 4, 6, 13, 0
6, 3, 4, 0, 11, 2, 4, 5, 11, 0
4, 12, 10, 5, 8, 4, 12, 1, 12, 2
6, 3, 4, 0, 11, 2, 4, 5, 11, 0
6, 3, 4, 0, 11, 2, 4, 5, 11, 0
4, 12, 10, 5, 8, 4, 12, 1, 12, 2
4, 12, 10, 5, 8, 4, 12, 1, 12, 2
4, 12, 10, 5, 8, 4, 12, 1, 12, 2
12, 8, 1, 9, 2, 13, 4, 9, 3, 3
6, 3, 4, 0, 11, 2, 4, 5, 11, 0
9, 11, 10, 3, 2, 2, 10, 1, 12, 14
7, 0, 9, 0, 4, 10, 8, 6, 10, 9
4, 12, 10, 5, 8, 4, 12, 1, 12, 2
12, 11, 2, 9, 13, 12, 2, 10
12, 11, 2, 9, 13, 12, 2, 10
12, 11, 2, 9, 13, 12, 2, 10
4, 1, 14, 9, 3, 0, 2, 11, 0, 5
9, 11, 10, 3, 2, 2, 10, 1, 12, 14
6, 3, 4, 0, 11, 2, 4, 5, 11, 0
7, 0, 9, 0, 4, 10, 8, 6, 10, 9
9, 11, 10, 3, 2, 2, 10, 1, 12, 14
9, 11, 10, 3, 2, 2, 10, 1, 12, 14
9, 8, 12, 9, 5, 4, 3, 3, 13, 13
9, 11, 10, 3, 2, 2, 10, 1, 12, 14
4, 1, 14, 9, 3, 0, 2, 11, 0, 5
1, 1, 9, 2, 14, 4, 13, 10, 14, 10, 0
6, 12, 7, 8, 14, 4, 6, 13, 0
7, 0, 9, 0, 4, 10, 8, 6, 10, 9
6, 3, 4, 0, 11, 2, 4, 5, 11, 0
12, 11, 2, 9, 13, 12, 2, 10
6, 3, 4, 0, 11, 2, 4, 5, 11, 0
7, 0, 9, 0, 4, 10, 8, 6, 10, 9
7, 0, 9, 0, 4, 10, 8, 6, 10, 9
6, 12, 7, 8, 14, 4, 6, 13, 0
7, 0, 9, 0, 4, 10, 8, 6, 10, 9
4, 12, 10, 5, 8, 4, 12, 1, 12, 2
12, 8, 1, 9, 2, 13, 4, 9, 3, 3
9, 11, 10, 3, 2, 2, 10, 1, 12, 14
6, 12, 7, 8, 14, 4, 6, 13, 0
9, 11, 10, 3, 2, 2, 10, 1, 12, 14
4, 1, 14, 9, 3, 0, 2, 11, 0, 5
4, 12, 10, 5, 8, 4, 12, 1, 12, 2
4, 1, 14, 9, 3, 0, 2, 11, 0, 5
4, 1, 14, 9, 3, 0, 2, 11, 0, 5
1, 1, 9, 2, 14, 4, 13, 10, 14, 10, 0
9, 11, 10, 3, 2, 2, 10, 1, 12, 14
4, 12, 10, 5, 8, 4, 12, 1, 12, 2
9, 8, 12, 9, 5, 4, 3, 3, 13, 13
9, 8, 12, 9, 5, 4, 3, 3, 13, 13
4, 12, 10, 5, 8, 4, 12, 1, 12, 2
6, 12, 7, 8, 14, 4, 6, 13, 0
12, 8, 1, 9, 2, 13, 4, 9, 3, 3
12, 11, 2, 9, 13, 12, 2, 10
12, 8, 1, 9, 2, 13, 4, 9, 3, 3
