12, 14, 3, 8, 10, 1, 7, 3, 2
8, 14, 12, 11, 6, 0, 0, 13
10, 4, 1, 4, 8, 8, 14, 0, 10, 12
10, 4, 1, 4, 8, 8, 14, 0, 10, 12
6, 10, 4, 9, 10, 2, 8, 12, 14
0, 14, 5, 0, 4, 2, 2, 10, 2
8, 14, 12, 11, 6, 0, 0, 13
8, 14, 12, 11, 6, 0, 0, 13
12, 1, 2, 10, 7, 12, 1, 3, 0
8, 12, 5, 11, 13, 4, 3, 11, 1, 0, 8
6, 10, 4, 9, 10, 2, 8, 12, 14
0, 14, 5, 0, 4, 2, 2, 10, 2
0, 14, 5, 0, 4, 2, 2, 10, 2
8, 12, 5, 11, 13, 4, 3, 11, 1, 0, 8
8, 14, 12, 11, 6, 0, 0, 13
8, 14, 12, 11, 6, 0, 0, 13
8, 14, 12, 11, 6, 0, 0, 13
10, 4, 1, 4, 8, 8, 14, 0, 10, 12
10, 4, 1, 4, 8, 8, 14, 0, 10, 12
12, 1, 2, 10, 7, 12, 1, 3, 0
11, 3, 12, 11, 2, 8, 7, 8, 10, 9
11, 3, 12, 11, 2, 8, 7, 8, 10, 9
8, 12, 5, 11, 13, 4, 3, 11, 1, 0, 8
3, 14, 12, 8, 7, 3, 12, 9, 14, 7
12, 1, 2, 10, 7, 12, 1, 3, 0
8, 14, 12, 11, 6, 0, 0, 13
10, 4, 1, 4, 8, 8, 14, 0, 10, 12
12, 1, 2, 10, 7, 12, 1, 3, 0
12, 14, 8, 3, 10, 1, 7, 3, 2
8, 14, 12, 11, 6, 0, 0, 13
6, 10, 9, 4, 10, 2, 8, 12, 14
13, 6, 7, 1, 10, 13, 3, 0
12, 14, 3, 8, 10, 1, 7, 3, 2
12, 1, 2, 10, 7, 12, 1, 3, 0
12, 14, 8, 3, 10, 1, 7, 3, 2
8, 14, 12, 11, 6, 0, 0, 13
12, 1, 2, 10, 7, 12, 1, 3, 0
8, 12, 5, 11, 13, 4, 3, 11, 1, 0, 8
3, 14, 12, 8, 7, 3, 12, 9, 14, 7
0, 14, 5, 0, 4, 2, 2, 10, 2
0, 14, 5, 0, 4, 2, 2, 10, 2
8, 14, 12, 11, 6, 0, 0, 13
10, 4, 1, 4, 8, 8, 14, 0, 10, 12
0, 14, 5, 0, 4, 2, 2, 10, 2
6, 10, 4, 9, 10, 2, 8, 12, 14
12, 1, 2, 10, 7, 12, 1, 3, 0
12, 1, 2, 10, 7, 12, 1, 3, 0
6, 10, 4, 9, 10, 2, 8, 12, 14
13, 6, 1, 7, 10, 13, 3, 0
0, 14, 5, 0, 4, 2, 2, 10, 2
12, 1, 2, 10, 7, 12, 1, 3, 0
13, 6, 7, 1, 10, 13, 3, 0
12, 14, 3, 8, 10, 1, 7, 3, 2
8, 12, 5, 11, 13, 4, 3, 11, 1, 0, 8
8, 12, 5, 11, 13, 4, 3, 11, 1, 0, 8
6, 10, 4, 9, 10, 2, 8, 12, 14
8, 12, 5, 11, 13, 4, 3, 11, 1, 0, 8
8, 14, 12, 11, 6, 0, 0, 13
12, 1, 2, 10, 7, 12, 1, 3, 0
13, 6, 7, 1, 10, 13, 3, 0
6, 10, 4, 9, 10, 2, 8, 12, 14
13, 6, 7, 1, 10, 13, 3, 0
10, 4, 1, 4, 8, 8, 14, 0, 10, 12
6, 10, 4, 9, 10, 2, 8, 12, 14
6, 10, 4, 9, 10, 2, 8, 12, 14
12, 1, 2, 10, 7, 12, 1, 3, 0
12, 14, 3, 8, 10, 1, 7, 3, 2
13, 6, 1, 7, 10, 13, 3, 0
6, 10, 4, 9, 10, 2, 8, 12, 14
13, 6, 1, 7, 10, 13, 3, 0
13, 6, 7, 1, 10, 13, 3, 0
11, 3, 12, 11, 2, 8, 7, 8, 10, 9
3, 14, 12, 8, 7, 3, 12, 9, 14, 7
11, 3, 11, 12, 2, 8, 7, 8, 10, 9
13, 6, 7, 1, 10, 13, 3, 0
10, 4, 1, 4, 8, 8, 14, 0, 10, 12
8, 14, 12, 11, 6, 0, 0, 13
12, 1, 2, 10, 7, 12, 1, 3, 0
12, 1, 2, 10, 7, 12, 1, 3, 0
13, 6, 7, 1, 10, 13, 3, 0
10, 4, 1, 4, 8, 8, 14, 0, 10, 12
8, 12, 5, 11, 13, 4, 3, 11, 1, 0, 8
12, 14, 3, 8, 10, 1, 7, 3, 2
0, 14, 5, 0, 4, 2, 2, 10, 2
8, 12, 11, 5, 13, 4, 3, 11, 1, 0, 8
8, 12, 5, 11, 13, 4, 3, 11, 1, 0, 8
13, 6, 7, 1, 10, 13, 3, 0
10, 4, 1, 4, 8, 8, 14, 0, 10, 12
12, 1, 2, 10, 7, 12, 1, 3, 0
8, 14, 12, 11, 6, 0, 0, 13
10, 4, 1, 4, 8, 8, 14, 0, 10, 12
12, 14, 3, 8, 10, 1, 7, 3, 2
0, 14, 5, 0, 4, 2, 2, 10, 2
10, 4, 1, 4, 8, 8, 14, 0, 10, 12
0, 14, 5, 0, 4, 2, 2, 10, 2
8, 14, 12, 11, 6, 0, 0, 13
8, 14, 12, 11, 6, 0, 0, 13
3, 14, 12, 8, 7, 3, 12, 9, 14, 7
10, 4, 1, 4, 8, 8, 14, 0, 10, 12
11, 3, 12, 11, 2, 8, 7, 8, 10, 9
8, 12, 5, 11, 13, 4, 3, 11, 1, 0, 8
12, 14, 3, 8, 10, 1, 7, 3, 2
12, 14, 8, 3, 10, 1, 7, 3, 2
13, 6, 7, 1, 10, 13, 3, 0
12, 14, 8, 3, 10, 1, 7, 3, 2
13, 6, 1, 7, 10, 13, 3, 0
11, 3, 12, 11, 2, 8, 7, 8, 10, 9
12, 1, 2, 10, 7, 12, 1, 3, 0
10, 4, 1, 4, 8, 8, 14, 0, 10, 12
13, 6, 7, 1, 10, 13, 3, 0
10, 4, 1, 4, 8, 8, 14, 0, 10, 12
10, 4, 1, 4, 8, 8, 14, 0, 10, 12
10, 4, 1, 4, 8, 8, 14, 0, 10, 12
3, 14, 12, 8, 7, 3, 12, 9, 14, 7
12, 14, 3, 8, 10, 1, 7, 3, 2
8, 12, 5, 11, 13, 4, 3, 11, 1, 0, 8
12, 1, 2, 10, 7, 12, 1, 3, 0
13, 6, 7, 1, 10, 13, 3, 0
11, 3, 12, 11, 2, 8, 7, 8, 10, 9
3, 14, 12, 8, 7, 3, 12, 9, 14, 7
12, 14, 3, 8, 10, 1, 7, 3, 2
3, 14, 12, 8, 7, 3, 12, 9, 14, 7
3, 14, 12, 8, 7, 3, 12, 9, 14, 7
3, 14, 12, 8, 7, 3, 12, 9, 14, 7
0, 14, 5, 0, 4, 2, 2, 10, 2
13, 6, 7, 1, 10, 13, 3, 0
3, 14, 12, 8, 7, 3, 12, 9, 14, 7
12, 1, 2, 10, 7, 12, 1, 3, 0
10, 4, 1, 4, 8, 8, 14, 0, 10, 12
10, 4, 1, 4, 8, 8, 14, 0, 10, 12
3, 14, 12, 8, 7, 3, 12, 9, 14, 7
12, 1, 2, 10, 7, 12, 1, 3, 0
13, 6, 7, 1, 10, 13, 3, 0
12, 14, 3, 8, 10, 1, 7, 3, 2
10, 4, 1, 4, 8, 8, 14, 0, 10, 12
12, 14, 3, 8, 10, 1, 7, 3, 2
3, 14, 12, 8, 7, 3, 12, 9, 14, 7
6, 10, 4, 9, 10, 2, 8, 12, 14
8, 14, 12, 11, 6, 0, 0, 13
0, 14, 5, 0, 4, 2, 2, 10, 2
12, 14, 3, 8, 10, 1, 7, 3, 2
13, 6, 7, 1, 10, 13, 3, 0
12, 14, 3, 8, 10, 1, 7, 3, 2
13, 6, 7, 1, 10, 13, 3, 0
8, 12, 5, 11, 13, 4, 3, 11, 1, 0, 8
6, 10, 9, 4, 10, 2, 8, 12, 14
12, 14, 3, 8, 10, 1, 7, 3, 2
8, 14, 11, 12, 6, 0, 0, 13
11, 3, 12, 11, 2, 8, 7, 8, 10, 9
12, 1, 2, 10, 7, 12, 1, 3, 0
11, 3, 12, 11, 2, 8, 7, 8, 10, 9
11, 3, 12, 11, 2, 8, 7, 8, 10, 9
8, 14, 12, 11, 6, 0, 0, 13
12, 1, 2, 10, 7, 12, 1, 3, 0
10, 4, 1, 4, 8, 8, 14, 0, 10, 12
11, 3, 12, 11, 2, 8, 7, 8, 10, 9
8, 14, 12, 11, 6, 0, 0, 13
12, 14, 8, 3, 10, 1, 7, 3, 2
8, 14, 12, 11, 6, 0, 0, 13
3, 14, 12, 8, 7, 3, 12, 9, 14, 7
8, 12, 5, 11, 13, 4, 3, 11, 1, 0, 8
12, 1, 2, 10, 7, 12, 1, 3, 0
12, 14, 8, 3, 10, 1, 7, 3, 2
12, 1, 2, 10, 7, 12, 1, 3, 0
0, 14, 5, 0, 4, 2, 2, 10, 2
8, 12, 5, 11, 13, 4, 3, 11, 1, 0, 8
3, 14, 12, 8, 7, 3, 12, 9, 14, 7
10, 4, 1, 4, 8, 8, 14, 0, 10, 12
8, 12, 5, 11, 13, 4, 3, 11, 1, 0, 8
3, 14, 12, 8, 7, 3, 12, 9, 14, 7
10, 4, 1, 4, 8, 8, 14, 0, 10, 12
12, 8, 14, 10, 3, 1, 7, 3, 2
12, 1, 2, 10, 7, 12, 1, 3, 0
12, 14, 3, 8, 10, 1, 7, 3, 2
12, 14, 8, 10, 3, 1, 7, 3, 2
10, 4, 1, 4, 8, 8, 14, 0, 10, 12
8, 12, 5, 11, 13, 4, 3, 11, 1, 0, 8
3, 14, 12, 8, 7, 3, 12, 9, 14, 7
10, 4, 1, 4, 8, 8, 14, 0, 10, 12
8, 12, 5, 11, 13, 4, 3, 11, 1, 0, 8
12, 1, 2, 10, 7, 12, 1, 3, 0
8, 14, 12, 11, 6, 0, 0, 13
6, 10, 4, 9, 10, 2, 8, 12, 14
3, 14, 12, 8, 7, 3, 12, 9, 14, 7
0, 14, 5, 0, 4, 2, 2, 10, 2
8, 14, 12, 11, 6, 0, 0, 13
12, 14, 3, 8, 10, 1, 7, 3, 2
6, 10, 4, 9, 10, 2, 8, 12, 14
13, 6, 7, 1, 10, 13, 3, 0
8, 14, 12, 11, 6, 0, 0, 13
6, 10, 4, 9, 10, 2, 8, 12, 14
3, 14, 12, 8, 7, 3, 12, 9, 14, 7
6, 10, 4, 9, 10, 2, 8, 12, 14
13, 6, 7, 1, 10, 13, 3, 0
6, 10, 4, 9, 10, 2, 8, 12, 14
3, 14, 12, 8, 7, 3, 12, 9, 14, 7
12, 1, 2, 10, 7, 12, 1, 3, 0
13, 6, 7, 1, 10, 13, 3, 0
0, 14, 5, 0, 4, 2, 2, 10, 2
0, 14, 5, 0, 4, 2, 2, 10, 2
12, 1, 2, 10, 7, 12, 1, 3, 0
0, 14, 5, 0, 4, 2, 2, 10, 2
11, 3, 11, 12, 2, 8, 7, 8, 10, 9
12, 1, 2, 10, 7, 12, 1, 3, 0
6, 10, 4, 9, 10, 2, 8, 12, 14
0, 14, 0, 5, 4, 2, 2, 10, 2
8, 14, 12, 11, 6, 0, 0, 13
12, 14, 3, 8, 10, 1, 7, 3, 2
12, 1, 2, 10, 7, 12, 1, 3, 0
11, 3, 11, 12, 2, 8, 7, 8, 10, 9
8, 12, 5, 11, 13, 4, 3, 11, 1, 0, 8
12, 14, 3, 8, 10, 1, 7, 3, 2
0, 14, 5, 0, 4, 2, 2, 10, 2
0, 14, 5, 0, 4, 2, 2, 10, 2
8, 12, 5, 11, 13, 4, 3, 11, 1, 0, 8
0, 14, 5, 0, 4, 2, 2, 10, 2
12, 1, 2, 10, 7, 12, 1, 3, 0
6, 10, 4, 9, 10, 2, 8, 12, 14
12, 1, 2, 10, 7, 12, 1, 3, 0
12, 1, 2, 10, 7, 12, 1, 3, 0
6, 10, 9, 4, 10, 2, 8, 12, 14
10, 4, 1, 4, 8, 8, 14, 0, 10, 12
10, 4, 1, 4, 8, 8, 14, 0, 10, 12
6, 10, 4, 9, 10, 2, 8, 12, 14
8, 12, 5, 11, 13, 4, 3, 11, 1, 0, 8
13, 6, 7, 1, 10, 13, 3, 0
6, 10, 4, 9, 10, 2, 8, 12, 14
12, 1, 2, 10, 7, 12, 1, 3, 0
13, 6, 7, 1, 10, 13, 3, 0
0, 14, 5, 0, 4, 2, 2, 10, 2
10, 4, 1, 4, 8, 8, 14, 0, 10, 12
12, 1, 2, 10, 7, 12, 1, 3, 0
3, 14, 12, 8, 7, 3, 12, 9, 14, 7
6, 10, 4, 9, 10, 2, 8, 12, 14
12, 1, 2, 10, 7, 12, 1, 3, 0
0, 14, 5, 0, 4, 2, 2, 10, 2
10, 4, 1, 4, 8, 8, 14, 0, 10, 12
8, 14, 12, 11, 6, 0, 0, 13
12, 14, 8, 3, 10, 1, 7, 3, 2
6, 10, 4, 9, 10, 2, 8, 12, 14
8, 14, 12, 11, 6, 0, 0, 13
12, 1, 2, 10, 7, 12, 1, 3, 0
12, 14, 3, 8, 10, 1, 7, 3, 2
10, 4, 1, 4, 8, 8, 14, 0, 10, 12
11, 3, 11, 2, 12, 8, 7, 8, 10, 9
12, 14, 3, 8, 10, 1, 7, 3, 2
8, 12, 5, 11, 13, 4, 3, 11, 1, 0, 8
12, 14, 3, 8, 10, 1, 7, 3, 2
8, 12, 5, 11, 13, 4, 3, 11, 1, 0, 8
10, 4, 1, 4, 8, 8, 14, 0, 10, 12
6, 10, 4, 9, 10, 2, 8, 12, 14
8, 12, 5, 11, 13, 4, 3, 11, 1, 0, 8
11, 3, 12, 11, 2, 8, 7, 8, 10, 9
6, 10, 4, 9, 10, 2, 8, 12, 14
8, 12, 5, 11, 13, 4, 3, 11, 1, 0, 8
8, 12, 5, 11, 13, 4, 3, 11, 1, 0, 8
12, 14, 8, 3, 10, 1, 7, 3, 2
0, 14, 5, 0, 4, 2, 2, 10, 2
13, 6, 7, 1, 10, 13, 3, 0
11, 3, 12, 11, 2, 8, 7, 8, 10, 9
8, 12, 5, 11, 13, 4, 3, 11, 1, 0, 8
11, 3, 12, 11, 2, 8, 7, 8, 10, 9
11, 3, 12, 11, 2, 8, 7, 8, 10, 9
11, 3, 12, 11, 2, 8, 7, 8, 10, 9
0, 14, 5, 0, 4, 2, 2, 10, 2
10, 4, 1, 4, 8, 8, 14, 0, 10, 12
10, 4, 1, 4, 8, 8, 14, 0, 10, 12
10, 4, 1, 4, 8, 8, 14, 0, 10, 12
3, 14, 12, 8, 7, 3, 12, 9, 14, 7
12, 1, 2, 10, 7, 12, 1, 3, 0
6, 10, 4, 9, 10, 2, 8, 12, 14
3, 14, 12, 8, 7, 3, 12, 9, 14, 7
8, 14, 12, 11, 6, 0, 0, 13
13, 6, 7, 1, 10, 13, 3, 0
6, 10, 4, 9, 10, 2, 8, 12, 14
10, 4, 1, 4, 8, 8, 14, 0, 10, 12
11, 3, 12, 11, 2, 8, 7, 8, 10, 9
8, 14, 12, 11, 6, 0, 0, 13
10, 4, 1, 4, 8, 8, 14, 0, 10, 12
10, 4, 1, 4, 8, 8, 14, 0, 10, 12
12, 14, 3, 8, 10, 1, 7, 3, 2
10, 4, 1, 4, 8, 8, 14, 0, 10, 12
3, 14, 12, 8, 7, 3, 12, 9, 14, 7
8, 12, 5, 11, 13, 4, 3, 11, 1, 0, 8
8, 12, 5, 11, 13, 4, 3, 11, 1, 0, 8
3, 14, 12, 8, 7, 3, 12, 9, 14, 7
10, 4, 1, 4, 8, 8, 14, 0, 10, 12
3, 14, 12, 8, 7, 3, 12, 9, 14, 7
3, 14, 12, 8, 7, 3, 12, 9, 14, 7
8, 12, 5, 11, 13, 4, 3, 11, 1, 0, 8
10, 4, 1, 4, 8, 8, 14, 0, 10, 12
13, 6, 7, 1, 10, 13, 3, 0
8, 12, 5, 11, 13, 4, 3, 11, 1, 0, 8
12, 14, 3, 8, 10, 1, 7, 3, 2
13, 6, 7, 1, 10, 13, 3, 0
12, 14, 3, 8, 10, 1, 7, 3, 2
10, 4, 1, 4, 8, 8, 14, 0, 10, 12
12, 1, 2, 10, 7, 12, 1, 3, 0
8, 14, 12, 11, 6, 0, 0, 13
8, 14, 12, 11, 6, 0, 0, 13
